46.71687763883114
47.1847317935471
47.67734128552535
48.1944111492601
48.73564902236052
49.300763093273545
49.88949021182703
50.50154486521011
51.136673484291464
51.79463407390226
52.4751945796908
53.178140781237
53.90327308774174
54.65041318386854
55.41939180836836
56.21006697253325
57.02230539041062
57.8559954817335
58.711044995933314
59.58737509763847
60.484923845615796
61.4036479880808
62.34351814422564
63.304522048098114
64.28666153454523
65.28995337030976
66.31442706524253
67.360126932757
68.42711158617236
69.51544796689761
70.62521745105586
71.75651293914373
72.909438244885
74.0841033427133
75.28063371867975
76.49916140156239
77.73982586824394
79.00277779607234
80.28817258060533
81.5961753933249
82.92695667754411
84.28069432326681
85.65757226619513
87.05777794284799
88.4815094753131
89.92896290296044
91.40034288951965
92.89585726856893
94.4157172479755
95.96013934390037
97.52934054781859
99.12353508810433
100.74296398151645
102.3878244939246
104.05837830856989
105.75482558488322
107.47740381688604
109.22634191473048
111.00186954258919
112.8042199203301
114.63362047478024
116.4902985730734
118.37448674580355
120.28640960533315
122.22629373898603
124.19436467510188
126.19084441518832
128.21595216361774
130.2699090796105
132.35292622269657
134.4652171855348
136.6069989486019
138.77846806075874
140.9798420618963
143.21128844401642
145.47302419925845
147.76525480697467
150.08815050909996
152.44189362510613
154.82667007478264
157.24264742115693
159.68999941073162
162.16888694111148
164.6794814856241
167.22192694464445
169.79638325357155
172.4029919641005
175.04189548528925
177.71323014807572
180.41713086433563
183.1537222502821
185.9231280792896
188.7254665155618
191.5608511891931
194.4293912773605
197.33119159609626
200.26635270211668
203.23497100414434
206.2371388830975
209.27294482054782
212.3424735349764
215.44580612502517
218.5830202193142
221.75419013217063