80.58440048746888
81.09646986488924
81.63626512330998
82.20354133360973
82.79805371580387
83.41955815596812
84.06781670133729
84.74259862426841
85.44368334041201
86.17086463748346
86.92394329013308
87.70273988703084
88.50708660513254
89.33683464034922
90.1918492943286
91.07201259700008
91.97722423736636
92.90739871010844
93.86247076536422
94.84238386400598
95.84710321607702
96.87660759249282
97.9308893840747
99.00995687802407
100.11382895046485
101.24254325699225
102.39614405144157
103.5746904393415
104.77825391879934
106.00691294507988
107.26076238718203
108.53990138215121
109.84444464437772
111.17450623493339
112.53022089545684
113.91172059317931
115.31914831202566
116.75265591811812
118.21239924575295
119.69854434788479
121.21125537129856
122.75070916712829
124.31708067097655
125.91055587262646
127.53131954178936
129.17956079166783
130.8554756816135
132.55924740431112
134.29110343454846
136.05121708133348
137.83979628463234
139.65704575364705
141.50316895961322
143.37836991543747
145.28285104849633
147.21681782772174
149.18047089223222
151.17401953671921
153.19765758026153
155.2515869369037
157.33600878284005
159.45111219186455
161.59709594869656
163.77414673514295
165.98245323155373
168.22219825628093
170.4935626340194
172.79672893068079
175.13186313355962
177.4991333619805
179.89871145431445
182.33075119396423
184.7954108112204
187.292839434261
189.82312004448963
192.38658543649677
194.98316381159017
197.61309584124083
200.2764596526166
202.97339259123035
205.7040058591806
208.46841138441178
211.2667322098029
214.0990402969914
216.9654291339303
219.86602148345796
222.8008709565611
225.77005322670055
228.77368159783484
231.8117876492373
234.8844493581007
237.991734108604
241.13369249430343
244.310374119784
247.52181149723097
250.76811877927742
254.04926501961523
257.3653167675552
260.7163040315501
264.10226057894965
267.52321552885354
270.9791953217514
274.4702239077097
277.99632293492385