52.88656664653973
53.36394577840321
53.8667237210713
54.39461383634774
54.94733131646847
55.52459639924637
56.12613299212102
56.751676309974
57.40097308336745
58.07375732081366
58.76987222692212
59.489035138080425
60.23107262659851
60.99580650305635
61.7830721841796
62.59272642985543
63.42464323736342
64.27870595653337
65.15483123816288
66.05293180702576
66.97296156773677
67.91486985894018
68.87863133554823
69.86423281115741
70.87168386492377
71.90099770026863
72.95226600695675
74.02536030337626
75.12051206852661
76.23773467304801
77.3771098250539
78.5387108614406
79.72270071237158
80.92913323356296
82.1581553224936
83.40989498060395
84.68449458492192
85.98210657504552
87.30288360550442
88.64699071610265
90.01459920885551
91.40588510988584
92.82103245733191
94.260228890295
95.72366627940842
97.2115448256591
98.72406596523106
100.26143508833225
101.82386217576637
103.4115595002022
105.02474321370217
106.66363033098281
108.32844148266236
110.0193973480569
111.73672141842866
113.48064014518117
115.25137501574689
117.04915246150307
118.87419842265572
120.726735377044
122.60699344574036
124.51519146324443
126.45155451278345
128.4163024370377
130.40965648325133
132.4318317246819
134.4830474374537
136.56349794767542
138.6734405896936
140.81304226484676
142.98251978609466
145.18206925831254
147.41189172413272
149.6721818377143
151.96312786495935
154.28493396468514
156.63773336163047
159.02175124786973
161.43714384308163
163.88408121397075
166.3627251191152
168.8732385158057
171.41577297009889
173.99047769945275
176.5975000977927
179.23697625989283
181.90904345064604
184.6137704637132
187.35147176951406
190.12207607621346
192.9257652521281
195.76264837542604
198.63283313276935
201.5364217495992
204.4735120500876
207.44419756502649
210.44856764857943
213.48670760379994
216.55869881631958
219.6646188954175
222.80454182206796
225.978538103099
229.1866749309783
232.42901634858825