37.2400457131048
37.691211512093666
38.166001711935905
38.66409393921605
39.18523788214343
39.72908926877454
40.295383158926626
40.883849701089325
41.49422767846689
42.12627372449778
42.77975969850009
43.454472176896
44.1502137972812
44.866808833367905
45.60409168372882
46.36191881882176
47.14016204131142
47.938711472040104
48.75747418238498
49.596373048903914
50.4553488733689
51.33435812428808
52.23337190733146
53.15237785895729
54.09137813890055
55.050388485013315
56.0294413240095
57.02857785809842
58.04785515039519
59.08734329795113
60.147120613511674
61.22728086681247
62.3279254391227
63.449167610779696
64.59112795134742
65.75393864112714
66.93775187539774
68.1426996810011
69.36895012917212
70.61665871996712
71.88601116807143
73.17717430900454
74.49033547455286
75.8256858216006
77.18342082536847
78.56374104954364
79.96685969106942
81.39297746710643
82.84231242556227
84.31508193417719
85.81150808059108
87.33181467970815
88.87620477209126
90.44497652022523
92.03829708193454
93.65640472382061
95.29957232177152
96.96799796541133
98.66193111625223
100.38161135726054
102.12727059787007
103.89914887404332
105.6974809497445
107.52250483452937
109.37445507208488
111.25356574528512
113.16005703774742
115.09419446717604
117.0561733516996
119.04623109324382
121.06458471841955
123.11143674649885
125.18710322477202
127.29170397901142
129.42547093191635
131.58862093218409
133.78132812333237
136.0038898417757
138.25641071369202
140.53911384914844
142.8521739369626
145.19582900749927
147.57020999916685
149.9755091130504
152.4119015803492
154.87955386721524
157.37863080367015
159.90929121828438
162.4716896014871
165.06597580371988
167.69229504194016
170.35078791871422
173.04159045362383
175.76483412667037
178.52064593331914
181.30914845077766
184.13045991510708
186.98469430866936
189.87196145742607
192.79236713769853
195.7460131917015
198.73299765146086
201.7534148705293
204.80735566298392