-0.00000000000000E+00
-0.00000000000000E+00
-0.00000000000000E+00
-0.00000000000000E+00
-0.00000000000000E+00
-0.00000000000000E+00
-0.00000000000000E+00
-0.00000000000000E+00
-0.00000000000000E+00
-0.54995416455747E-16
-0.46457423091146E-17
 0.23778853194941E-16
 0.13108806737623E-16
-0.14696406138093E-16
-0.32546163598426E-16
-0.24974592011464E-15
-0.88243680320800E-15
-0.30529827477148E-14
-0.90233197008308E-14
-0.23979469594342E-13
-0.57736498211385E-13
-0.12796375766604E-12
-0.26379076688974E-12
-0.51088603518212E-12
-0.93622846144608E-12
-0.16340478605446E-11
-0.27312927904955E-11
-0.43926576802499E-11
-0.68251478690957E-11
-0.10281279592106E-10
-0.15061008204809E-10
-0.21512682174328E-10
-0.30032039422415E-10
-0.41060293565498E-10
-0.55080633017531E-10
-0.72613922467873E-10
-0.94213293223870E-10
-0.12045829825106E-09
-0.15194843636144E-09
-0.18929658768477E-09
-0.23312240985636E-09
-0.28404586869417E-09
-0.34268106630559E-09
-0.40963057741876E-09
-0.48548019700869E-09
-0.57079442290395E-09
-0.66611241585053E-09
-0.77194473490198E-09
-0.88877069822844E-09
-0.10170363356784E-08
-0.11571529990306E-08
-0.13094965369271E-08
-0.14744069609598E-08
-0.16521886312239E-08
-0.18431107737945E-08
-0.20474084468214E-08
-0.22652837330743E-08
-0.24969071890070E-08
-0.27424194773760E-08
-0.30019331286767E-08
-0.32755344010357E-08
-0.35632851312325E-08
-0.38652246330665E-08
-0.41813715308972E-08
-0.45117255055760E-08
-0.48562689827329E-08
-0.52149686741923E-08
-0.55877769821162E-08
-0.59746332784990E-08
-0.63754649994812E-08
-0.67901886098995E-08
-0.72187103833574E-08
-0.76609270511516E-08
-0.81167262905581E-08
-0.85859870786461E-08
-0.90685799355373E-08
-0.95643670429641E-08
-0.10073202290718E-07
-0.10594931239226E-07
-0.11129391027815E-07
-0.11676410253659E-07
-0.12235808824113E-07
-0.12807397807695E-07
-0.13390979309789E-07
-0.13986346350110E-07
-0.14593282801129E-07
-0.15211563357281E-07
-0.15840953562450E-07
-0.16481209886148E-07
-0.17132079869210E-07
-0.17793302305339E-07
-0.18464606615951E-07
-0.19145717483259E-07
-0.19836346458107E-07
-0.20536200997302E-07
-0.21244980446149E-07
-0.21962377230019E-07
-0.22688077143909E-07
-0.23421759574505E-07
-0.24163097654688E-07
-0.24911758300096E-07
-0.25667402115130E-07
-0.26429683131693E-07
-0.27198248354263E-07
-0.27972737080462E-07
-0.28752779966062E-07
-0.29537997812466E-07
-0.30328000043460E-07
-0.31122382862146E-07
-0.31920727074565E-07
-0.32722595570335E-07
-0.33527530490523E-07
-0.34335050093560E-07
-0.35144645385200E-07
-0.35955776576955E-07
-0.36767869480669E-07
-0.37580311971735E-07
-0.38392450680981E-07
-0.39203588113659E-07
-0.40012980406998E-07
