 0.00000000000000E+00
 0.00000000000000E+00
 0.00000000000000E+00
 0.00000000000000E+00
 0.00000000000000E+00
 0.00000000000000E+00
 0.00000000000000E+00
 0.00000000000000E+00
 0.00000000000000E+00
-0.12888895097840E-14
-0.34434873014867E-14
 0.58759960847931E-14
 0.89461243604396E-14
 0.44946200464808E-14
 0.18694402092238E-13
-0.12004515233667E-13
-0.19482548297780E-13
-0.21793472212247E-13
-0.10339029501346E-12
 0.11493715062351E-13
-0.18761060380421E-13
 0.12603231849508E-12
 0.16891354292296E-12
 0.73684094710633E-12
 0.58892987435818E-12
 0.16278348845921E-11
 0.27653112667476E-11
 0.52981597963094E-11
 0.69338889475209E-11
 0.10484400028555E-10
 0.15479220662281E-10
 0.23028184890938E-10
 0.32104154379742E-10
 0.43329170189897E-10
 0.56283273193802E-10
 0.77239262734459E-10
 0.98455453227337E-10
 0.12573297268136E-09
 0.16006555338822E-09
 0.20144466004992E-09
 0.25217336188122E-09
 0.31196802889654E-09
 0.37954880751972E-09
 0.45891911924201E-09
 0.55361435074198E-09
 0.66877260689026E-09
 0.79954922530140E-09
 0.95225025326610E-09
 0.11391969164681E-08
 0.13477643532321E-08
 0.15994517298730E-08
 0.18880799757162E-08
 0.22208348692508E-08
 0.26107669515367E-08
 0.30699048839272E-08
 0.35980291838571E-08
 0.41918567948937E-08
 0.48965460516494E-08
 0.56778844925285E-08
 0.65733579906653E-08
 0.75926445734424E-08
 0.87321461417037E-08
 0.10016689706347E-07
 0.11438918180285E-07
 0.13021813980640E-07
 0.14785661332432E-07
 0.16688299914877E-07
 0.18789967347333E-07
 0.21082656911189E-07
 0.23487494361363E-07
 0.26115143881695E-07
 0.28895340220923E-07
 0.31837772072024E-07
 0.34952054722774E-07
 0.38194747958259E-07
 0.41571775556727E-07
 0.45057353133852E-07
 0.48614933193262E-07
 0.52241233257079E-07
 0.55899824795994E-07
 0.59396802266955E-07
 0.62829112201442E-07
 0.66014120474251E-07
 0.68775310527182E-07
 0.70958117449982E-07
 0.72386512524623E-07
 0.72691013661333E-07
 0.71512945215937E-07
 0.68468477956166E-07
 0.62797725628226E-07
 0.53829496502923E-07
 0.15025371889736E-06
 0.21924527728660E-07
-0.35177474539651E-08
-0.37471417951300E-07
-0.82025784912570E-07
-0.13935043295645E-06
-0.21196585846240E-06
-0.30286546565631E-06
-0.41498996976282E-06
-0.55135556188730E-06
-0.71450917123454E-06
-0.90677165212087E-06
-0.11288592392061E-05
-0.13796997436270E-05
-0.16556043738548E-05
-0.19489879696798E-05
-0.22476799332466E-05
-0.25333163164831E-05
-0.27809598610642E-05
-0.29580688019285E-05
-0.30257374810497E-05
-0.29396048008464E-05
-0.26529636176054E-05
-0.21217275669861E-05
-0.13114962574784E-05
-0.20490499460312E-06
 0.11895793456140E-05
 0.28297298270491E-05
 0.46337938469119E-05
