0.
0.
0.
0.
0.
0.
0.
1.9859446137283985e-12
3.971889227456797e-12
4.096010765814822e-12
7.695535378197545e-12
2.556903690175313e-11
1.5713786756125952e-10
8.832488669557052e-10
4.1364743873195376e-9
1.6087764951198683e-8
5.3919265113494523e-8
1.5930800853791123e-7
4.2316507829324713e-7
1.0263417618440624e-6
2.301962270520234e-6
4.824370599241238e-6
9.529310833666694e-6
0.00001786838672320293
0.00003199969560751324
0.00005501454112294725
0.00009119879629822608
0.0001463259941012763
0.00022797816721778705
0.00034588953661903414
0.0005123079733410247
0.000742368689834695
0.0010544750567612602
0.0014706814284464198
0.002017073970474282
0.0027241453909278095
0.003627160742449916
0.004766511968466983
0.006188059466175335
0.00794345979309567
0.010090479071474975
0.012693292149866047
0.01582276818196295
0.019556743241562393
0.023980281197241163
0.02918592390426511
0.03527393194799428
0.042352517113098044
0.050538067545238784
0.05995536654991317
0.07073780550867721
0.08302759138578236
0.09697594872356702
0.11274331590579126
0.13049953505812925
0.15042403455250733
0.1727060030690674
0.19754455356667694
0.2251488755774501
0.2557383739579953
0.2895427922217887
0.3268023184589096
0.36776767195735927
0.41270016878801263
0.461871764645788
0.5155650735083415
0.5740733609933304
0.6377005113890022
0.7067609677626969
0.7815796446424628
0.862491813237649
0.9498429589733212
1.0439886117454937
1.14529414884666
1.2541345708993576
1.370894250675011
1.4959666547145174
1.6297540370813124
1.7726671042149724
1.9251246492919993
2.087553153636808
2.2603863520704404
2.4440647581674013
2.63903514462804
2.8457499728364377
3.0646667654763005
3.2962474151669166
3.540957422297829
3.79926505558643
4.0716404299527404
4.358554498349042
4.6604779569088555
4.97788006682552
5.311227401095152
5.660982530039153
6.027602665702004
6.411538291535715
6.813231809467356
7.233116241008618
7.671614021521436
8.129135926868548
8.606080168624949
9.102831688393076
9.61976167318888
10.157227303710437
10.715571736115912
11.295124306910989
11.896200940863249
12.519104734012343
13.164126678768767
13.83154649540257
14.521633534329602
15.234647715711194
15.97084047641386
16.730455699267907
17.513730604412384
18.320896587844057
19.152179996841397
20.00780283626206
20.887983403115733