0.
0.
0.
0.
0.
0.
0.
1.9859446137283985e-12
3.971889227456797e-12
4.2201323041728465e-12
1.0674452298790142e-11
5.386874764738281e-11
3.4927800893948206e-10
1.908368652254633e-9
8.44932548064583e-9
3.14778427352869e-8
1.0142839750002721e-7
2.893563503525318e-7
7.448287756219126e-7
1.7561616369261843e-6
3.839394698364217e-6
7.861554514192935e-6
0.00001520231069274943
0.000027956502776402056
0.00004917787385865639
0.00008316234038663132
0.00013576770665374929
0.00021476483392443425
0.0003302147382999295
0.0004948654807563789
0.0007245622288364373
0.0010386644184652396
0.0014604643853653836
0.00201760226289604
0.0027424729760807415
0.0036726219395822107
0.0048511269630436
0.00632696467599147
0.008155360604442708
0.01039812266971466
0.013123958483168427
0.01640877726638958
0.020335977540710367
0.02499672190523715
0.030490200401405886
0.03692388399498075
0.0444137693192758
0.05308461605921073
0.06307017774128564
0.07451342655802652
0.08756677238999713
0.10239227591354347
0.11916185523286957
0.13805748496031056
0.15927138656316608
0.1830062082792354
0.2094751925742738
0.23890232918496665
0.27152249129341355
0.3075815526391514
0.34733648312985094
0.3910554208651979
0.43901771834361814
0.4915139612001613
0.5488459577781818
0.6113266983112261
0.6792802828249269
0.7530418169179816
0.832957275337314
0.9193833329028184
1.0126871629609153
1.1132462033901311
1.2214478902017705
1.3376893585617895
1.4623771109354773
1.5959266514510986
1.7387620850269192
1.8913156793242027
2.0540273864353065
2.2273443206414387
2.4117201873356677
2.6076146575167733
2.8154926812966
3.0358237334249294
3.269080983427273
3.515740383533865
3.776279668522583
4.051177263473114
4.340911098680202
4.645957335020527
4.966789008387869
5.303874608319285
5.65767661277895
6.0286500084360375
6.417240832264824
6.823884775665544
7.24900589528895
7.693015474759755
8.15631107832115
8.639275830398018
9.142277945395389
9.665670519873414
10.209791586227094
10.774964414210006
11.361498035440643
11.969687957269706
12.599817026878489
13.252156403903463
13.926966600663002
14.624498551876535
15.344994680588774
16.088689932821183
16.855812759461084
17.646586030041327
18.46122786839438
19.299952404955707
20.162970444242102
21.05049004919393
21.96271704608702
22.899855455451615