0.
0.
0.
0.
0.
0.
0.
0.
0.00001525971701512921
0.
0.00001525971701512921
4.768661567227877e-6
0.00007725231738909162
0.0003614645467958731
0.001970410959578559
0.009135801830495168
0.03567340345211831
0.12085695875982333
0.36262047035976913
0.9813762445507954
2.4307432129154543
5.5752329847088005
11.957807048875475
24.180455070139338
46.4182890328493
85.08695557660538
149.67588044534978
253.75641122929457
416.16671817769696
662.3686205208508
1025.9698443379698
1550.394181417314
2290.684629873972
3315.4179440541106
4708.70846618228
6572.279598611855
9027.579746705787
12217.922556140576
16310.630940342458
21499.168720848294
28005.244100136344
36080.873238880595
46010.39383283487
58112.42206567569
72741.74765794196
90291.16489860049
111193.2392605774
135922.00960216275
164994.62973011474
198972.95189954064
238465.05637544667
284126.73148985853
336662.9088868754
396829.0574768372
465432.5407995977
543333.9400477124
631448.345002256
730746.6139866459
842256.6028804354
967064.3617405435
1.1063152964062018e6
1.2612152917028235e6
1.4330317912014592e6
1.6230948280727663e6
1.8327980004537858e6
2.063599383919889e6
2.31702237431805e6
2.5946564529071804e6
2.8981578663397e6
3.229250214884525e6
3.5897249416860268e6
3.9814417180718808e6
4.406328719855997e6
4.866382790644195e6
5.363669489780236e6
5.900323023933654e6
6.4785460607175585e6
7.100609426452791e6
7.768851688745029e6
8.485678625888214e6
9.253562586189149e6
1.0075041739360122e7
1.0952719222154042e7
1.1889262179991271e7
1.2887400704090774e7
1.394992666384044e7
1.5079692428724239e7
1.6279609475006124e7
1.7552646865165032e7
1.890182958754133e7
2.0330236736387633e7
2.184099950967949e7
2.3437298995176487e7
2.5122363711850103e7
2.6899466867157467e7
2.877192328736618e7
3.0743085974782854e7
3.28163422438125e7
3.499510938898333e7
3.728282984168808e7
3.968296578068559e7
4.219899317267873e7
4.483439523772587e7
4.759265535487447e7
5.047724945254076e7
5.34916379571254e7
5.663925740862589e7
5.9923511884342685e7
6.334776440307115e7
6.691532850679629e7
7.062946023367444e7
7.449335069782025e7
7.851011948476776e7
8.268280904473275e7
8.701438023192084e7
9.150770908969043e7
9.616558492922178e7
1.0099070969413672e8
1.0598569855239253e8
1.1115308161081609e8