0.
0.
0.
0.
0.
0.
0.
0.00001525971701512921
0.00003051943403025842
0.00003242689865714957
0.00008011351432942835
0.00037672426381100233
0.0025369279537652313
0.0138930186099617
0.06178754792657161
0.2309624931501747
0.7459912946631738
2.133500138910066
5.50379080457322
13.002266009834502
28.476409707263365
58.4020662126199
113.10105880464302
208.26879326255172
366.81605325449385
621.0137955282445
1014.9160076653537
1607.0259058664085
2473.1630087898848
3709.483198637668
5435.603502048587
7797.785734396607
10972.132410040298
15167.759214600712
20629.90914506348
27642.98316396917
36533.4667785186
47672.74058288257
61479.7663126939
78423.64724816832
99026.06444032445
123863.59565578755
153569.924728213
188837.95151458922
230421.81439238033
279138.83536224475
335871.3980823906
401568.768964158
477248.86666972935
563999.9861759399
662982.4783035578
775430.383964308
902653.0198095115
1.0460365068598391e6
1.2070452341124576e6
1.3872232432602055e6
1.5881955213727425e6
1.8116691842008135e6
2.0594345343107765e6
2.333365975496441e6
2.6354227654283703e6
2.967649591433518e6
3.3321769509648047e6
3.7312213250468737e6
4.1670851312523186e6
4.642156446736867e6
5.158908493725594e6
5.719898882722518e6
6.327768609577143e6
6.9852408057212625e6
7.695119241774412e6
8.460286584181277e6
9.283702406498613e6
1.0168400953400364e7
1.1117488656380454e7
1.213414139392212e7
1.322160148687583e7
1.4383174414592987e7
1.562222522919285e7
1.694217464152714e7
1.8346494742698744e7
1.9838704319256093e7
2.1422363712686636e7
2.310106917122524e7
2.487844663616989e7
2.675814491058804e7
2.8743828162376903e7
3.083916772856986e7
3.3047833208521005e7
3.53734828649032e7
3.781975338863241e7
4.039024913292381e7
4.308853097287329e7
4.591810500244781e7
4.888241133278674e7
5.198481329809618e7
5.522858740265505e7
5.861691434741867e7
6.215287145615105e7
6.5839426772930026e7
6.967943503365162e7
7.367563562479018e7
7.783065254466538e7
8.214699628297968e7
8.6627067447785e7
9.12731618964806e7
9.608747708051828e7
1.0107211928953326e8
1.0622911148032975e8
1.1156040139498739e8
1.1706786970611094e8
1.227533379695711e8
1.2861857621080318e8
1.3466531001805386e8
1.4089522705658367e8
1.4730998295640364e8
1.5391120655637637e8
1.6070050451183882e8
1.6767946529098496e8
1.7484966259830603e8