0.
0.
0.
0.
0.
0.
0.00001525971701512921
0.00001525971701512921
0.00003051943403025842
0.00007152992350841816
0.00018407033649499608
0.0012818162292708537
0.008174439658542029
0.04171148272854225
0.17271806076805338
0.6052404335771892
1.8475502092281866
5.024039607602259
12.389394764017434
28.105304834243185
59.335518362152364
117.69761937590962
221.0936431262421
395.92029922130456
679.6382454118552
1123.6648931279242
1796.5407243683337
2787.310418672905
4209.05718383857
6202.527859062148
8939.790304783126
12627.870831862858
17512.327267184846
23880.72122214803
32065.96380278953
42449.516717875216
55464.43866490457
71598.27488532761
91395.79381167494
115461.57815415473
144462.48338316983
179129.9768312541
220262.3724452484
268726.97683183453
325462.1589587046
391479.35696566844
467865.0293636288
555782.5573414249
656474.1002310647
771262.4010355363
901552.5371246381
1.0488336052186552e6
1.214680327374386e6
1.4007545608635652e6
1.6088066924093363e6
1.8406768949336258e6
2.0982962241671416e6
2.383687531353077e6
2.698966169664234e6
3.0463404713533944e6
3.428111977026753e6
3.846675397015851e6
4.30451829182575e6
4.80422045802393e6
5.348453010685912e6
5.939977155730037e6
6.581642648390387e6
7.276385934408728e6
8.027227973421847e6
8.837271741898663e6
9.709699413197925e6
1.0647769209230132e7
1.165481191428363e7
1.2734227036471397e7
1.3889478595546534e7
1.5124090509026691e7
1.6441641539801896e7
1.78457597598396e7
1.9340116478036188e7
2.092841957366242e7
2.261440617421522e7
2.4401834618440423e7
2.6294475653701093e7
2.8296102833748154e7
3.041048210929869e7
3.264136064164289e7
3.499245491889431e7
3.7467438314176075e7
4.0069928289671965e7
4.280347352128786e7
4.567154127956678e7
4.8677505453705594e7
5.182463563186462e7
5.511608764948297e7
5.8554895979735486e7
6.214396826997133e7
6.588608222649428e7
6.978388492931935e7
7.383989452989076e7
7.805650416207966e7
8.243598779348452e7
8.69805076684982e7
9.169212295053147e7
9.657279916103399e7
1.0162441802977128e8
1.0684878741057655e8
1.1224765097074248e8
1.178226974229604e8
1.2357556912939811e8
1.2950786996577507e8
1.356211723818465e8
1.419170236374298e8
1.4839695122421542e8
1.5506246750866553e8
1.6191507364644304e8
1.6895626283037692e8
1.761875229380257e8
1.8361033864723992e8
1.9122619308627635e8
1.9903656908267522e8