0.
0.
0.
0.
0.
0.
0.000045779151045387627
0.00001525971701512921
0.00003147316634370399
0.00008869710515043852
0.00039007651619924036
0.002886947712799757
0.017745143423968376
0.085359042053379
0.3369946368298
1.1327240253714739
3.332552431752426
8.770108434621477
21.002275658105845
46.402963508304545
95.65414079896287
185.66563022971178
341.928881586359
601.2861001323474
1015.0737902780933
1652.5826865930578
2604.7647510810816
3988.114043486319
5948.646617625275
8665.911228041236
12356.967903509578
17280.283847211245
23739.505291620306
32087.076260280606
42727.68512272212
56121.530170087244
72787.40429348809
93305.6045027481
118320.67918857287
148544.0283706996
184756.37423940573
227810.1219930045
278631.6269530197
338223.3852052888
407666.1610305494
488121.0587257554
580831.546280987
687125.429425083
808416.7725836737
946207.7565666101
1.1020904588867214e6
1.2777485391087695e6
1.4749588060061734e6
1.6955926423111921e6
1.941617259994507e6
2.2150967578351405e6
2.5181929539391138e6
2.8531659646921586e6
3.2223745064147557e6
3.6282758950073468e6
4.0734257247828837e6
4.560477209476908e6
5.092180171606975e6
5.671379671387091e6
6.301014266794744e6
6.984113900166857e6
7.723797408183073e6
8.523269649599783e6
9.385818247373052e6
1.0314809935383148e7
1.1313686497388965e7
1.238596027978042e7
1.353520925164374e7
1.4765071576091375e7
1.6079239650438372e7
1.748145356043517e7
1.8975493889100205e7
2.056517381345306e7
2.2254330423978657e7
2.40468152067984e7
2.5946483644398138e7
2.7957183917733267e7
3.0082744730568275e7
3.2326962331669148e7
3.469358687522011e7
3.7186308336981244e7
3.980874228403208e7
4.2564415873050354e7
4.5456754516535364e7
4.848906969466978e7
5.166454839575854e7
5.498624463090108e7
5.8457073389620334e7
6.207980728584266e7
6.5857075999178596e7
6.979136846174525e7
7.388503759223498e7
7.814030725235125e7
8.255928100936334e7
8.714395223661621e7
9.189621507350263e7
9.681787578965873e7
1.0191066414918897e8
1.0717624443862048e8
1.1261622589642939e8
1.1823217235723066e8
1.2402561099189061e8
1.2999804008317971e8
1.3615093582490444e8
1.4248575816882905e8
1.4900395576846626e8
1.5570697008826715e8
1.625962387541755e8
1.696731982273751e8
1.7693928588256603e8
1.843959415688011e8
1.9204460872761276e8
1.9988673513561407e8
2.079237733338689e8
2.161571807991671e8