-0.00000000000000E+00
-0.00000000000000E+00
-0.00000000000000E+00
-0.00000000000000E+00
-0.00000000000000E+00
-0.00000000000000E+00
-0.00000000000000E+00
-0.00000000000000E+00
-0.00000000000000E+00
-0.00000000000000E+00
-0.00000000000000E+00
-0.00000000000000E+00
-0.00000000000000E+00
-0.00000000000000E+00
-0.00000000000000E+00
-0.00000000000000E+00
-0.00000000000000E+00
-0.00000000000000E+00
-0.51029015258830E-17
-0.13748854113937E-16
-0.62743359165426E-32
-0.32376648990712E-17
-0.17173093764666E-18
-0.61678184516944E-18
 0.50432793850973E-18
 0.23695493369312E-17
-0.20309092041676E-17
-0.57794185385649E-18
-0.12503965791704E-17
-0.73449720028250E-17
-0.14949797600627E-16
-0.31773204244156E-16
-0.65363340414765E-16
-0.13102832811393E-15
-0.25379876668343E-15
-0.47095954855053E-15
-0.84182660419952E-15
-0.14553279209109E-14
-0.24652908117544E-14
-0.40367041762511E-14
-0.64686933294087E-14
-0.10101260243509E-13
-0.15459861559481E-13
-0.23172933556351E-13
-0.34083571077965E-13
-0.49274182674184E-13
-0.70076004495726E-13
-0.98145172417837E-13
-0.13548462773066E-12
-0.18452633870166E-12
-0.24812888825117E-12
-0.32968567472919E-12
-0.43312813822569E-12
-0.56299553529527E-12
-0.72447057690596E-12
-0.92341625762669E-12
-0.11664303570226E-11
-0.14608682895271E-11
-0.18148728222034E-11
-0.22373709473970E-11
-0.27381506530249E-11
-0.33278168099949E-11
-0.40178194267021E-11
-0.48204345659206E-11
-0.57487862440117E-11
-0.68168026611014E-11
-0.80392060529185E-11
-0.94314905362721E-11
-0.11009878828610E-10
-0.12791305329126E-10
-0.14793348110178E-10
-0.17034203209829E-10
-0.19532627502267E-10
-0.22307891297572E-10
-0.25379718107409E-10
-0.28768234304436E-10
-0.32493897363178E-10
-0.36577453749485E-10
-0.41039873714115E-10
-0.45902285422434E-10
-0.51185916841674E-10
-0.56912046104355E-10
-0.63101935668418E-10
-0.69776776644855E-10
-0.76957640815991E-10
-0.84665425654826E-10
-0.92920800978282E-10
-0.10174417190862E-09
-0.11115562561433E-09
-0.12117489487647E-09
-0.13182132082185E-09
-0.14311381640607E-09
-0.15507083518045E-09
-0.16771034423941E-09
-0.18104979686574E-09
-0.19510611387404E-09
-0.20989566249169E-09
-0.22543424169394E-09
-0.24173706835029E-09
-0.25881877022302E-09
-0.27669337821091E-09
-0.29537431876880E-09
-0.31487441859159E-09
-0.33520590089984E-09
-0.35638039133682E-09
-0.37840891837144E-09
-0.40130193038138E-09
-0.42506929315794E-09
-0.44972031035590E-09
-0.47526372923323E-09
-0.50170775863734E-09
-0.52906007955865E-09
-0.55732786616350E-09
-0.58651779572678E-09
-0.61663607245100E-09
-0.64768844001199E-09
-0.67968020330252E-09
-0.71261624459472E-09
-0.74650104146212E-09
-0.78133868872649E-09
