 0.00000000000000E+00
 0.00000000000000E+00
 0.00000000000000E+00
-0.24129946145320E-08
-0.30060841370952E-08
 0.49903519003004E-08
-0.44549659731153E-08
 0.43476527137467E-07
 0.14820052449822E-06
 0.12538310415388E-05
 0.63937585051808E-05
 0.24332162594511E-04
 0.74167282939803E-04
 0.19000900564840E-03
 0.42620186558369E-03
 0.85755902840333E-03
 0.15799241808294E-02
 0.27070713583232E-02
 0.43677060055863E-02
 0.67027615307890E-02
 0.98638449055785E-02
 0.14015651670307E-01
 0.19342399047205E-01
 0.26054124543233E-01
 0.34401223312244E-01
 0.44689574487526E-01
 0.57295835984354E-01
 0.72688671331128E-01
 0.91444911958780E-01
 0.11427268826421E+00
 0.14202717332423E+00
 0.17572442556626E+00
 0.21655860750120E+00
 0.26590609786165E+00
 0.32533078896185E+00
 0.39657932256455E+00
 0.48157491236246E+00
 0.58239741971011E+00
 0.70126017010576E+00
 0.84047994556538E+00
 0.10024405449366E+01
 0.11895475192331E+01
 0.14041745164664E+01
 0.16486016852904E+01
 0.19249257971764E+01
 0.22349594704569E+01
 0.25800658426103E+01
 0.29609258920067E+01
 0.33771874843448E+01
 0.38269072071232E+01
 0.43057057848072E+01
 0.48054107216056E+01
 0.53120134254311E+01
 0.58025517965610E+01
 0.62406248355847E+01
 0.65702518247360E+01
 0.67082624409737E+01
 0.65363484419745E+01
 0.58955221245376E+01
 0.45880410601493E+01
 0.23937467717252E+01
-0.89222085455160E+00
-0.53976109096739E+01
-0.11093996910368E+02
-0.17720284532694E+02
-0.24739256861682E+02
-0.31357972983714E+02
-0.36628590434332E+02
-0.39619302193119E+02
-0.39616428911167E+02
-0.36301204608606E+02
-0.29847426654999E+02
-0.20908925993287E+02
-0.10499432193026E+02
 0.20095304462328E+00
 0.10060178191565E+02
 0.18176827493740E+02
 0.23993512695944E+02
 0.27327320848752E+02
 0.28326474056443E+02
 0.27378054669247E+02
 0.24997016853167E+02
 0.21723102830252E+02
 0.18042967039274E+02
 0.14344157950987E+02
 0.10898793999676E+02
 0.78695605357061E+01
 0.53288866852541E+01
 0.32832341340835E+01
 0.16966520613186E+01
 0.51034006963660E+00
-0.34294089086888E+00
-0.92943643845697E+00
-0.13090163625546E+01
-0.15327411248022E+01
-0.16423443052302E+01
-0.16708250972565E+01
-0.16435796049319E+01
-0.15796990222276E+01
-0.14932277514990E+01
-0.13942879354019E+01
-0.12900017841582E+01
-0.11852580872204E+01
-0.10832925085560E+01
-0.98615224431868E+00
-0.89503520431542E+00
-0.81053647223996E+00
-0.73283799622913E+00
-0.66188285890286E+00
-0.59736706469969E+00
-0.53894864722576E+00
-0.48626884293348E+00
-0.43867823588136E+00
-0.39606615597413E+00
-0.35760758979658E+00
-0.32317559916729E+00
-0.29226934199694E+00
-0.26455106158483E+00
-0.23969258040321E+00
-0.21739479199616E+00
