20.551017551505073
20.588900960984375
20.65200778573026
20.74028886974206
20.853675221840223
20.99207402670578
21.155368482144343
21.343411822117694
21.55603141891693
21.7930138180504
22.05411948455717
22.339078939036145
22.6475995576628
22.979370872719777
23.334070126965482
23.71136892519772
24.110936525330466
24.532445358222013
24.975575396249823
25.440013147372984
25.925457258798144
26.431622860139225
26.958233753473376
27.504970735945584
28.0717767069677
28.658241455500864
29.264215387084068
29.88951018224802
30.533946236813186
31.19736183885979
31.879628290600067
32.580606551520304
33.30019263016325
34.0382932861895
34.7948315826891
35.56974537574597
36.36298883715643
37.17453005450938
38.00434748963028
38.852452380767055
39.71884137461761
40.60354252593561
41.506593551855126
42.42804279580264
43.367952509748235
44.32639485247027
45.3034526997563
46.29922384876393
47.31381063797808
48.34732712730002
49.39990155987473
50.47166046887252
51.562756130357926
52.67332826613783
53.803539634987224
54.95355650581944
56.123547174831856
57.313696231729914
58.52418546579399
59.75520786949567
61.00694531029837
62.27964491707066
63.57346995928523
64.88864706539255
66.22539218329807
67.58392884945059
68.96447661169363
70.36726535919553
71.79252594910199
73.24049132425336
74.71139828978646
76.20548377474688
77.72298859205442
79.2641593211539
80.82922344720986
82.41844129336776
84.03205184976501
85.67030105563263
87.33343555470495
89.02169888807128
90.73533957294606
92.47459882993229
94.23971674285995
96.03096037095057
97.8485423874758
99.6927249710549
101.56373015282318
103.46180984365614
105.38718868560213
107.34010262980742
109.32078200698872
111.32945939348649
113.36635286924768
115.4316852151507
117.52567592167479
119.64853890008372
121.80048593751486
123.98172468300073
126.19245897682822
128.43288873629692
130.70320985213988
133.0036140966281
135.33428904345115
137.69541799952773
140.0871799488832
142.5097495086434
144.96329689718817
147.44798791442912
149.96398393416223
152.51144190836402
155.09051438330843
157.7013495272571
160.3440911695634
163.01887885080671
165.7258478838238
168.46512942511504
171.2368505563921
174.04113437583587
176.87810009867275
179.7478631666438