26.969842539212074
27.008921275861752
27.074023609707496
27.16510569736087
27.282105208759972
27.424940399708845
27.593507430327215
27.78767971619659
28.00730050034899
28.25218815165697
28.522128970008854
28.81688236700746
29.13618338910776
29.47974804989207
29.847272467817096
30.238449144059583
30.652960216502784
31.090487358387787
31.550714366446577
32.03333034842146
32.53803215786565
33.06452653657839
33.61252824046809
34.18178229695476
34.77202184376998
35.38301299998826
36.014532621300724
36.66637556241903
37.33835091613068
38.03028950995578
38.74203370486879
39.47344531061882
40.22440031409352
40.99480381133077
41.784558636099746
42.59359678230715
43.42186218070943
44.269315801586515
45.13593297327947
46.02170378160204
46.926633866389295
47.850739783147525
48.79405833826667
49.756631265585355
50.738516372855955
51.73978531291233
52.760518671888924
53.800809151514756
54.86075972474842
55.9404847227623
57.04010361562942
58.15975729073476
59.29957807974557
60.459721176635306
61.640340223968416
62.84160205718569
64.0636786887068
65.30699251810178
66.57099975989847
67.85661997046908
69.16380738859203
70.49276275658126
71.84369493290039
73.2168161887398
74.61233870931959
76.03048496262664
77.47147706290394
78.93554178526712
80.42290842766482
81.93380611095894
83.46847285624084
85.02714130643535
86.61005108179168
88.21743974810549
89.8495487218342
91.50661994674145
93.18889235455605
94.89660577334556
96.63000974279308
98.38933762892427
100.17483331030795
101.98673668132392
103.82528647458953
105.69070643986673
107.58327040546776
109.50317936580325
111.45066246065566
113.42597952082319
115.42933252300487
117.46095166391558
119.52104313400582
121.60987765742361
123.72762126298193
125.87448459887618
128.05068652082957
130.25649396835925
132.49201539499862
134.7574866176038
137.05309811284607
139.37903811105247
141.735491855143
144.122639486697
146.5406567361517
148.98971487224813
151.4699806641599
153.9816163562569
156.52477965543744
159.09962373091795
161.7062972262874
164.34494428363087
167.01570457944777
169.7187133720959
172.45410156037923
175.22199575297137
178.02251834818938
180.85578762385512
183.72191783660736
186.62101933034472
189.55319865327266
192.5185586830866