33.73978052002682
33.77993348150287
33.84682869233618
33.94042623067452
34.06067139424087
34.20748462856514
34.3807778455288
34.580434787759266
34.80631745054539
35.05826215347515
35.33607813447944
35.639548085861655
35.968429491546
36.322463325675386
36.70136699580229
37.10484850524449
37.53260620786005
37.98433373616449
38.459723498923836
38.95846995064045
39.480272833758626
40.02484006971069
40.591887189402826
41.181144158452526
41.79235357798995
42.4252681977394
43.07966235499203
43.75532004349548
44.45204632347073
45.1696609713786
45.908002359985204
46.66692478759589
47.44630094624017
48.24602022024101
49.06598913515944
49.90613194734556
50.76638756188763
51.64671249915167
52.547078475980136
53.46747431412594
54.40789942241853
55.3683723393324
56.34892225303604
57.349592709990986
58.37044033159905
59.41153358446045
60.47295341179177
61.55479129967917
62.657149449923416
63.780141976383305
64.92389037770006
66.08852565035187
67.27419221584796
68.48103586470695
69.70921466211962
70.95889348592388
72.23024223725356
73.52344422667748
74.83867917556613
76.17613958664371
77.53602137916361
78.91852529064596
80.32385616317563
81.75222751273644
83.20384979835934
84.67894298490904
86.17772814055229
87.70042775586262
89.24727167004541
90.81848531291351
92.41430476089664
94.0349585968201
95.68068260821114
97.35171189605933
99.04828272623956
100.77063411400535
102.51899612826395
104.29361613713233
106.09472108355017
107.92255118515396
109.77733978533816
111.65931986687866
113.56872718547999
115.50578923111253
117.47073188182493
119.46379220055759
121.4851810346688
123.53513134732012
125.61385413727677
127.72156742434188
129.85848228696776
132.02481224639746
134.22075701026498
136.44652341974515
138.7023044262732
140.98828794960852
143.30469655846431
145.651678186722
148.029427082339
150.43812168701774
152.87793257846744
155.3490291452145
157.85157326366036
160.38572397934928
162.95163523801304
165.54945634117462
168.17933195349505
170.84140212271586
173.53580231192043
176.26266344377603
179.02211195641033
181.8142698705036
184.63925486719938
187.49718037632067
190.3881556744202
193.31228599225105
196.2696726309891
199.26041308679652
202.2846011831466
205.34232721039163