15.074450779763698
15.111104698758256
15.172158321870961
15.257556505809417
15.367220663442756
15.501045788829924
15.658897738501835
15.840609725848116
16.045972107133494
16.274809228322813
16.526679301298554
16.801443347297468
17.098726388921033
17.418195252522786
17.759506221422992
18.122316846986287
18.506288248238562
18.911089388066692
19.336400620148634
19.781915572319797
20.24734291902784
20.73240653163618
21.2368508238316
21.760431857090456
22.30292695777583
22.86412890551527
23.44385102452416
24.041918190798462
24.658175766621092
25.292468445666376
25.94472342064986
26.614782799967752
27.302571354770674
28.00801222651778
28.73104362608423
29.47161802853448
30.229700882122874
31.00527401353741
31.798329254513664
32.608873934322474
33.43692682602108
34.28251830491893
35.14569459340054
36.026508106960605
36.92502621460177
37.841325194697596
38.77545598488783
39.72762528311214
40.69782857624947
41.686229115547604
42.69294188389543
43.71810264392341
44.7618614026569
45.824361040334836
46.905762166053535
48.00623170461891
49.12593967930596
50.265068430997864
51.42379975177335
52.60232802573964
53.80084867004682
55.01956323920533
56.25867752390028
57.5184097856349
58.79896774526229
60.10058092146426
61.423466761163205
62.76785542973266
64.1339770449854
65.52206832885089
66.93236224585004
68.3650995813728
69.82052294157906
71.29887257524027
72.80039639714883
74.32533789363326
75.87394490665613
77.4464655274605
79.04315011627523
80.66424397852218
82.31000074011381
83.9806620737764
85.67648699155356
87.39771093690528
89.14459255895892
90.91736864798514
92.71628772152914
94.5415907101404
96.39351813034465
98.27231304054986
100.17820905925643
102.11144067442187
104.07224027282203
106.06083697241978
108.07745696240522
110.12232333880928
112.19565594904283
114.29767124576851
116.42858215045804
118.5885979270446
120.77792406595805
122.99676217887115
125.24530990440593
127.52376082505562
129.83230439547992
132.1711258823482
134.5404063158381
136.94032245283597
139.37104675188007
141.83274735982863
144.32558811016094
146.84972853284592
149.40532387557298
151.99252513627735
154.61147910659412
157.26232842609727
159.94521164700126
162.66026330902307
165.40761402406488
168.18739057037865