39.499684321435076
39.55430374865956
39.62255028896271
39.718043364223114
39.84073010755701
39.990541424233726
40.16739053470702
40.37117093360048
40.60175748371714
40.85899699116037
41.142714451381565
41.45270884086334
41.78875609520058
42.150609892295236
42.53807710004397
42.9506665084574
43.388301520864964
43.85061515496585
44.33730982187331
44.848084984512674
45.382645782362836
45.94070256253246
46.521974838886344
47.12619084181407
47.75309198005413
48.40243370455818
49.07398517611932
49.76753167901207
50.482873976608076
51.21983073884994
51.97823757462336
52.757947794307256
53.55877299894752
54.38077424087062
55.22368695457991
56.08748651271075
56.97211369621435
57.877522231788355
58.803686774516024
59.75059077906357
60.71825488396134
61.70664071049716
62.71583353787422
63.7458580103975
64.7967705128295
65.8686400574848
66.96154668128236
68.07558343855656
69.2108524656446
70.36746014822495
71.54554757904327
72.74522881440454
73.96665005030158
75.20996029374699
76.47531868032489
77.76288801004219
79.07283833875726
80.40534409944947
81.76057882987686
83.1387897080186
84.540108038832
85.96475365990815
87.4129309454831
88.88485418961413
90.38073001285304
91.90077671988841
93.44521340441149
95.01426200501416
96.60814723109365
98.22709606485019
99.87133629949003
101.54109650523318
103.23652843569116
104.95810510633976
106.70581982093267
108.47998276480112
110.28082515387524
112.10858176431022
113.96348435620095
115.84576081668365
117.75564197640458
119.69335761671528
121.65912967531374
123.65318642422217
125.67574768122236
127.7270346049091
129.80726268450843
131.9166437961358
134.0554215031125
136.22371741530466
138.42181735369812
140.64989924584313
142.90815215170088
145.19677553244887
147.5159539308146
149.86587448226075
152.2467174162373
154.65865607712158
157.10108338845
159.57649528078534
162.08273596713582
164.62072206838056
167.19061891027243
169.79256825243021
172.4267132714961
175.09319328854258
177.79214195701775
180.5236882771241
183.28795664486918
186.0850669129116
188.91513446273902
191.77827028771682
194.67458108646932
197.6041693661085
200.56713355468833
203.5635681223464
206.59356371066542
209.6572072694901
212.75458220077957
215.88576850885548