16.23051013187394
16.267444975090164
16.328967712536596
16.415024799623136
16.525539854794236
16.660410944054853
16.819508222417696
17.00266947868882
17.209697401449578
17.440359312753124
17.69438950788354
17.97149452746448
18.27135962964026
18.593654509916817
18.938042663820152
19.30418122766737
19.691698275507413
20.10037416938106
20.529775153603683
20.979792027218906
21.449646448072613
21.93954210335809
22.44906062738347
22.97795085672583
23.525986069473397
24.09295489965242
24.678662735700087
25.28293263428402
25.905602842175444
26.546531142206316
27.20558918773801
27.882664525706225
28.57766006795284
29.2904984659264
30.021110351752263
30.769444588038674
31.535468567024317
32.319155035959525
33.12049635270961
33.939496634373214
34.77617278750498
35.63055407281103
36.502684259938704
37.39261456300857
38.30041036834147
39.22614840166694
40.16991293824526
41.1318051459005
42.11192245681386
43.110381887470325
44.127344619377276
45.162897144724674
46.2175842123273
47.290402152978615
48.38266629387617
49.49415244419672
50.62503422523116
51.77549818842274
52.945719747654145
54.13589394419002
55.3462203541027
56.5768966353599
57.82813404488963
59.100144091872735
60.39314151951879
61.7073464969268
63.04298646873499
64.40028434807824
65.77947966598991
67.18079824800049
68.60447909326302
70.05075992617672
71.51988675297429
73.01209606098155
74.52763917068845
76.06675617260777
77.62969546637272
79.21670570324981
80.82803383642354
82.46392866337223
84.12463862092324
85.810410521251
87.52149408968705
89.25813232260728
91.020580354698
92.80907096317128
94.6238552337553
96.465172745559
98.33326374511971
100.22836265264182
102.15071051058143
104.100537406879
106.0780729968039
108.08354570579658
110.11718008803254
112.17919753620154
114.26981612777429
116.38925048082737
118.53771161979911
120.7154068515316
122.92253965190876
125.159309563405
127.42591210376246
129.72253868606197
132.049376550312
134.4066087067264
136.79441389076547
139.21296652999763
141.66243672277102
144.14299022865941
146.65478847063662
149.19798854877462
151.77274326536104
154.37920116126537
157.01750656322204
159.6877996418328
162.39021647997345
165.12488915126454
167.8919458082828
170.69151078011092