0.
0.
0.
0.
0.
0.
0.
0.
0.
0.
0.
0.
0.
1.9859446137283985e-12
3.971889227456797e-12
3.971889227456797e-12
3.971889227456797e-12
2.2341876904444484e-12
7.447292301481495e-12
1.2536275374160516e-11
3.18992353580124e-11
9.52012199206051e-11
2.932991951400128e-10
8.406751792989027e-10
2.236545999673251e-9
5.5441367538378985e-9
1.2935326119981565e-8
2.8466654214721223e-8
5.954023309957604e-8
1.189189840777483e-7
2.2779442563618028e-7
4.20086119412738e-7
7.48345014682057e-7
1.2916171684182154e-6
2.16559614240319e-6
3.5355807953452803e-6
5.632444635882714e-6
8.772108878372022e-6
0.000013378852095427062
0.00002001267938949158
0.000029401033584066594
0.00004247511020691706
0.000060410818838945385
0.00008467450502054713
0.00011707350557479197
0.00015981133304337764
0.00021554763060978912
0.0002874625195595789
0.00037932525710930977
0.0004955669455625093
0.0006413569988728341
0.0008226830772871368
0.001046434166235343
0.0013204864833295793
0.0016537918183936976
0.002056468008135013
0.0025398911843887086
0.003116789517406162
0.0038013380193894623
0.004609254274965565
0.005557894646301218
0.0066663508763997814
0.007955546696245807
0.00944833436753055
0.011169590892855878
0.013146313806283243
0.015407716391185907
0.017985322206371796
0.02091305894170184
0.02422735144060452
0.027967213916421034
0.032174341408754296
0.03689320030977522
0.04217111829288382
0.04805837330102554
0.054608281953746375
0.06187728728337114
0.06992504585740071
0.07881451436731073
0.08861203577162989
0.09938742499937982
0.11121405428512206
0.12416893820673414
0.13833281840531025
0.1537902480876011
0.17062967626655728
0.18894353179210707
0.20882830712450653
0.23038464190586766
0.2537174062260994
0.27893578358983995
0.30615335358946916
0.33548817412271914
0.3670628631890162
0.40100468025239044
0.437445606938101
0.47652242722085936
0.5183768069342323
0.5631553725627456
0.6110097893356814
0.662096838552189
0.7165784942207506
0.77462199885648
0.8363999386795364
0.9020903181017011
0.9718766336519244
1.0459479473594608
1.1244989598830535
1.2077300832711029
1.2958475137136458
1.3890633044137375
1.4875954387178763
1.591667903786729
1.701510765052787
1.8173602415384331
1.9394587825688858
2.068055145860162
2.203404477278336
2.345768392621484
2.4954150614310158