0.
0.
0.
0.
0.
0.
0.
0.
0.
0.
0.
0.
0.
1.9859446137283985e-12
3.971889227456797e-12
3.971889227456797e-12
4.096010765814822e-12
2.606552305518523e-12
9.433236915209893e-12
2.0852418444148185e-11
6.28054984091606e-11
1.968567598358275e-10
5.957833841185195e-10
1.665462801687978e-9
4.313471701018082e-9
1.0447309883594956e-8
2.3790995864774422e-8
5.125027967418192e-8
1.0504728507239379e-7
2.0587555493445994e-7
3.8744004475842534e-7
7.027339488600953e-7
1.2324846745721455e-6
2.0962263523164268e-6
3.4663606958337767e-6
5.5857704690847154e-6
8.789221142500828e-6
0.000013529201383690907
0.000020406215787727995
0.000030204072382261498
0.00004393021331485432
0.00006286132045745713
0.00008859418252289364
0.00012310193043787985
0.00016879539198477137
0.00022858968598580935
0.0003059755021995612
0.0004050951922923092
0.0005308231046489575
0.0006888498733237865
0.0008857704522345054
0.0011291752595938133
0.0014277443206208403
0.001791343679814919
0.0022311240785715496
0.002759621099294344
0.003390856747454989
0.004140441926707683
0.005025679489058649
0.00606566770667653
0.007281403658927754
0.008695886546924941
0.010334220503397116
0.012223716880504748
0.014393995794663248
0.01687708681108009
0.019707528720218765
0.022922468345742353
0.02656175826726249
0.030668053618507028
0.035286907744190084
0.04046686696283473
0.04625956434245702
0.052719812539504765
0.059905695859430244
0.06787866149731589
0.07670361008875667
0.08644898559991941
0.0971868646265353
0.10899304520819778
0.12194713512420485
0.13613263971413997
0.15163704935711864
0.16855192649178538
0.18697299226642863
0.20700021270688318
0.2287378845396232
0.2522947204662381
0.2777839339061714
0.3053233231886088
0.335035355093348
0.36704724761603386
0.40149105200542
0.43850373385172176
0.478227253308104
0.5208086442546537
0.5664000924197314
0.6151590123827393
0.6672481234188358
0.7228355242484007
0.7820947665811577
0.8452049275698874
0.9123506811880077
0.9837223685994111
1.0595160676666502
1.139933661619938
1.225182907120434
1.3154775019216263
1.411037152101251
1.5120876393603644
1.6188608883905542
1.7315950346424396
1.8505344926447713
1.9759300252563063
2.1080388138792525
2.24712452997363
2.393457408032049
2.5473143201051327
2.7089788519826046
2.8787413810534863