 0.10270268524502E-04
 0.86605562466933E-05
 0.75139891870360E-05
 0.67268254374840E-05
 0.61028744975564E-05
 0.55343544407132E-05
 0.50280287424990E-05
 0.45776047256319E-05
 0.41816073450136E-05
 0.38316601433531E-05
 0.35313989456655E-05
 0.32450143310529E-05
 0.29861327700982E-05
 0.27754418659044E-05
 0.25762293604461E-05
 0.23965816649312E-05
 0.22341047827424E-05
 0.20867277284145E-05
 0.19527922040655E-05
 0.18306594575730E-05
 0.17191479182389E-05
 0.16170519182738E-05
 0.15233803847543E-05
 0.14372875747023E-05
 0.13547832975972E-05
 0.12813710310326E-05
 0.12172430426568E-05
 0.11545745844785E-05
 0.10966499440597E-05
 0.10425117389851E-05
 0.99266363375339E-06
 0.94599529814406E-06
 0.90249418002724E-06
 0.86185201830400E-06
 0.82163657353447E-06
 0.78830304048664E-06
 0.75493284039403E-06
 0.72369725687698E-06
 0.69429176199746E-06
 0.66665958430927E-06
 0.64067890145449E-06
 0.61615393294260E-06
 0.59304382202530E-06
 0.57122289525363E-06
 0.55058879444866E-06
 0.53109884388511E-06
 0.51263224785919E-06
 0.49509255014835E-06
 0.47850473710950E-06
 0.46274142942029E-06
 0.44778084581807E-06
 0.43354583941789E-06
 0.42001732300166E-06
 0.40712630034391E-06
 0.39484537029867E-06
 0.38313862102572E-06
 0.37196578773416E-06
 0.36131497941708E-06
 0.35112408158565E-06
 0.34137800900631E-06
 0.33205696286762E-06
 0.32313840761308E-06
 0.31459025450592E-06
 0.30639703639702E-06
 0.29854546812246E-06
 0.29098300247277E-06
 0.28440391346547E-06
 0.27681529363771E-06
 0.27013099379319E-06
 0.26370295252240E-06
 0.25751639537096E-06
 0.25156409688616E-06
 0.24582679021749E-06
 0.24029915139564E-06
 0.23496574706876E-06
 0.22982056526204E-06
 0.22485426158617E-06
 0.22005827901252E-06
 0.21542464281680E-06
 0.21094501308137E-06
 0.20661264323744E-06
 0.20242067211788E-06
 0.19836269322522E-06
 0.19443265186115E-06
 0.19062482351429E-06
 0.18693379361730E-06
 0.18335443874868E-06
 0.17988190913823E-06
 0.17651161243112E-06
 0.17323919848125E-06
 0.17006054519009E-06
 0.16697174525942E-06
 0.16396909385108E-06
 0.16104907698960E-06
 0.15820836072160E-06
 0.15544378094908E-06
 0.15275233388279E-06
 0.15013116708592E-06
 0.14757757104512E-06
 0.14508897125624E-06
 0.14266292075804E-06
 0.14029709310471E-06
 0.13798927574646E-06
 0.13573736377981E-06
