-0.39928969468866E-05
-0.52641025931154E-05
-0.62674620024623E-05
-0.70030192750907E-05
-0.74862086943310E-05
-0.77442212383986E-05
-0.78104925189034E-05
-0.77217130166600E-05
-0.75148289184411E-05
-0.72245898867456E-05
-0.68816785337791E-05
-0.65116556184239E-05
-0.61344639255153E-05
-0.57645392282681E-05
-0.54113306816128E-05
-0.50801475479843E-05
-0.47731302527579E-05
-0.44901786869804E-05
-0.42299535958581E-05
-0.39904857975383E-05
-0.37696522637361E-05
-0.35655589386360E-05
-0.33765402926258E-05
-0.32011979427976E-05
-0.30383369247292E-05
-0.28869163491000E-05
-0.27459668727395E-05
-0.26146433946077E-05
-0.24921443952266E-05
-0.23777840597704E-05
-0.22708409554270E-05
-0.21707753628679E-05
-0.20770155395048E-05
-0.19890816014654E-05
-0.19065136205391E-05
-0.18289103648075E-05
-0.17558980314619E-05
-0.16871363751111E-05
-0.16223172240610E-05
-0.15611570257526E-05
-0.15033925784323E-05
-0.14487922945288E-05
-0.13971340195195E-05
-0.13482204072710E-05
-0.13018651373005E-05
-0.12579000357324E-05
-0.12161695148566E-05
-0.11765315848041E-05
-0.11388491502232E-05
-0.11030022611112E-05
-0.10688762989971E-05
-0.10363667654749E-05
-0.10053755068602E-05
-0.97581198359966E-06
-0.94759315108770E-06
-0.92063978243119E-06
-0.89487961807375E-06
-0.87024762117381E-06
-0.84667175118477E-06
-0.82410189628671E-06
-0.80248036524968E-06
-0.78175691060239E-06
-0.76187934166616E-06
-0.74280686435947E-06
-0.72449588990686E-06
-0.70690691778448E-06
-0.69000286543201E-06
-0.67374894179059E-06
-0.65811246300397E-06
-0.64306270720431E-06
-0.62857077770520E-06
-0.61460947705670E-06
-0.60115319100269E-06
-0.58817778147289E-06
-0.57566048782611E-06
-0.56357983563442E-06
-0.55191555236755E-06
-0.54064848939388E-06
-0.52976054977474E-06
-0.51923462135483E-06
-0.50905451474935E-06
-0.49920490577559E-06
-0.48967128203806E-06
-0.48043989325919E-06
-0.47149770512200E-06
-0.46283235631205E-06
-0.45443211852040E-06
-0.44628585917585E-06
-0.43838300669747E-06
-0.43071351807321E-06
-0.42326784859190E-06
-0.41603692356115E-06
-0.40901211186829E-06
-0.40218520124654E-06
-0.39554837511775E-06
-0.38909419090102E-06
-0.38281555967982E-06
-0.37670572712857E-06
-0.37075825561078E-06
-0.36496700736508E-06
-0.35932612870344E-06
-0.35383003515111E-06
-0.34847339746313E-06
-0.34325112845807E-06
