-0.36987735341513E-04
-0.30411142005068E-04
-0.23418377294792E-04
-0.16539608315867E-04
-0.10229320811314E-04
-0.48194953793503E-05
-0.51697605894333E-06
 0.26023913681315E-05
 0.45826235719263E-05
 0.55626963331510E-05
 0.57442053843653E-05
 0.53578853862186E-05
 0.46310913105737E-05
 0.37619948962367E-05
 0.29026941583456E-05
 0.21522734950650E-05
 0.15588051556992E-05
 0.11270342399211E-05
 0.83602553112291E-06
 0.65085776191257E-06
 0.53354325957188E-06
 0.45606197317613E-06
 0.39849349875652E-06
 0.35045213199006E-06
 0.30769747000208E-06
 0.26960965029132E-06
 0.23497948649468E-06
 0.20469950344697E-06
 0.17758143719704E-06
 0.15651028175923E-06
 0.13563865534786E-06
 0.11867287928591E-06
 0.10356716715560E-06
 0.90800702159729E-07
 0.79236274795003E-07
 0.69219425357601E-07
 0.60424944512405E-07
 0.52564115770516E-07
 0.45707384800477E-07
 0.39793123972794E-07
 0.34186895605361E-07
 0.29461591153623E-07
 0.25075975149222E-07
 0.21277745278171E-07
 0.17766943629105E-07
 0.14631658137170E-07
 0.11815923962267E-07
 0.95022997171172E-08
 0.71415720699172E-08
 0.51407698359449E-08
 0.32857454151209E-08
 0.16646858500278E-08
 0.15169968399304E-09
-0.12878817717291E-08
-0.24437216852927E-08
-0.35526533417598E-08
-0.45008023470452E-08
-0.46846786318961E-08
-0.61797152525689E-08
-0.69403754334973E-08
-0.75919947374826E-08
-0.78952585305581E-08
-0.87491800896757E-08
-0.92375854466330E-08
-0.96767539676072E-08
-0.10068681106060E-07
-0.10420643412768E-07
-0.10735271582402E-07
-0.11015676271458E-07
-0.11264672797659E-07
-0.11484811928745E-07
-0.11678407164451E-07
-0.11847559108157E-07
-0.11994176989074E-07
-0.12119997928398E-07
-0.12226604176579E-07
-0.12315438505541E-07
-0.12387818317816E-07
-0.12444945799746E-07
-0.12487924114530E-07
-0.12517760635050E-07
-0.12535383096708E-07
-0.12541639890802E-07
-0.12537313959139E-07
-0.12523126142040E-07
-0.12499741714989E-07
-0.12467775715719E-07
-0.12427797820367E-07
-0.12380336549551E-07
-0.12325883485261E-07
-0.12264896308569E-07
-0.12197802459694E-07
-0.12125001881085E-07
-0.12046869221241E-07
-0.11963756610694E-07
-0.11875995642950E-07
-0.11783898991149E-07
-0.11687762169665E-07
-0.11587865047896E-07
-0.11484473165246E-07
-0.11377838775619E-07
-0.11268201979618E-07
-0.11155791525982E-07
-0.11040825654968E-07
