 0.48452518996832E-04
 0.41681038453373E-04
 0.36194355219439E-04
 0.31695045055875E-04
 0.27969253017260E-04
 0.24856077009460E-04
 0.22230659841594E-04
 0.20004681325655E-04
 0.18096777551549E-04
 0.16450414321359E-04
 0.15019190919844E-04
 0.13766537450483E-04
 0.12663601200499E-04
 0.11687410072898E-04
 0.10819398058794E-04
 0.10044278034188E-04
 0.93493501314948E-05
 0.87239918830033E-05
 0.81592576528886E-05
 0.76476022759531E-05
 0.71826074648040E-05
 0.67588038136628E-05
 0.63714665355479E-05
 0.60165732423601E-05
 0.56906147187307E-05
 0.53905469115686E-05
 0.51137182646846E-05
 0.48577978041373E-05
 0.46207539843009E-05
 0.44007865204731E-05
 0.41963064414311E-05
 0.40059041125437E-05
 0.38283293233335E-05
 0.36624636891195E-05
 0.35073110237904E-05
 0.33619745064439E-05
 0.32256550245820E-05
 0.30976276489939E-05
 0.29772413192413E-05
 0.28639063166907E-05
 0.27570889892247E-05
 0.26563050402501E-05
 0.25611142050345E-05
 0.24711152292431E-05
 0.23859415977849E-05
 0.23052591586521E-05
 0.22287621846631E-05
 0.21561691598803E-05
 0.20872231879245E-05
 0.20216865426610E-05
 0.19593413620382E-05
 0.18999864310961E-05
 0.18434361412601E-05
 0.17895186892283E-05
 0.17380752854332E-05
 0.16889588600438E-05
 0.16420326320266E-05
 0.15971701107337E-05
 0.15542532271915E-05
 0.15131725393970E-05
 0.14738257587594E-05
 0.14361176388979E-05
 0.13999593479703E-05
 0.13652677381687E-05
 0.13319655082659E-05
 0.12999796398037E-05
 0.12692422358141E-05
 0.12396895345951E-05
 0.12112616815403E-05
 0.11839025620801E-05
 0.11575593506109E-05
 0.11321824531333E-05
 0.11077251827270E-05
 0.10841435871210E-05
 0.10613962525348E-05
 0.10394441292762E-05
 0.10182503809546E-05
 0.99778023151749E-06
 0.97800083119415E-06
 0.95888113122303E-06
 0.94039176799086E-06
 0.92250495578300E-06
 0.90519438742240E-06
 0.88843514214051E-06
 0.87220360008490E-06
 0.85647736292286E-06
 0.84123518004825E-06
 0.82645687994457E-06
 0.81212330629543E-06
 0.79821625847003E-06
 0.78471843604482E-06
 0.77161338704861E-06
 0.75888545964931E-06
 0.74651975702059E-06
 0.73450209515121E-06
 0.72281896337782E-06
 0.71145748744135E-06
 0.70040539488266E-06
 0.68965098260838E-06
 0.67918308647142E-06
 0.66899105272302E-06
 0.65906471120456E-06
 0.64939435015771E-06
 0.63997069254090E-06
