-0.78141121950697E+00
-0.97682461903392E-01
-0.28945945530486E-01
-0.12213342255552E-01
-0.62543961729236E-02
-0.36202681036981E-02
-0.22804339167403E-02
-0.15281905352064E-02
-0.10736767800284E-02
-0.78302090616112E-03
-0.58855400538096E-03
-0.45355539415793E-03
-0.35692028210338E-03
-0.28593485586412E-03
-0.23261823049955E-03
-0.19179974727237E-03
-0.16001858233125E-03
-0.13490608517995E-03
-0.11479970665206E-03
-0.98511759115295E-04
-0.85176658426707E-04
-0.74154315382007E-04
-0.64963800752849E-04
-0.57239700050670E-04
-0.50701127800429E-04
-0.45128552005796E-04
-0.40349919717446E-04
-0.36228692298468E-04
-0.32655512369023E-04
-0.29542138711190E-04
-0.26816831172781E-04
-0.24420954818435E-04
-0.22306094496005E-04
-0.20432085313628E-04
-0.18765725530539E-04
-0.17279738249693E-04
-0.15947831122568E-04
-0.14753477472816E-04
-0.13677670413493E-04
-0.12706390665733E-04
-0.11827227468153E-04
-0.11029452531995E-04
-0.10303860046984E-04
-0.96424379315576E-05
-0.90381971886302E-05
-0.84850940098470E-05
-0.79777826076719E-05
-0.75116113283017E-05
-0.70824706803028E-05
-0.66867274826475E-05
-0.63211819902643E-05
-0.59830260091739E-05
-0.56696113639878E-05
-0.53788190766825E-05
-0.51085517462341E-05
-0.48570820408968E-05
-0.46227413457791E-05
-0.44040894778761E-05
-0.41998257435292E-05
-0.40087702875255E-05
-0.38298616384437E-05
-0.36621383448500E-05
-0.35047259208153E-05
-0.33568309292150E-05
-0.32177559656812E-05
-0.30867967843898E-05
-0.29633963100909E-05
-0.28469993444599E-05
-0.27371050330998E-05
-0.26332564264092E-05
-0.25350356770719E-05
-0.24420572156926E-05
-0.23539672993273E-05
-0.22704439082718E-05
-0.21911796248147E-05
-0.21159306684095E-05
-0.20442289999134E-05
-0.19765089463080E-05
-0.19115333594252E-05
-0.18498823638288E-05
-0.17910931200394E-05
-0.17350210294212E-05
-0.16815007214469E-05
-0.16303894978012E-05
-0.15815461562883E-05
-0.15348403170969E-05
-0.14901511993343E-05
-0.14473708635301E-05
-0.14063797272584E-05
-0.13671067285514E-05
-0.13294151958152E-05
-0.12932682020458E-05
-0.12585568331831E-05
-0.12252172411800E-05
-0.11931711707430E-05
-0.11623929657470E-05
-0.11327115104976E-05
-0.11041781409822E-05
-0.10767009840227E-05
-0.10502272948720E-05
-0.10247099494621E-05
-0.10001035056466E-05
-0.97636251401683E-06
-0.95345214301766E-06
-0.93133262317277E-06
-0.90995913473095E-06
-0.88930764720370E-06
-0.86934285825084E-06
-0.85003473295699E-06
-0.83135445791579E-06
-0.81327462858545E-06
-0.79576941418670E-06
-0.77881485270602E-06
-0.76238744611369E-06
-0.74646560104268E-06
-0.73102839854254E-06
-0.71605693091024E-06
-0.70153170573174E-06
-0.68743422735791E-06
-0.67374895930364E-06
