 0.20556747373133E-02
 0.51390107926735E-03
 0.22839032499771E-03
 0.12845966599876E-03
 0.82207558302979E-04
 0.57081135129958E-04
 0.41931978243156E-04
 0.32099748785187E-04
 0.25357748608303E-04
 0.20535655596576E-04
 0.16968090383904E-04
 0.14254023762061E-04
 0.12135835702530E-04
 0.10466396332759E-04
 0.91156006071824E-05
 0.80079700613409E-05
 0.70911169170856E-05
 0.63216143293623E-05
 0.56725962734332E-05
 0.51176103364043E-05
 0.46401180454001E-05
 0.42265091614333E-05
 0.38654139534730E-05
 0.35502149407586E-05
 0.32695920201917E-05
 0.30220483514061E-05
 0.28015793306643E-05
 0.26044599472659E-05
 0.24275096453237E-05
 0.22677920079755E-05
 0.21238206463896E-05
 0.19929625813375E-05
 0.18739756386401E-05
 0.17657502336974E-05
 0.16660941457414E-05
 0.15790463826675E-05
 0.14956571898480E-05
 0.14140682508742E-05
 0.13427877799426E-05
 0.12768985212441E-05
 0.12157607344766E-05
 0.11590356917807E-05
 0.11063627738578E-05
 0.10571390737073E-05
 0.10113566127575E-05
 0.96829926159428E-06
 0.92817612394216E-06
 0.89053069971592E-06
 0.85518911023324E-06
 0.82199321067565E-06
 0.79071735822674E-06
 0.76147498627086E-06
 0.73311273249258E-06
 0.70763335193906E-06
 0.68285318166062E-06
 0.65904914018644E-06
 0.63679548268955E-06
 0.61577071961588E-06
 0.59575043973256E-06
 0.57667466880871E-06
 0.55869656386693E-06
 0.54149348970359E-06
 0.52513196579390E-06
 0.50952433643286E-06
 0.49470885371623E-06
 0.48035498204639E-06
 0.46679775093182E-06
 0.45382516673149E-06
 0.44138405349783E-06
 0.42950981873290E-06
 0.41806537852218E-06
 0.40711210639945E-06
 0.39661149700608E-06
 0.38653039834130E-06
 0.37719166231572E-06
 0.36764627333336E-06
 0.35816654645810E-06
 0.34979874511004E-06
 0.34187516238649E-06
 0.33366603951095E-06
 0.32570273310714E-06
 0.31824691797696E-06
 0.31096785711050E-06
 0.30396136779773E-06
 0.29720799037803E-06
 0.29067993978821E-06
 0.28430921678432E-06
 0.27813292858529E-06
 0.27221842849930E-06
 0.26617485963999E-06
 0.26078282789782E-06
 0.25543530923945E-06
 0.25011519457048E-06
 0.24473303647719E-06
 0.23996285394077E-06
 0.23643897300191E-06
 0.23042713642762E-06
 0.22582087197341E-06
 0.22134981634008E-06
 0.21698555038832E-06
 0.21274833154570E-06
 0.20860371794484E-06
 0.20452155116825E-06
 0.20064292834456E-06
 0.19667412917393E-06
 0.19298256182954E-06
 0.18936672956281E-06
 0.18578091076373E-06
 0.18227597691507E-06
 0.17887191244952E-06
 0.17553336093673E-06
 0.17227282127944E-06
 0.16910056586906E-06
 0.16596587451623E-06
 0.16291645008041E-06
 0.15992792646907E-06
 0.15699753400314E-06
 0.15414841241807E-06
 0.15134273270950E-06
 0.14859845523376E-06
