-0.25445444173851E-12
 0.49486708770081E-11
-0.25031385258527E-10
 0.86615177329330E-09
-0.13694538639191E-08
 0.20293959814718E-08
-0.81677713375259E-09
-0.83830041170571E-07
 0.39088752243090E-08
 0.31892033031071E-09
-0.42968931729943E-07
-0.60649678380005E-09
 0.33311622281664E-05
-0.66384917871620E-07
 0.20721777899420E-05
-0.37123907405477E-07
 0.53604517711508E-07
 0.14056112861966E-05
 0.30109049949694E-06
-0.23419766823237E-07
-0.40941554917013E-06
 0.40639150626837E-05
 0.30900761208040E-06
-0.45217180465109E-04
-0.50322128146893E-06
-0.25363762243170E-06
 0.16217979872561E-05
 0.63048696040298E-06
-0.21943298825975E-05
 0.28219257419814E-04
-0.38091343807155E-05
-0.34405803349621E-05
-0.10585693792511E-05
-0.45573427364227E-03
-0.39594539241943E-04
-0.78453362646799E-03
-0.16807720365339E-02
 0.96193772335240E-06
 0.82673499236069E-05
 0.94209242753842E-05
 0.39189096914745E-04
 0.38974630648059E-04
-0.51115849905737E-04
-0.19353641566365E-04
-0.21574285674578E-03
 0.48597914262046E-04
-0.10036538674604E-05
-0.98603293427988E-05
 0.27305362752904E-05
-0.30449602856831E-04
 0.62656093845534E-04
 0.19926910025897E-03
 0.51873429958879E-03
-0.65453322282336E-03
-0.17017187133264E-02
-0.26053261188060E-04
 0.16730081041780E-03
-0.92888230200508E-04
 0.16676679450870E-04
 0.27815690529442E-03
-0.41385934797691E-04
 0.97439176089856E-04
 0.92851037100094E-05
 0.23010728640947E-05
-0.67263798533325E-03
 0.67764165980023E-03
 0.12096547570918E-03
 0.71431721950963E-04
 0.12871301138116E-03
-0.41555801913139E-03
 0.20454117841407E-06
 0.76196799451702E-04
-0.14670513552903E-03
-0.19322972519746E-03
-0.17281164079099E-01
 0.13501391806613E-01
-0.40908845460005E-02
-0.85625840436017E-02
-0.15208320775471E-01
-0.74731470784933E-02
-0.10680001405718E-03
-0.98317772477318E-03
 0.10953760939479E-03
 0.66063712340590E-03
 0.23200071600277E-03
-0.62698986250381E-03
 0.57111436234483E-03
 0.23913606643992E-02
 0.87312308984683E-03
 0.47184495555800E-02
 0.12628299873307E-02
-0.18260337855859E-02
-0.72567419120385E-03
 0.97768297643310E-02
 0.43704991967008E-02
-0.57761411777801E-01
-0.18197182921248E-02
-0.17932756874942E-03
-0.47965545410027E-03
-0.61126859840474E-04
-0.96111047001241E-03
-0.87437976323056E-03
 0.25805649776958E-02
-0.22103121475143E-02
 0.74552469958149E-02
 0.57169177291730E-02
-0.23265508111549E-02
 0.71284832121183E-04
 0.24944133038822E-02
 0.27811794283073E-03
 0.44009703300228E-03
-0.12743542893328E-03
-0.34480593231510E-02
 0.63231460094130E-03
-0.53358889642443E-05
-0.63102968643375E-03
 0.13933767763488E-02
-0.39649876812871E-03
 0.46717847683980E-03
 0.13561993551238E-02
