0.
0.
0.
0.
0.
0.
5.9578338411851955e-12
3.971889227456797e-12
4.2201323041728465e-12
1.0053844607000017e-11
7.844481224227174e-11
5.8821197027868e-10
3.475278952486339e-9
1.621784432339789e-8
6.243474737408518e-8
2.052762961472674e-7
5.922971824706576e-7
1.5319667359023868e-6
3.6122992011105303e-6
7.870607690957692e-6
0.000016020992031937444
0.000030742439252801746
0.000056026961413049075
0.00009758358874428136
0.00016329092571580806
0.00026368932781238813
0.0004125023456742303
0.0006271765885009216
0.0009294299155140932
0.001345798491956253
0.0019081747925334624
0.002654330029839135
0.003628416151255529
0.004881444424174797
0.006471738622105518
0.008465362599665124
0.010936522861798975
0.013967947728393907
0.01765124522582545
0.02208724215448078
0.02738630725122361
0.03366866078413377
0.04106467323808057
0.04971515492266759
0.05977163814207
0.07139665277513542
0.08476399544324192
0.10005899190794675
0.1174787513350747
0.13723241066780947
0.15954136656653037
0.18463949174011737
0.21277333232948287
0.24420228238931405
0.2791987314876968
0.31804818142976204
0.3610493281239083
0.40851410480787204
0.4607676833605683
0.5181484306535105
0.5810078174114676
0.649710277585989
0.7246330167219265
0.8061657680072255
0.894710495295512
0.9906810422529818
1.0945027269914813
1.206611881235894
1.327455332637656
1.4574898282299618
1.5971813961567087
1.7470046416639446
1.9074419721765834
2.0789827450357357
2.2621223301451385
2.457361079035036
2.665203191091115
2.886155468206743
3.1207259503081963
3.3694224270304187
3.6327508251323577
3.9112134779278196
4.205307290971454
4.515521828733678
4.8423373580822995
5.186222895996443
5.547634319262538
5.9270126018355285
6.324782248541488
6.741349992105058
7.177103811640397
7.632412316571313
8.107624520539659
8.603070007902463
9.119059473152845
9.655885593705923
10.213824180826213
10.79313554384683
11.394065998778297
12.016849454409389
12.661709014936019
13.328858547560538
14.018504174017686
14.730845656174353
15.466077655943376
16.22439085897731
17.005972958784138
17.811009503799344
18.639684613869882
19.49218157557126
20.36868332720437
21.269372845165126
22.194433443475152
23.14404899776186
24.11840410453243
25.11768418549102
26.14207554593632
27.19176539521607
28.266941836358658
29.367793831086754