32.59496714443542
33.03673339145333
33.50148612514766
33.98891628083529
34.498720421715916
35.03060517420041
35.58429046611865
36.15950400601008
36.75598612592995
37.373510608304066
38.01183915317546
38.67076670326901
39.35010143232101
40.04966907705233
40.76931051502717
41.50888624447484
42.2682718963436
43.04736154036949
43.84606432682966
44.66430775461498
45.50203426696408
46.35920374363186
47.235788143113886
48.13177845354887
49.04717835131547
49.98199881985381
50.9362896694367
51.91007744462138
52.9034256949841
53.91640400242277
54.94909298562108
56.00158470159285
57.07398337821061
58.16640002456096
59.27895993312956
60.41179402492153
61.565043404530314
62.73885586312906
63.93339397540275
65.14881761218695
66.38530018840444
67.64302114904173
68.92225046233271
70.22292312078157
71.5454927016572
72.89007398431669
74.25687575806154
75.64610561202332
77.0579837617494
78.49272621170469
79.95055595088506
81.43169839678097
82.93638444635098
84.46484184954214
86.01730695661041
87.59401274642005
89.19519520909606
90.82109753122302
92.47195202251194
94.14800331242118
95.84948473189839
97.57664957436754
99.32968019943371
101.10896110922867
102.91458604757038
104.74685019278779
106.6059811597811
108.49221943827484
110.40579598458636
112.34694419608184
114.31588570312364
116.31287446430309
118.33810837567846
120.39181816133939
122.47422392027194
124.58553799911442
126.72598177109428
128.89575613550838
131.09507165709172
133.32412846624774
135.58312236324372
137.87224665927403
140.19169742855658
142.5416569489296
144.92230336568275
147.3338153412376
149.7763650762116
152.25012026036924
154.75524404020194
157.29189499926756
159.86022715118747
162.4603899451578
165.09252828375728
167.75678255282108
170.45328866308435
173.18217810326618
175.9435780042575
178.73761121395995
181.56439638239146
184.42404805667664
187.31667678531463
190.2423892313612
193.20128829399277
196.19347323795748