49.7041765590243
50.176753976932325
50.674405885753174
51.19684146682477
51.743772039678255
52.31491333694524
52.909988767974006
53.528730519263554
54.17088180818203
54.83619894361613
55.524454440411624
56.235433705734884
56.9689388404549
57.724788173231936
58.50281939594927
59.30288527053918
60.12485648632011
60.96862305057061
61.83408991289505
62.72118029785929
63.62983461827046
64.56000804353039
65.51167385295204
66.48481988131306
67.47944787373088
68.49557599512849
69.53323441664772
70.59246860795875
71.67333561010712
72.7759044602342
73.9002583165618
75.04648797905728
76.21469730332497
77.4050009877686
78.61752011391286
79.8523886818156
81.10974583055715
82.38974321339504
83.69253408398147
85.018288444298
86.36717045751668
87.73936027726491
89.13504250432297
90.55440358683471
91.9976355213622
93.4649448047923
94.95652722599701
96.47292891359064
98.01334916835133
99.57901135746566
101.16980143143114
102.78593200129731
104.42762636981833
106.09510568783979
107.78856446797806
109.50833191478036
111.25453999719977
113.02743162330067
114.8272454823773
116.65421100029609
118.50855002449039
120.39049202235995
122.30025837230566
124.23808560041391
126.20418390267183
128.19878459916367
130.2220986873475
132.27434571651156
134.35573764212987
136.4664954532352
138.60681949576724
140.77690794815356
142.97699163846838
145.20723695982585
147.4678569390841
149.75903402471928
152.08095665423923
154.43381415511126
156.81777715009014
159.23302335193898
161.6797221751854
164.15803230606622
166.66812077565996
169.21014111823123
171.78424180517615
174.39057525012853
177.0292741590788
179.70047634413206
182.40432089696006
185.14092382514065
187.91041200302985
190.7129024886351
193.54850757778698
196.41733535773835
199.31948948522802
202.25506928590357
205.22416986349393
208.2268822181202
211.26329337319152
214.3334865100883
217.4375411103041
220.57553310413937
223.74753502551977
226.9536161722809