51.24523809763519
51.720168475629336
52.220332684419496
52.74544180013485
53.295208663994146
53.86935068984915
54.46759240102815
55.089666163079315
55.73531932595534
56.40430635846977
57.096548129424605
57.81138832986354
58.54901396683916
59.30927122578659
60.09182541550264
60.89658435607195
61.72342385658413
62.572228657905015
63.44291117718967
64.33539049078468
65.2496076800061
66.18552006622384
67.14310079501365
68.12233695153095
69.12323303817618
70.14580560077701
71.1900875018866
72.25612240906678
73.34396820927525
74.45369548397888
75.58538419627001
76.73913226706998
77.91503749671921
79.1132169417365
80.33379296074808
81.57689741028868
82.84267133494085
84.13126474904826
85.44283327064029
86.77753968377297
88.13556118023018
89.51706580711695
90.92224409227212
92.35128019515297
93.80436877932125
95.28170838293372
96.78350231020566
98.30995548586854
99.86127874110478
101.43768412681227
103.03939273360689
104.6666181910799
106.31957347904438
107.99850001533096
109.70360407639649
111.43514012695695
113.19329942801578
114.97832097156981
116.79043159866069
118.62985466505187
120.49682847613735
122.39159875499496
124.31429719965122
126.26524142714392
128.24461546158062
130.25265741297957
132.28956700216062
134.35556535837526
136.4508648128615
138.575675552494
140.73020235347374
142.91464982128255
145.12921958465117
147.37410488964542
149.64950004813093
151.95559312000648
154.29256954673065
156.66060633198484
159.05988545287036
161.4905726563185
163.95281779206678
166.44683789075606
168.97273500676425
171.530683615447
174.1208249535962
176.74330581360277
179.39826587517666
182.0858371325069
184.80614513844304
187.55931943681801
190.34547379385128
193.16472435138516
196.01718094132417
198.9029488066762
201.82212877361738
204.77481735478148
207.76110686213286
210.78108552880346
213.83483763931505
216.92244366739487
220.04398042101857
223.1995211937961
226.38913592223867
229.61289134826862