69.10760189219081
69.60656645588145
70.13238318577343
70.68478591665176
71.26351360641529
71.86830481274244
72.49890473236741
73.15506556760783
73.83655078803457
74.54313527446052
75.27460447045917
76.03076609973785
76.81143458020453
77.61644426628946
78.4456486713267
79.29891374354428
80.1761262618502
81.0771870568479
82.00201760987595
82.95055207435969
83.92274299937611
84.91855847011388
85.93798082781164
86.98100938449635
88.04765427341044
89.13794844885189
90.25192370192222
91.38963672003557
92.55115076482741
93.73654139172865
94.9458966972189
96.17931426597356
97.43690109850404
98.71877403426711
100.02505981135837
101.35589329770647
102.71141545128805
104.09177695391544
105.4971342181175
106.92765043933792
108.38349542124773
109.86484443524834
111.3718774077716
112.90477972533596
114.46374090377783
116.04895450705864
117.6606181023749
119.29893039363536
120.9640961661233
122.65631985480307
124.37581425073685
126.12278231940019
127.89743682939273
129.69998793544755
131.53065449785157
133.38964413635705
135.27717056553576
137.19344677177747
139.13868283488836
141.1130916328074
143.11688155758324
145.15026296226148
147.21343050069135
149.30661128471144
151.42998717058262
153.58376068823526
155.7681328772319
157.98329008955105
160.22942461371116
162.50672156418184
164.81536475126285
167.1555291276376
169.5273824981859
171.93111158107297
174.36686528916928
176.8348050618855
179.33509028883017
181.867872212624
184.4332995499897
187.03150412060597
189.6626218353637
192.32679333139345
195.02413243613216
197.75476828192552
200.51881144340297
203.31637333151295
206.14755995109124
209.01247117518702
211.9111985301431
214.84384654477603
217.81048475262818
220.81120915980392
223.8460853100703
226.91519799537014
230.01860453072285
233.15637474586606
236.32856982366198
239.53524664881556
242.77645890394473
246.0522568918109
249.3626877081771
252.70779541845343
256.0876212372237
259.5022037102085