22.612466569800244
23.02983251887663
23.468548097854804
23.928292400981768
24.408783157387663
24.90969295066619
25.430791986868332
25.97181841337757
26.532526166191943
27.112696131758778
27.71212343233123
28.33062030344486
28.968017097293345
29.624153776034863
30.298903639787603
30.99213573609879
31.70374767437119
32.43364978750777
33.18177649037641
33.948046655155295
34.73243959569027
35.534918660367985
36.35546785748287
37.194089434370454
38.050792766480996
38.9256061542964
39.818562632212284
40.72972413999321
41.65912621844209
42.60689374508247
43.57306353511557
44.55774785406648
45.56104998003306
46.58308951796031
47.62398645485271
48.68386682985466
49.76290090106802
50.8612117467756
51.97959131355701
53.11632717861296
54.273470600757804
55.450574090206665
56.6478242146579
57.86541020653579
59.10353309726987
60.36239259154149
61.64219680489498
62.943157133065704
64.26549087867542
65.60942027539652
66.97516682953795
68.36295956242358
69.77302869785653
71.20560950660463
72.66093346144304
74.13924835255301
75.6407860298937
77.16579271567934
78.71451012457912
80.2871839343201
81.88405913413285
83.50538330439468
85.15140104104518
86.82236370383885
88.51851307856205
90.24009174516752
91.98736032426731
93.76054807712946
95.55990304630215
97.38567253476073
99.23807955227677
101.11739730038137
103.02383034731763
104.95762458473433
106.91901280363467
108.9082199620395
110.92546262057489
112.97101095479918
115.04503451434778
117.14776804349692
119.27942518515793
121.44021597206752
123.63034669915208
125.85001980448011
128.0994337629616
130.3787829907248
132.68825776119067
135.02804413288553
137.39832388915204
139.79927448984282
142.23106903503947
144.69387624081756
147.18786042699097
149.71318151676465
152.26999504817567
154.85845219711106
157.47869981175043
160.130880458101
162.81513247647365
165.5315900484473
168.28038327406435
171.06163825886998
173.87547721041864
176.72201854383343