38.67744400643732
39.13133554101609
39.609036550954166
40.11024230026016
40.63465291197921
41.18197769968547
41.75193185833118
42.344245050575644
42.958980761932494
43.59492703360494
44.25282157572133
44.93212800668634
45.63264984624509
46.35420610873054
47.09663375334012
47.85978813831431
48.6435388974426
49.44777929955849
50.27241158709616
51.11735721735429
51.982562141708684
52.86797683423764
53.773574564202114
54.69934213110907
55.6452806668325
56.6114087430289
57.59775391191636
58.60435901579679
59.631285228241715
60.678596270487716
61.746373650988694
62.83471117408303
63.943709133186736
65.07348088343365
66.22415010518725
67.39584605203433
68.58871335539334
69.80289951145936
71.03855945363391
72.29586145644437
73.57497460165915
74.8760768641593
76.19935462425698
77.54499867738069
78.91320383887138
80.30416790213597
81.71810146479828
83.1552112754022
84.6157117632299
86.0998221021618
87.60776272025032
89.13975708288565
90.69602984825458
92.27681031037288
93.88231368478259
95.51282481833314
97.1685220455687
98.84965831629269
100.55647102693275
102.28919686135981
104.04806265517679
105.83331910846807
107.64519491475477
109.48391976411666
111.34973370708116
113.24286693092442
115.16355060980176
117.11201515887923
119.08848675403932
121.09319227747298
123.12635149595346
125.18818733570131
127.27891350035796
129.3987454769451
131.54790387089028
133.72658121934055
135.93498579590408
138.17332234355257
140.44178382096476
142.74056071748987
145.06984213064652
147.4298146805611
149.82065346323841
152.2425362759061
154.69563017418676
157.18010279490704
159.69611706327123
162.2438266494446
164.82338437039581
167.43493738093065
170.07862818645907
172.75459466626697
175.46297010907955
178.20388326059353
180.9774583825877
183.7838153231924
186.62306959788958
189.49533248073746
192.400711105314
195.33930857496415
198.31122408166453
201.31655303309535
204.35538718732144
207.42781479455627