0.
0.
0.
0.
0.
0.
0.
0.
0.
1.9859446137283985e-12
5.9578338411851955e-12
8.316143069987669e-12
5.461347687753096e-12
3.016153382100005e-11
1.5875144755991386e-10
7.403849763056186e-10
2.975938003672005e-9
1.0322319494468426e-8
3.1668245175128116e-8
8.743779006092571e-8
2.2050762248379572e-7
5.141234516681598e-7
1.119338210878814e-6
2.294757884069319e-6
4.4611654089687554e-6
8.273418202297145e-6
0.000014711689530247826
0.000025193068417812832
0.00004170458951407042
0.00006695737267986576
0.00010456125417262373
0.0001592187104142334
0.00023693616026376096
0.00034525046398659016
0.0004934682701681195
0.0006929154179615252
0.000957193964369868
0.0013024440851604046
0.0017476084183666513
0.0023146967442839385
0.0030290488109650615
0.0039195938006147376
0.005019104846885963
0.006364447617305019
0.007996822100662852
0.009961997047031997
0.012310536806456367
0.015098020434496841
0.018385253303070125
0.022238471317988163
0.026729538337367957
0.031936136987768475
0.0379419537112826
0.044836858231007644
0.05271707817900295
0.06168536913212306
0.07185118053744188
0.08333081769582514
0.09624759994651487
0.11073201508748003
0.12692186986831333
0.14496243618889537
0.16500659283737865
0.18721496186475606
0.21175603928285486
0.2388063191609265
0.26855041030671944
0.30118114477340385
0.33689967721364994
0.37591557432272554
0.41844689338694996
0.46472024938888656
0.5149708698276061
0.5694426367529419
0.6283881155714932
0.6920685702956997
0.7607539650974717
0.8347229520210266
0.9142628450596088
0.9996695806754069
1.0912476650754563
1.189310108550599
1.294178347163731
1.406182152198298
1.5256595275349814
1.6529565950245875
1.7884274679297554
1.9324341118989048
2.085346193091494
2.247540912174149
2.4194028229017723
2.601323633175661
2.793701986103542
2.9969432177636035
3.211459087926916
3.4376674791834696
3.675992059467008
3.9268619022011673
4.190711058268957
4.467978073482337
4.759105445666912
5.064539015793657
5.3847272888620665
5.720120681466332
6.071170695571878
6.438329020569641
6.822046569163626
7.222772456653971
7.640952937133927
8.077030314481627
8.531441849706257
9.004618689297596
9.496984841195394
10.0089562254222
10.54093982528878
11.093332962094987
11.666522711967191
12.260885477536807
12.876786720893183
13.514580857419968