0.
0.
0.
0.
0.
0.
0.
0.
3.971889227456797e-12
1.9859446137283985e-12
5.9578338411851955e-12
8.812629223419768e-12
1.464634152624694e-11
6.615677994482727e-11
3.508915889381364e-10
1.5819290063730273e-9
6.064578364173097e-9
2.022225339390449e-8
5.989497245620328e-8
1.6018107943872158e-7
3.9248980542498324e-7
8.914401437581047e-7
1.894937832953526e-6
3.800519832550483e-6
7.24085311064135e-6
0.000013180683867416945
0.000023036964221812492
0.000038823025336144326
0.00006331665312187432
0.00010025141389545339
0.00015452959120757322
0.00023245457462754462
0.00034198006786497447
0.000492973282285777
0.0006974888913931956
0.000970050702441352
0.0013279380244354403
0.0017914739010580364
0.0023843126678777518
0.0031337246057344973
0.004070875777588453
0.005231101572158795
0.006654172839616657
0.008384553759418292
0.010471650974822673
0.012970053919372383
0.01593976617882049
0.01944642840249076
0.023561533009459425
0.028362631260269385
0.03393353341395764
0.040364502436348156
0.04775244191522023
0.056201078834486815
0.06582114148479448
0.07673053306313415
0.08905450094619557
0.10292580183593593
0.11848486265833001
0.1358799368387172
0.1552672555041771
0.17681117309708458
0.20068430656971953
0.22706766724838268
0.25615078452919704
0.288131820251513
0.32321767280708297
0.36162406979281747
0.40357564838804616
0.4493060223780381
0.4990578349864586
0.553082796920483
0.6116417089661295
0.6750044686805197
0.7434500610187174
0.8172665327731312
0.8967509507575894
0.9822093440523464
1.0739566304219805
1.1723165273752365
1.2776214479999968
1.3902123820873664
1.5104387625668454
1.638658317405874
1.775236906727992
1.9205483446676501
2.0749742051527695
2.2389036102082605
2.41273299889484
2.5968658746000637
2.791712527335126
2.997689727444236
3.2152203860957163
3.444733177476151
3.686662117039422
3.9414460895663352
4.20952832085867
4.491355786961615
4.7873785552189085
5.098049053003963
5.423821261121391
5.765149831848752
6.122489134220983
6.496292233206216
6.88700981346579
7.295089062951018
7.720972536128384
8.165097020554155
8.62789243366726
9.109780778618326
9.611175187949732
10.132479082407173
10.674085468483877
11.236376393045957
11.819722566885424
12.42448316171807
13.051005777757686
13.6996265722371
14.37067053335087
15.064451879794431