0.
0.
0.
0.
0.
0.
0.
0.
3.971889227456797e-12
3.971889227456797e-12
6.08195537954322e-12
9.309115376851867e-12
1.899059536877781e-11
9.445649069045696e-11
4.961137888170255e-10
2.1923587320177938e-9
8.256688853114175e-9
2.7071776366653736e-8
7.89422913680107e-8
2.0823324355557062e-7
5.038957127859202e-7
1.1315444470824805e-6
2.3805238811301005e-6
4.7292640840544e-6
8.931873654171092e-6
0.000016128168994364986
0.000027978647920668203
0.00004682494231962482
0.00007587530860237308
0.00011941394192267858
0.00018303224302672748
0.00027387922725068695
0.0004009282413507043
0.0005752567248859797
0.000810335599585448
0.0011223249653298246
0.0015303730195700019
0.002056915324658119
0.0027279717975483998
0.0035734393067126317
0.004627378129383746
0.005928290842102174
0.007519392580967528
0.009448872248217026
0.01177014427687849
0.014542090771783997
0.01782929458673231
0.021702263485256473
0.026237646049419187
0.03151843998181968
0.037634193478764
0.044681200290986114
0.05276268916203585
0.061989008155341745
0.07247780426440725
0.08435419857970414
0.09775095710336822
0.11280865717185444
0.12967584916433195
0.14850921303185946
0.16947370913062365
0.19274272242758334
0.21849819925547062
0.2469307756059299
0.2782398957488726
0.3126339201780001
0.35033022161794497
0.39155526807672275
0.43654469184166805
0.48554334351909767
0.5388053303195989
0.5965940378512893
0.6591821350591093
0.7268515618626893
0.7998934994081405
0.8786083228833762
0.9633055370970475
1.0543036949702875
1.1519302993315017
1.2565216883032841
1.3684229044959415
1.487987548430507
1.6155776159232635
1.7515633194369953
1.8963228928050382
2.0502423783176615
2.213715394903747
2.3871428852840437
2.5709328395451783
2.7654999918968355
2.971265486524663
3.188656507896253
3.4181058701060256
3.6600515594862455
3.9149362240698107
4.1832066036778945
4.46531289454899
4.761708043282352
5.072846966056299
5.399185691356497
5.741180426927913
6.099286555272868
6.473957565985109
6.865643937830436
7.274791988078477
7.7018427112656385
8.147230633270556
8.61138270954343
9.094717297472393
9.597643232351802
10.120559033761767
10.663852264745406
11.227899059906338
11.813063831354318
12.419699153670896
13.048145821404246
13.698733065990544
14.371778913411054
15.06759066023199
15.786465443458898