0.
0.
0.
0.
0.
0.
0.
0.
0.
0.
1.9859446137283985e-12
7.943778454913594e-12
1.9859446137283985e-12
4.5924969192469216e-12
8.316143069987669e-12
2.9665047667567954e-11
1.3144470912114837e-10
5.23420527255791e-10
1.8711321907472253e-9
5.937229665817763e-9
1.7010732710428956e-8
4.455516389515005e-8
1.0788855120694733e-7
2.438298112981919e-7
5.184968740722049e-7
1.0445413306488845e-6
2.005348657941447e-6
3.6873595913663935e-6
6.522185804023774e-6
0.000011139428337886981
0.000018431306944096547
0.000029629743157805087
0.00004639632669221766
0.00007092520387774748
0.00010605866249333033
0.00015541498514295483
0.0002235277533405924
0.00031599556017909095
0.00043964114072079125
0.0006026786149718906
0.0008148874365229166
0.0010877918014197934
0.001434844077828024
0.0018716110374923554
0.0024159616048304946
0.003088254999492101
0.003911528309572282
0.004911682492081078
0.006117666188005017
0.007561656598667131
0.009279237029051306
0.011309570653487597
0.013695570346808924
0.016484064392066115
0.019725958001375235
0.023476390801697826
0.027794890296352605
0.03274552146796094
0.038397032835612306
0.044822999078083264
0.0521019605095825
0.06031755961307062
0.06955867485581484
0.0799195519714988
0.09149993282692741
0.10440518193439424
0.11874641071993158
0.13464059943958134
0.15221071668609473
0.17158583634828536
0.19290125179006012
0.21629858695843485
0.24192590424440627
0.2699378085327966
0.3004955472337872
0.33376710585886127
0.369927298708096
0.4091578543012795
0.45164749516956615
0.4975920116883045
0.547194329622241
0.6006645711754434
0.6582201092610844
0.7200856150638236
0.7864930985432705
0.8576819422240883
0.9338989280781124
1.0153982577556642
1.1024415664380116
1.1952979303421303
1.294243868358238
1.399563337990524
1.5115477258752572
1.6304958331873198
1.7567138560556903
1.8905153611791476
2.0322212565446334
2.182159757164619
2.3406663454268535
2.508083725537662
2.6847617711288785
2.871057464868747
3.0673348285695785
3.273964841710154
3.4913253460839444
3.719800933464651
3.959782813063639
4.211668654594516
4.475862402572784
4.752774056868343
5.042819414092057
5.346419764251529
5.664001536928749
5.995995891431281
6.342838245765414
6.704967740284281
7.082826632904925
7.476859624712409
7.887513116873213
8.315234402491189