0.
0.
0.
0.
0.
0.
0.
0.
0.
1.9859446137283985e-12
1.9859446137283985e-12
7.943778454913594e-12
2.1100661520864233e-12
4.964861534320996e-12
1.1667424605654342e-11
4.8283278421271685e-11
2.158473552046053e-10
8.482465931387422e-10
2.9585609883018816e-9
9.185242081570558e-9
2.579282803541265e-8
6.628884526164022e-8
1.57766915517658e-7
3.509515396411633e-7
7.354922293850836e-7
1.4619237105915697e-6
2.7719124802667714e-6
5.038313309439739e-6
8.816334003096678e-6
0.000014907161962566346
0.000024434690535063755
0.00003893611457980847
0.000060466456566757444
0.00009171689710046938
0.00013614647792614725
0.00019812634791361794
0.00028309560881967927
0.0003977273652062368
0.0005501038368443211
0.000749898878815635
0.0010085665500566665
0.001339534090948085
0.0017583980395654807
0.0022831219431401124
0.0029342345369613707
0.0037350271661378558
0.004711749577766779
0.005893803070183449
0.007313930525146561
0.009008402600447827
0.011017199810499149
0.013384190167092377
0.016157302321994513
0.019388694069507446
0.023134916425211934
0.02745707324403174
0.032420976726275356
0.0380972989787228
0.04456171984027481
0.05189507136227825
0.06018347908515055
0.06951850035607077
0.07999725993411855
0.09172258297880692
0.10480312550442572
0.11935350234897521
0.13549441256435074
0.15335276220220914
0.17306178416150614
0.1947611549703557
0.21859710816671118
0.24472254387323156
0.27329713418168083
0.30448742392881833
0.33846692642377024
0.3754162136178583
0.4155230003194505
0.45898222212106204
0.5059961064419317
0.556774236647967
0.6115336087127302
0.6704986804369654
0.7339014129926982
0.8019813047376659
0.8749854174150169
0.9531683947432404
1.0367924735940572
1.126127488078499
1.2214508665411832
1.3230476221526433
1.4312103369023677
1.5462391397681798
1.6684416788971257
1.7981330881293982
1.93563594791383
2.081280240441434
2.235403298730374
2.398349749130512
2.570471446455752
2.7521274005559744
2.9436836928493966
3.1455133809004163
3.3579963885242647
3.5815193786117034
3.816475605169202
4.063264740536792
4.3222926733182
4.593971271958117
4.878718108551415
5.176956137192487
5.489113321086465
5.8156222027988695
6.156919412538461
6.513445110258726
6.885642358638307
7.27395642583746
7.678834019313782
8.10072245462757
8.540068766395724
8.997318771961817