-0.67772515911804E+00
-0.84722182139702E-01
-0.25105974654007E-01
-0.10593533845545E-01
-0.54251534483868E-02
-0.31404398197794E-02
-0.19783165697198E-02
-0.13258314826510E-02
-0.93158395092700E-03
-0.67946016768843E-03
-0.51076833730599E-03
-0.39366124488942E-03
-0.30982526685914E-03
-0.24824188847887E-03
-0.20198533057197E-03
-0.16656888436432E-03
-0.13899309729123E-03
-0.11720204205921E-03
-0.99754470402822E-04
-0.85618890440096E-04
-0.74045359971055E-04
-0.64478155952525E-04
-0.56500440362426E-04
-0.49795116249579E-04
-0.44118086963301E-04
-0.39279386334698E-04
-0.35129793990348E-04
-0.31550381622355E-04
-0.28446706335344E-04
-0.25742105091972E-04
-0.23374308624758E-04
-0.21291523638538E-04
-0.19454664773772E-04
-0.17825877518134E-04
-0.16377199962508E-04
-0.15084548377933E-04
-0.13927310643032E-04
-0.12888205411155E-04
-0.11952427448467E-04
-0.11107442415825E-04
-0.10342472208445E-04
-0.96482191482476E-05
-0.90166841772367E-05
-0.84408869092628E-05
-0.79148029532234E-05
-0.74331482522679E-05
-0.69912891835926E-05
-0.65852369722024E-05
-0.62113046445825E-05
-0.58664679931582E-05
-0.55478670504769E-05
-0.52530638664902E-05
-0.49798494120748E-05
-0.47262686494581E-05
-0.44905733779397E-05
-0.42711942823609E-05
-0.40667372878339E-05
-0.38759363695409E-05
-0.36976665431826E-05
-0.35308830657944E-05
-0.33746883265912E-05
-0.32282194780925E-05
-0.30907359117558E-05
-0.29615605706723E-05
-0.28400609028482E-05
-0.27256181610372E-05
-0.26177789179190E-05
-0.25160339508661E-05
-0.24199601392310E-05
-0.23291924757662E-05
-0.22432450848912E-05
-0.21619188049227E-05
-0.20849214621280E-05
-0.20119886579747E-05
-0.19424540919788E-05
-0.18765475293090E-05
-0.18139683668653E-05
-0.17544072094198E-05
-0.16976971001332E-05
-0.16436995736925E-05
-0.15922179658183E-05
-0.15431062298903E-05
-0.14962311083695E-05
-0.14514580191091E-05
-0.14086341654052E-05
-0.13677427976146E-05
-0.13285845998826E-05
-0.12910886986582E-05
-0.12551652859755E-05
-0.12207322737438E-05
-0.11877040209054E-05
-0.11560110700546E-05
-0.11255741451323E-05
-0.10963375865809E-05
-0.10682357447320E-05
-0.10412066034389E-05
-0.10152072729631E-05
-0.99017650464418E-06
-0.96606997651033E-06
-0.94283661582535E-06
-0.92045085215998E-06
-0.89885174922441E-06
-0.87801573600984E-06
-0.85790139712050E-06
-0.83847703644122E-06
-0.81971258779394E-06
-0.80157538160911E-06
-0.78403986025579E-06
-0.76707651344074E-06
-0.75066354799645E-06
-0.73477501937040E-06
-0.71938894275525E-06
-0.70448380230502E-06
-0.69003973265536E-06
-0.67603712857041E-06
-0.66245855167153E-06
-0.64928616684511E-06
-0.63650348177661E-06
-0.62409523177349E-06
-0.61204655949780E-06
