-0.25064763089326E-10
 0.30218402751214E-09
-0.11761895338885E-07
 0.12481064200624E-08
 0.88474814082124E-07
-0.57461806835402E-08
-0.11887740582379E-08
 0.18027161162995E-07
-0.94140297227191E-08
 0.16149321124276E-07
 0.24925973511964E-06
 0.19367029074421E-05
-0.56495903676983E-05
 0.10179740872580E-05
 0.29541227347534E-06
-0.29137042788374E-07
-0.18646225442592E-06
 0.57627513554418E-06
 0.63351729940225E-05
-0.19202901820383E-06
-0.75512422834187E-07
 0.20006201548509E-07
 0.12845449839792E-07
 0.25668583013135E-07
-0.56896809050709E-07
-0.35807524504603E-06
 0.28650424088615E-04
 0.42233835227364E-06
 0.32114245502597E-05
 0.11656985841075E-04
-0.13425901911270E-03
-0.20024184668298E-03
-0.13413390891757E-03
 0.87689302353666E-04
 0.27971998175907E-05
 0.19557811347529E-05
-0.27907921318027E-05
 0.17519769358011E-04
 0.66344862264303E-05
-0.92182353337121E-05
-0.49629206670974E-05
 0.14966403196800E-04
 0.10242769907103E-05
-0.25862671973547E-05
-0.31947672368295E-05
 0.19798614496099E-05
-0.63539547911061E-04
 0.15830695760807E-03
-0.29331841099195E-04
 0.10713572644204E-04
 0.32756720041618E-04
-0.97447512165027E-05
-0.62476673492228E-05
 0.11410088289830E-04
 0.10287229774954E-04
-0.32909263161954E-04
-0.54255228337206E-05
-0.42657461173748E-04
 0.74864887094346E-04
-0.32182850505968E-04
 0.21577430485138E-04
-0.18014706889384E-03
 0.54934565312830E-04
-0.11496737461530E-05
 0.13735474733007E-02
-0.49040516695011E-04
 0.20837748043336E-03
-0.14454096724124E-04
-0.28918599353144E-04
 0.27873581691073E-02
-0.26652506672792E-02
 0.18645702610828E-02
 0.12999223623764E-02
 0.35481250716620E-02
 0.22172212808803E-02
-0.44538430809971E-02
 0.59872585092071E-04
 0.25704877448246E-04
-0.23295253392185E-02
 0.31897148518754E-03
 0.79467061714680E-05
-0.75465093339539E-04
 0.53376626930003E-06
 0.13079035692703E-03
-0.28552645913933E-02
-0.63660640906153E-04
 0.42474335912867E-03
 0.16687463342577E-04
-0.63909373951017E-04
 0.12303556138032E-03
 0.14465567093284E-03
 0.16029000013133E-03
-0.25058516302290E-05
 0.18421143918914E-03
 0.62344560369597E-04
-0.43805637279493E-03
 0.12961834474692E-03
 0.89245329108075E-03
 0.44364864787772E-03
-0.45872140981183E-03
 0.92397420028240E-03
-0.20132148421433E-03
 0.38189635597810E-03
-0.27430834328127E-04
-0.21862246827462E-03
 0.25044140639833E-03
 0.28367822524293E-03
 0.34689109224984E-03
 0.10755532795108E-04
 0.13212233847620E-03
 0.19921751603361E-04
-0.13255381864431E-04
-0.34563937638397E-04
 0.12889221168994E-03
-0.79457966860455E-03
-0.55242617821947E-04
 0.15519594247771E-03
 0.33383911930248E-07
 0.33901928229143E-07
 0.34011119893576E-07
