0.
0.
0.
0.
0.
5.9578338411851955e-12
5.9578338411851955e-12
5.9578338411851955e-12
4.902800765141984e-11
5.304954549421985e-10
4.212685011871365e-9
2.4178503307528177e-8
1.0788234513002944e-7
3.9425679964504806e-7
1.2270510059874464e-6
3.3492290619083843e-6
8.200110780527514e-6
0.000018328763190452836
0.00003792688880573937
0.00007347336134372239
0.00013447414313548807
0.00023427452728789453
0.00039091827978946924
0.000628027768582498
0.0009756815589421515
0.0014712698831984275
0.0021603127704792223
0.0030972306295880677
0.004346061760863349
0.005981125301602705
0.008087631433983488
0.010762243401058247
0.014113597445921075
0.0182627878757006
0.023343824740369716
0.02950407109294165
0.03690466631056903
0.04572094032374028
0.05614282237208849
0.06837524589083553
0.08263854943304239
0.09916887146484808
0.1182185350948241
0.14005641705776706
0.16496829363013105
0.19325715518888387
0.2252434799201035
0.26126545682144325
0.3016791478237276
0.34685857923761954
0.397195752855175
0.45310056807176974
0.5150006470552029
0.5833410559327266
0.6585839157366765
0.7412078975864118
0.8317075967333434
0.9305927799153563
1.0383875000241902
1.1556290705184609
1.2828668902696065
1.4206611073587743
1.5695811073309711
1.7302038091338163
1.9031117497469439
2.08889093770666
2.2881284576205747
2.5014098123994
2.7293159998360075
2.97242033571987
3.2312850572552603
3.5064577686947818
3.7984678229069546
4.107822765841637
4.435004999207822
4.780468834632749
5.144638113907321
5.5279045503922
5.930626905686741
6.353131057456454
6.795710946546866
7.258630324958232
7.7421251707554175
8.246406599267964
8.77166408487897
9.318068813317103
9.885777005895896
10.474933088640972
11.08567261452711
11.718124880932766
12.372415214178286
13.048666916337979
13.74700288671325
14.46754694155424
15.21042486204664
15.975765203297284
16.763699897136352
17.574364679930927
18.407899373994336
19.264448048059048
20.144159078998825
21.047185133965417
21.97368308904897
22.92381389815914
23.897742423344134
24.89563723607746
25.91767039705575
26.9640172210102
28.03485603161577
29.13036791075813
30.250736445605746
31.396147476299802
32.56678884652903
33.76285015886429
34.98452253637496
36.23199839176985
37.505471205056025
38.80513531059294
40.1311856941933
41.48381780085956