-0.58715667739942E-06
-0.48534927163496E-06
-0.63043973355100E-06
-0.97955301407177E-06
-0.14709432554472E-05
-0.20313040816735E-05
-0.25969358829065E-05
-0.31116101597830E-05
-0.35401422938950E-05
-0.38630079439825E-05
-0.40759477911242E-05
-0.41863750053009E-05
-0.42092313385490E-05
-0.41631614874532E-05
-0.40672796469856E-05
-0.39387272148578E-05
-0.37915091245607E-05
-0.36359516712746E-05
-0.34790437442438E-05
-0.33249963900305E-05
-0.31761017827570E-05
-0.30334206544557E-05
-0.28973632390523E-05
-0.27680372935086E-05
-0.26453623629575E-05
-0.25291929626507E-05
-0.24193222315614E-05
-0.23154954512192E-05
-0.22174352795888E-05
-0.21248379904637E-05
-0.20374034591968E-05
-0.19548324464866E-05
-0.18768350474452E-05
-0.18031289642127E-05
-0.17334494608835E-05
-0.16675528502685E-05
-0.16051840797556E-05
-0.15460757475264E-05
-0.14901926810220E-05
-0.14371658972343E-05
-0.13868668380566E-05
-0.13391290957207E-05
-0.12937920636443E-05
-0.12507120935616E-05
-0.12097488035850E-05
-0.11707755257311E-05
-0.11336723447668E-05
-0.10983287377581E-05
-0.10646410813961E-05
-0.10325125921953E-05
-0.10018529113120E-05
-0.97257901962942E-06
-0.94461109684001E-06
-0.91787716824708E-06
-0.89230792199874E-06
-0.86783934761259E-06
-0.84441149338999E-06
-0.82196830934488E-06
-0.80045711970437E-06
-0.77982864031316E-06
-0.76003663042998E-06
-0.74103769661647E-06
-0.72279109381126E-06
-0.70525854161140E-06
-0.68840405455375E-06
-0.67219378526709E-06
-0.65659587947076E-06
-0.64158034186285E-06
-0.62711891202908E-06
-0.61318494956826E-06
-0.59975332769971E-06
-0.58680033467693E-06
-0.57430358238847E-06
-0.56224192157850E-06
-0.55059536316607E-06
-0.53934500518580E-06
-0.52847296491327E-06
-0.51796231577003E-06
-0.50779702864447E-06
-0.49796191728551E-06
-0.48844258746158E-06
-0.47922538959715E-06
-0.47029737462715E-06
-0.46164625282494E-06
-0.45326035538447E-06
-0.44512859855166E-06
-0.43724045011658E-06
-0.42958589809415E-06
-0.42215542143371E-06
-0.41493996260994E-06
-0.40793090196053E-06
-0.40112003364347E-06
-0.39449954310269E-06
-0.38806198593045E-06
-0.38180026803126E-06
-0.37570762699575E-06
-0.36977761460017E-06
-0.36400408035375E-06
-0.35838115602254E-06
-0.35290324106287E-06
-0.34756498890292E-06
-0.34236129401622E-06
-0.33728727973341E-06
-0.33233828674404E-06
