99.98635247495577
100.51779705301297
101.07826027334738
101.6675286546669
102.28538868850798
102.93163223777137
103.60605126831238
104.30845262769387
105.03864920237302
105.79646602960763
106.58174099524393
107.39432605195023
108.23408724570241
109.10090407250992
109.99467886904051
110.91531704086749
111.86274716325575
112.83691276161655
113.83776957348864
114.86528870370164
115.91945643460922
117.0002654564959
118.10774458766808
119.24190611518473
120.40278996349926
121.5904445830535
122.80493012177712
124.04632187317081
125.31469546150575
126.61014568553925
127.9327714644983
129.28268151576088
130.6599934698774
132.06483064828262
133.49732630094633
134.957620467763
136.44585619618223
137.9621855669006
139.50676452356635
141.07975675850466
142.68132230693948
144.31164077279934
145.9708407381863
147.6592233941631
149.3768433812633
151.12392560043952
152.900657489462
154.70721684087403
156.54379966168477
158.41061660467614
160.30782498874123
162.2356101288072
164.19418810086435
166.183735138439
168.20443820063795
170.25648373664447
172.34006872897734
174.4553618666551
176.60254933096334
178.7818115822647
180.99332360716707
183.23725422701148
185.51377770209348
187.82305994800808
190.16526000923767
192.54053475240084
194.94903427263654
197.39091449603512
199.86631303250516
202.37519214158766
204.91821784111704
207.49500218508788
210.1058218567486
212.7508030535484
215.43006005342778
218.14370077646583
220.89182576722038
223.6745301224501
226.4919049666177
229.34403564371814
232.23100504292552
235.15288330852573
238.109741344389
241.10164204899914
244.12864226223732
247.19080778768347
250.28809769919903
253.42079330988835
256.5887011552668
259.7919355759669
263.0305288404451
266.30450804306736
269.6138983971542
272.95871504801374
276.3389805382537
279.75470593297734
283.2059028820895
286.6925779932594
290.21473806767926
293.77238425116843
297.365516142742
300.9941336301927
304.65823285097593
308.3578086719