60.32013386000928
60.807939484664765
61.321845888906395
61.86157906894499
62.42686156732707
63.01742165065941
63.63299267880955
64.27331770096927
64.93814810163381
65.62724828471018
66.34039669158248
67.0773884900006
67.8380306922225
68.62214826024561
69.42958579278789
70.26019965164947
71.11387281932964
71.99049462753972
72.88997807900071
73.81225261921249
74.75726273081186
75.72496127046477
76.7153503318922
77.72839692716666
78.76411977395702
79.82253632046807
80.90368362836344
82.00760948940435
83.13437427381741
84.28404836181218
85.45672209045927
86.65248627772499
87.87144569551245
89.1137160667379
90.37942319748954
91.66869936402925
92.98168608676991
94.31853298559933
95.6793963937271
97.06444029898289
98.47383571527132
99.907757304839
101.36638658189361
102.8499128655
104.35852602227378
105.8924217641497
107.45180019270835
109.03686609281247
110.64782293583616
112.28488580739803
113.94898960123179
115.63817037966557
117.35482309307947
119.09843744083986
120.8692284482318
122.66743019988124
124.49324619954261
126.3469011391373
128.22861411008068
130.1386065361971
132.07709571816028
134.04429620850837
136.04042310084472
138.06569254746358
140.1203138544404
142.2044978372648
144.31844914371595
146.46237717822663
148.63647610656827
150.8409483999081
153.0759854205242
155.3417786584782
157.63851595254107
159.96637837377213
162.3255467177193
164.7161923194115
167.1384864373182
169.5926096727848
172.07867922445246
174.59639727408876
177.14738717462137
179.73031028674006
182.34580230990395
184.9940002088545
187.675033195476
190.38903225025805
193.1361123386372
195.9163942004548
198.72998929530047
201.57700562615582
204.4575410002254
207.37169825343074
210.31956888258097
213.3012403175882
216.31679779471165
219.3663214867732
222.44988754742883
225.56756822081118
228.7194319899153
231.90554373135916
235.12596487584645
238.38075357379503
241.6699648652923
244.99365085390653