0.
0.
0.
0.
0.
3.971889227456797e-12
1.9859446137283985e-12
1.9859446137283985e-12
7.447292301481494e-13
1.6135799986543236e-11
1.5862732602155583e-10
1.1893325805465947e-9
6.6617270852135545e-9
2.9697443389079396e-8
1.098151657253406e-7
3.4853526565394766e-7
9.748105951285764e-7
2.452513628648525e-6
5.6414448127505926e-6
0.000012020882159154953
0.000023980622048514743
0.00004518035154758405
0.00008097340753319374
0.00013888757624154434
0.00022915267285996907
0.00036526297643261265
0.0005645621225725309
0.0008488381963576919
0.0012449180819872042
0.0017852516286376886
0.0025084778707035126
0.0034599679217521976
0.004692340728064252
0.006265949820430834
0.008249340835205017
0.010719680801923195
0.01376316100594748
0.017475376387668953
0.021961684302781535
0.027337546051755642
0.0337288542042224
0.04127224854550879
0.050115422969251304
0.060417424934136495
0.07234894851373593
0.086092620943862
0.10184328213694915
0.11980825536717361
0.14020760684458528
0.16327439099863048
0.18925487768399338
0.21840875709135407
0.2510093178280351
0.28734359332183845
0.3277124718771311
0.37243076578621404
0.4218272351836202
0.4762445627460489
0.53603927595666
0.6015816139695811
0.6732553368945573
0.7514574756384309
0.8365980208383206
0.9290995498417685
1.0293967904683128
1.137936120333984
1.2551750000375157
1.381581337799691
1.517632782160603
1.6638159383012117
1.8206255020535749
1.9885633042996769
2.1681372571877575
2.3598601924790854
2.564248581971322
2.7818211304088503
3.0130972331456887
3.258595294305097
3.518830907079379
3.7943149055023326
4.085551307764416
4.393035183220853
4.7172504889333595
5.058667935072488
5.4177429496469856
5.794913820997673
6.190600097898612
6.605201321773137
7.039096152291875
7.4926419276245335
7.966174675678855
8.46000956573893
8.974441764266079
9.509747637241716
10.066186226520207
10.644000920015221
11.243421235276358
11.864664641704897
12.507938356715979
13.173441063842203
13.86136451402573
14.571894984223846
15.305214578771034
16.061502368260502
16.840935368062773
17.64368936376794
18.46993959440857
19.319861306400334
20.19363019196042
21.09142272602276
22.013416415118222
22.959789970808785
23.930723419377696
24.926398158181158
25.94699696796887
26.992703989421972
28.063704671032646
29.16018569454868
30.28233488334383
31.43034109832167