7.334490211024666
7.6875470861042166
8.057943665941679
8.445458366818814
8.849874831968744
9.271007887776477
9.708699618137127
10.162789549757871
10.633170090801283
11.119711696217534
11.622322242630972
12.140921130347259
12.675436397798439
13.225811470333706
13.791999422584379
14.373966605528095
14.97168748331743
15.5851476276785
16.21434234293935
16.859268706351163
17.519959534471006
18.196419400505086
18.88867647907855
19.596795870010173
20.320800599518844
21.06075730347019
21.81673022242742
22.58879237217832
23.37702658806187
24.18152126526483
25.002374822151392
25.839691839359656
26.69358686136437
27.564178746198856
28.45159639458538
29.35597188042475
30.2774535578899
31.216186000388365
32.17232958560673
33.14603215131524
34.137476662102614
35.14683081975847
36.174281625650266
37.22000733227585
38.284201564329514
39.36705878420333
40.46878565571609
41.58958360761981
42.72966552262735
43.889243611967245
45.06854009478912
46.26777438329027
47.48717559611092
48.72697156103995
49.98739631152028
51.26868469406947
52.57107334789942
53.894807918208414
55.2401270927766
56.60727285096858
57.996505296794496
59.408056789157826
60.842185938461014
62.29913920142731
63.77916958424497
65.28252868834083
66.80946877116182
68.36024223311132
69.93510139602009
71.53429828381661
73.15808440574068
74.80671054239089
76.48042653499091
78.1794810782198
79.90412151700075
81.65459364766602
83.43114152387267
85.2340072677522
87.06343088666756
88.91965009605909
90.80290014879229
92.71341367144784
94.65142050798181
96.61714757118197
98.6108187023061
100.63265453931658
102.68287239405817
104.76168613873381
106.8693061020059
109.00593897499375
111.17178772746135
113.36705153438129
115.5919257131072
117.8466016712958
120.13126686567726
122.4461047718293
124.79129486490511
127.16701261139623
129.57342947187868
132.0107129146735
134.47902644032976
136.9785296168132
139.50937812520297
142.0717238157461