7.906374655104743
8.263280584976757
8.63774180274623
9.029519073486512
9.438394696713662
9.86417393903362
10.30668164956432
10.76576427418622
11.241283245534182
11.733118678504274
12.241223874529764
12.765334644125419
13.305549182075536
13.861743145022546
14.433867996326175
15.021879510168977
15.625751476652706
16.245462325025123
16.881002352452114
17.532379462233752
18.19959447683931
18.88267185694789
19.58163883744522
20.296533547318756
21.02740276351663
21.77430181205129
22.53729418082014
23.316453194860035
24.112034719305345
24.923597542084135
25.75177345202919
26.596489069265278
27.457850616492422
28.3359854854974
29.23102354550993
30.14309376582769
31.072338362075257
32.018915069717615
32.9829718169298
33.96467333553925
34.96418735344272
35.98169109697798
37.017348865877146
38.07139627747101
39.14397271940809
40.23529649537061
41.345565950199855
42.47498932815182
43.62377884126355
44.79214789659912
45.980317504090934
47.188507557070096
48.41695080117078
49.66587100284085
50.935509956406236
52.22609409179485
53.53786998342731
54.87107322192698
56.22594782202723
57.602745265291624
59.001710573227186
60.423085677495116
61.86712457970167
63.33407724878252
64.8241961776933
66.33773235228777
67.87493835313946
69.43606655548759
71.02136920441222
72.63109819489165
74.26550485451115
75.9248397291396
77.60935237193337
79.31929113603664
81.0549029713664
82.81643322589314
84.60412545181856
86.41822121709797
88.25895992272578
90.126578626221
92.02131187176484
93.94339152740538
95.89304662976707
97.87050323668403
99.87598428814334
101.90970947595113
103.97189512245897
106.06275406868397
108.18249557222114
110.33132521507105
112.5094448218161
114.71705238823282
116.95434202059417
119.22150388580323
121.51872417236669
123.84618506258185
126.20406471550727
128.59253726115227
131.0117728056003
133.46193744707034
135.94319330280186
138.45569854661147
140.99960745695984
143.57507047532272