11.48386451330684
11.860779588836463
12.256426497980863
12.670526543148059
13.102823320847351
13.55307968270391
14.021079226956056
14.506624447960258
15.009537150821242
15.529657771243325
16.066839957824232
16.62095722801164
17.19189823346713
17.779565212553575
18.38387439048029
19.004753924736825
19.642155964207404
20.296027989883324
20.966341482118537
21.653076268019063
22.356224163639215
23.07578983287459
23.811782676895557
24.56423875259183
25.33318262276339
26.118664524498946
26.92073832538747
27.739470897032426
28.57494061343173
29.427228744558743
30.296428167316456
31.182645427939978
32.08598508632844
33.00657320227609
33.94453547699312
34.90000658181929
35.873132034097246
36.86405932249596
37.872945585883414
38.899964515423235
39.94527625832271
41.00906060347706
42.091506927092226
43.19279812223773
44.313130166827385
45.452703721425976
46.611724486080334
47.79040148204827
48.988947284306036
50.20758435328374
51.446528789630186
52.70601311543453
53.98626445628234
55.28750716952925
56.61000754139562
57.953952701934625
59.31962264979933
60.70724752399043
62.1170756344236
63.549349874282164
65.00432110954979
66.4822346923718
67.98334596424273
69.50787697908397
71.05615345694297
72.62836121397204
74.22476586642048
75.84562253051168
77.49118259629137
79.16169671865877
80.85741447044784
82.57858438598734
84.32545370683665
86.09826817366375
87.89727182297173
89.72270678911273
91.57481311200328
93.45382855097756
95.35998840521769
97.29352534119995
99.25466922759168
101.24364697801941
103.26068240214707
105.30599606543103
107.37980515796862
109.48232337277521
111.61376079383862
113.77432379425444
115.96421494471704
118.18363293262705
120.43277249189185
122.71182434396403
125.0209751496498
127.36040747234507
129.73029975244273
132.13082629298577
134.56215725660363
137.02445867356576
139.51789246093156
142.0426164526186
144.59878444023215
147.1865462244502
149.80604767672983
152.45743081108833