4.28224097962985
4.609244407359368
4.952330674290986
5.311342990417432
5.686145386632572
6.076621794680122
6.482673016363613
6.904215096694818
7.3411787035945055
7.793505515913095
8.261148780356805
8.744073858189903
9.242252488159584
9.755665322402894
10.284302730776878
10.828159400672536
11.387245454827267
11.961563610540198
12.551139201569402
13.155990937674838
13.776152755690902
14.411660840107725
15.062561128225607
15.728902230979129
16.410743548186662
17.10814797204614
17.8211860317606
18.549936889231265
19.294483997190667
20.054918617038282
20.831342227537775
21.6238543266678
22.432571098719784
23.257610912561343
24.099097734629055
24.957161899136004
25.831946681134244
26.723593252828966
27.632184148720423
28.558086215742204
29.501253171890873
30.46192477302386
31.44027536448599
32.43648656291948
33.45073921398164
34.483236890362775
35.53416394370942
36.60372403540889
37.692124652756
38.79957437883074
39.92628716144993
41.07248137167577
42.238379411548024
43.424205328261834
44.630188465946546
45.85655992731078
47.103554422325985
48.37141194114067
49.6603684385592
50.970667315786926
52.302552556167775
53.65626990180296
55.0320666539126
56.430191450921626
57.850894046870266
59.29442509040373
60.76103590456263
62.250978267606676
63.76450419515963
65.30186572392583
66.86331469732158
68.44910255329077
70.05948011469077
71.6946973825761
73.35500333276514
75.04064571607864
76.75187086264783
78.48892349071096
80.25204652032433
82.04148089241359
83.8574653935891
85.70023648718451
87.5700281509226
89.46707172165037
91.39159574755902
93.34382584828172
95.32398458327948
97.33229132885958
99.36896216419915
101.43420976669182
103.52824331690292
105.65126841343078
107.80348699788729
109.98509729020503
112.1962937344952
114.43726695550376
116.70820372585186
119.0092869440685
121.3406956235065
123.70260489208086
126.09518600280563
128.51860635508982
130.9730295266506
133.45861531592828