0.
0.
0.
0.
0.
0.
0.
0.
0.
0.
0.
0.
0.
0.
0.
0.
0.
0.
1.9859446137283985e-12
1.9859446137283985e-12
5.9578338411851955e-12
5.9578338411851955e-12
6.08195537954322e-12
2.358309228802473e-12
7.447292301481495e-12
8.936750761777794e-12
1.899059536877781e-11
4.592496919246921e-11
1.1394357221266686e-10
2.769151520767536e-10
6.353781548547295e-10
1.405676421904632e-9
2.9679942252170914e-9
6.023618256514949e-9
1.176610122864897e-8
2.2204101996867074e-8
4.0571979607702674e-8
7.194034714615781e-8
1.2410987093341924e-7
2.0868231528134995e-7
3.426664269557652e-7
5.504077768548229e-7
8.660832305654054e-7
1.3368931060866106e-6
2.0269397236603636e-6
3.0219472513890196e-6
4.434955284321384e-6
6.41307540039323e-6
9.145377222366882e-6
0.000012872075894100467
0.00001789506317246991
0.000024589926488292757
0.00003341945262497228
0.000044948811630406374
0.00005986241078419505
0.00007898239466468957
0.00010328909144176314
0.0001339431138338094
0.00017230939139587772
0.00021998301485814706
0.00027881687613069526
0.0003509512545339897
0.00043884510907992276
0.0005453091689015735
0.0006735408403258045
0.0008271606699334641
0.0010102506624918572
0.0012273939191680204
0.0014837160808415279
0.001784928071590414
0.002137370244874599
0.002548057962081867
0.003024728324038817
0.003575888197730062
0.00421086330636665
0.004939848423639693
0.0057739585657870345
0.006725281143119415
0.00780692897307424
0.009033094188309746
0.010419102910753196
0.011981470661689786
0.013737958565608792
0.015707630136179738
0.017910908840842975
0.02036963620098467
0.023107130596377458
0.026148246673472316
0.029519435285923643
0.03324880420330252
0.037366179287003434
0.04190316637016838
0.046893213789124914
0.052371675545361616
0.05837587517797526
0.06494517034547252
0.07212101816347194
0.07994704131158696
0.08846909496224188
0.09773533459000593
0.10779628465561186
0.11870490826904528
0.13051667782661558
0.1432896466807181
0.1570845219587137
0.17196473843684099
0.18799653372758304
0.2052490245910787
0.22379428464228035
0.24370742337255916
0.26506666661645695
0.2879534384445949
0.31245244464186256
0.3386517576830086
0.36664290348428724
0.3965209497587548
0.4283845962184944
0.46233626659497357
0.4984822025959453
0.5369325599057627