0.
0.
0.
0.
0.
0.
0.
0.
0.
0.
0.
0.
0.
0.
0.
0.
0.
0.
3.971889227456797e-12
3.971889227456797e-12
3.971889227456797e-12
5.9578338411851955e-12
3.971889227456797e-12
5.9578338411851955e-12
5.9578338411851955e-12
5.9578338411851955e-12
4.096010765814822e-12
6.33019845625927e-12
5.213104611037046e-12
1.1543303067296316e-11
1.3529247681024715e-11
3.0037412282642025e-11
6.181252610229641e-11
1.3789902911576567e-10
2.916856151413585e-10
6.081955379543221e-10
1.21601871129357e-9
2.3689836811012633e-9
4.459314508588761e-9
8.14771014243583e-9
1.4491934332529556e-8
2.5129894899042438e-8
4.253334815683618e-8
7.039391689975516e-8
1.1409586934023216e-7
1.813444223364566e-7
2.8296942835324296e-7
4.3400846000574254e-7
6.549743392091561e-7
9.734620146143163e-7
1.4261728597767694e-6
2.061267148673274e-6
2.9412637830809223e-6
4.146405972211255e-6
5.778679791636143e-6
7.966464644965444e-6
0.000010869893452480996
0.000014687017023217632
0.000019660833554166546
0.00002608715557749796
0.0000343235777417075
0.00004479934844580487
0.000058026437136281576
0.00007461166185025924
0.00009527011891769687
0.00012083970791205261
0.0001522971024927458
0.00019077493763869493
0.00023758039089085293
0.00029421517510487663
0.00036239690460861823
0.00044408192003593544
0.0005414895745674943
0.0006571279558854062
0.0007938210993240268
0.0009547376729780781
0.0011434211173910788
0.0013638212892244548
0.001620327515443812
0.0019178031504929155
0.002261621553045706
0.0026577034745166907
0.0031125558444351268
0.00363331198967122
0.004227773170219475
0.004904451457480607
0.00567261401499272
0.00654232854143656
0.007524510157174269
0.008630969408626708
0.00987446160211658
0.011268737317114409
0.012828594134758496
0.014569929567623143
0.016509795145927222
0.018666451664651508
0.021059425645805874
0.02370956686925881
0.026639107110648885
0.029871720018607835
0.03343258217982677
0.037348435278750175
0.041647649552230034
0.04636028833409106
0.051518173877154856
0.05715495443013286
0.06330617257720761
0.07000933488486215
0.07730398290821257
0.08523176558030279
0.09383651309693969
0.10316431221626557
0.11326358316955233
0.1241851581848309
0.13598236166208177
0.14871109215178754
0.16242990608558486
0.1772001035089971
0.19308581572824485
0.21015409508834781