0.
0.
0.
0.
0.
0.
0.
0.
0.
0.
0.
0.
0.
0.
0.
0.
0.
0.
3.971889227456797e-12
3.971889227456797e-12
3.971889227456797e-12
5.9578338411851955e-12
5.9578338411851955e-12
5.9578338411851955e-12
5.9578338411851955e-12
6.08195537954322e-12
6.33019845625927e-12
7.199049224765445e-12
9.557358453567918e-12
1.799762306191361e-11
3.016153382100005e-11
7.000454763392604e-11
1.5279361371872866e-10
3.3612112587353144e-10
7.071204040256679e-10
1.4372032926475704e-9
2.820537837647758e-9
5.3608092416830956e-9
9.881067425605646e-9
1.7714129468303884e-8
3.088801718500957e-8
5.255628650078505e-8
8.737684638559192e-8
1.4214572342914713e-7
2.2661254034793516e-7
3.544962025335918e-7
5.447834575872058e-7
8.233810771164023e-7
1.225107759182913e-6
1.7961552101651386e-6
2.5970445956802983e-6
3.7061432761307288e-6
5.223802274063509e-6
7.277228541037168e-6
0.000010026079363598557
0.00001366893753569591
0.00001845064644510965
0.000024670635525637754
0.000032692284854800255
0.00004295333435841054
0.0000559775144952057
0.00007238730520626043
0.00009291796922023542
0.00011843293828339364
0.00014994038450206508
0.00018861132384138086
0.00023579899286274778
0.0002930597560040125
0.00036217529255268613
0.00044517641805158573
0.0005443682148143413
0.0006623567533066594
0.0008020771859394368
0.0009668233237418928
0.0011602787368748277
0.0013865491852302866
0.0016501965584732512
0.0019562742380196748
0.0023103637795435644
0.0027186130155585817
0.003187775527184336
0.003725251373512102
0.00433912919673367
0.0050382295074177805
0.0058321493559759015
0.006731308070828508
0.007746994319706954
0.008891414252550436
0.010177740905850151
0.011620164631864991
0.013233944692469636
0.015035461988218236
0.017042272786710604
0.019273163603675116
0.021748207137347018
0.024488819196191378
0.027517816800691666
0.030859477252665763
0.03453959831658678
0.0385855594899463
0.04302638431152188
0.04789280385413646
0.05321732127257488
0.05903427755448643
0.06537991845453797
0.07229246262956708
0.07981217100266257
0.08798141752410873
0.09684476112824068
0.10644901922953089
0.11684334256750437
0.12807929159411235
0.14021091442243078
0.15329482640979109
0.16739029142710224
0.18255930493649936
0.1988666788661481
0.2163801284707456
0.23517036119087426
0.2553111675922607