30.818971685866483
31.25686909635419
31.717491392167368
32.20052798424421
32.70567570767561
33.232641101025806
33.78114274727066
34.35091328242698
34.94169825025106
35.55325856343858
36.18537337817792
36.83783393888448
37.510451538261655
38.20305543246712
38.91548795344318
39.64761075505026
40.39930361093693
41.17045946567365
41.96099508475886
42.7708343318071
43.5999233338677
44.44822245501259
45.31570682813663
46.20236687712933
47.108206684884415
48.033245908014806
48.977515160463554
49.94106362385771
50.92394445034349
51.92623049943904
52.94800207348795
53.98935167977798
55.05038291235902
56.13120867983581
57.23194964650795
58.352747679965596
59.49373355653815
60.65505930308313
61.83688611484577
63.03937512120537
64.26269997899725
65.50704108991745
66.77258118732757
68.05951333263094
69.368026416726
70.69834027058587
72.05064327478122
73.4251622134957
74.82210140021888
76.2416830165532
77.68413297341662
79.14967543910366
80.63853932043837
82.15095696765647
83.68716170814643
85.2473913368267
86.83187732170316
88.44087130225051
90.07460146346665
91.73331343678909
93.41724677469878
95.12664399845656
96.86174627773879
NaN
100.41002828874247
102.22369472961319
104.06402287549932
105.93125234548478
107.8256219959562
109.74736709997866
111.69671285971884
113.67389559811738
115.67913932199444
117.71266572100103
119.77470246193283
121.86546514943481
123.98516809196686
126.13402500165955
128.3122281364156
130.5200099046532
132.75757752544382
135.0250916587251
137.32276260165193
139.65077779832603
142.00932187245314
144.39857466888145
146.81871161651696
149.26990367822629
151.7523173134263
154.26611445332207
156.8114524887347
159.3884842703675
161.9973581213635
164.63821786191764
167.31120284569118
170.01644800773911
172.75408392357696
175.5242368790796
178.32702895070955
181.162578095824
184.03099825241486
186.93239944796676
189.86688791689164
192.83456622608736