27.17012469394051
27.599497679309966
28.05101969924946
28.524378726749916
29.019271555518372
29.53540762451086
30.072506104469003
30.630020032002776
31.208564305306552
31.80703793543466
32.42551384328857
33.06379531433311
33.72169571906561
34.3990496775791
35.0957101411642
35.8115425674551
36.546431224230155
37.30027929226313
38.073001904591116
38.864529633530516
39.67482036146511
40.503828315267924
41.351537742619165
42.21793957104043
43.1030400250809
44.00686714500156
44.929447074235675
45.870833036524026
46.831080139449966
47.810261926909156
48.80846046055997
49.82576778688577
50.86229140673842
51.91814244023123
52.99344270676563
54.088333901835284
55.20294760108587
56.33743465250711
57.49196150869821
58.66668451082471
59.86177932187489
61.077423386211876
62.31380575531943
63.57111384227216
64.84954844033693
66.14930822940525
67.47060338268605
68.81364432352535
70.17864783073031
71.56583365234232
72.97542647674764
74.40764734536116
75.86274148028293
77.3409265735455
78.84244291440554
80.36752932768111
81.91642189207667
83.48936354784693
85.08659550716176
86.7083602978444
88.35489245125555
90.0264608583752
91.72328108519962
93.44561463533265
95.19370067614557
96.96778025229716
98.76809107894488
100.5948831836793
102.4483907911249
104.32884933305672
106.23650187446779
108.17156809197547
110.13430354508942
112.12491684526444
114.14364075545448
116.19069684541735
118.2663098445095
120.37069410279707
122.50406473231475
124.66662885446725
126.85859672893842
129.08016882133472
131.33154461603098
133.6129188417518
135.9244820799759
138.2664206805041
140.6389166891942
143.0421477879854
145.47628724728222
147.94150389073457
150.43796207237688
152.96582166608027
155.52523806718324
158.11636220615404
160.7393405740664
163.39431525968365
166.08142399780522
168.80080022859306
171.55257316759005
174.3368678859289
177.15380540043233
180.00350277314183
182.88607321985236
185.80162622719365