28.024863901742492
28.456306516207142
28.91004207923185
29.38575417216807
29.88313977363302
30.401907517877728
30.9417786318046
31.502487569265217
32.08378355435106
32.685433786339956
33.30721958128189
33.948940015830374
34.61040301189079
35.29145848028134
35.99193966351133
36.71171671510649
37.45067269809256
38.2087080593056
38.98573741158113
39.78169348434463
40.596523432407785
41.43019036707605
42.28267200288748
43.15396049467758
44.044065097105246
44.9530040222325
45.88081020226703
46.82753419344171
47.79323039220838
48.777972629970385
49.781841300308066
50.804928128413934
51.847345248082405
52.90919678380469
53.99061236343904
55.09172056939233
56.2126654981022
57.35359445021358
58.51466894189505
59.69605196326278
60.898039482514605
62.12043795063709
63.36380659822346
64.62821286530517
65.91384839700517
67.22092708686081
68.54964175786216
69.90022044046435
71.27286584770447
72.6678029375923
74.08525433038692
75.52544843595186
76.98861385109545
78.47498408397652
79.98479178664238
81.51827742326437
83.07567605253058
84.65722782446537
86.26318252755654
87.89377213651306
89.54924515562318
91.22984188117772
92.93580712668391
94.6673722244848
96.4248145388394
98.20834162522502
100.01820843470442
101.85465299401888
103.71791386421958
105.60822820975771
107.52580234701975
109.47094809860522
111.44382560178957
113.44467879565128
115.47368284526236
117.5312120859858
119.6173536177193
121.73234880244509
123.8764187710319
126.04977097868404
128.25261205790892
130.48514539442144
132.74756535977053
135.0400662691394
137.3628372133185
139.71606302170247
142.0999241922403
144.51459683376487
146.9602526207615
149.43705876059417
151.9451779731617
154.48476848288442
157.05598402291227
159.6589738513704
162.29388277942203
164.96085121092034
167.6600151933029
170.39150647942103
173.1554526000102
175.9519769462925
178.78119886239216
181.64323374710017
184.53819316454658
187.4661849633296