121.17175066831875
121.72153663281449
122.30157101981281
122.91167869410187
123.55168546318284
124.2214222028849
124.92072723369466
125.64944776483956
126.4074403616476
127.1945738788524
128.0107285085104
128.85579798259053
129.7296887789774
130.63232010258412
131.5636317325748
132.52356506914924
133.51208233062172
134.52915886889124
135.57478103771783
136.64894830314384
137.75167413785817
138.8829798704041
140.0429025178285
141.23148672843658
142.44878840799035
143.69486819135355
144.96982138977984
146.2737131016541
147.60664194655655
148.96870964783892
150.36004175759368
151.7807176039336
153.2308934572097
154.71068551910392
156.22023735774914
157.75968634577924
159.32917388556868
160.92885716224674
162.5588920668983
164.21943585528624
165.9106486243547
167.63270044347695
169.38575695074599
171.16998956739263
172.98557073930596
174.8326727029056
176.71146760244716
178.62194545598666
180.5648572331714
182.5397954190789
184.54712899778804
186.58703168364497
188.65967647133817
190.76523217946863
192.90386832389407
195.0757513474922
197.2810410914704
199.51989987481792
201.79248198623142
204.0993818923514
206.4394361650953
208.81409660154193
211.223070000974
213.66648819028174
216.14448606291157
218.65718609112028
221.20470816201217
223.78716947824816
226.40467540308163
229.05733383214988
231.7443875550864
234.46848196973158
237.22715365763048
240.02132625641354
242.85108461074307
245.716490122319
248.61759879669634
251.5544920394237
254.5271968787232
257.5357688982789
260.5802451823371
263.66066541561014
266.77705760156255
269.9294453247706
273.11785123707443
276.34228820731886
279.6027710731044
282.89930711182575
286.23189545738984
289.6005381163609
293.0052293109401
296.44589875564714
299.92272378105554
303.43550460134327
306.9842852851843
310.5690486255906
314.1897434804858
317.84642489207414
321.53899155811945
325.26743705978174
329.0317413649888
332.8318678508348
336.6677859494424
340.53946407925724