 0.30845932456800E-03
 0.24947296385775E-03
 0.20439085207648E-03
 0.16941133444183E-03
 0.14189800855755E-03
 0.11998891778698E-03
 0.10234569828626E-03
 0.87991161159439E-04
 0.76202096754909E-04
 0.66435709461266E-04
 0.58279034969684E-04
 0.51418737237835E-04
 0.45606590206814E-04
 0.40651561109156E-04
 0.36401927811893E-04
 0.32736869376149E-04
 0.29559385578590E-04
 0.26791058153717E-04
 0.24368039321250E-04
 0.22238018923656E-04
 0.20357879407148E-04
 0.18691862354373E-04
 0.17210171883396E-04
 0.15887838837854E-04
 0.14703835523966E-04
 0.13640381592346E-04
 0.12682360785563E-04
 0.11816896754046E-04
 0.11032933987491E-04
 0.10320982062428E-04
 0.96728397494541E-05
 0.90814198883119E-05
 0.85405479705379E-05
 0.80448489568581E-05
 0.75896221307767E-05
 0.71707439236065E-05
 0.67845943451708E-05
 0.64279692555297E-05
 0.60980425911250E-05
 0.57923117893175E-05
 0.55085517761218E-05
 0.52447548127643E-05
 0.49991832172253E-05
 0.47702384436063E-05
 0.45565036812139E-05
 0.43567045194422E-05
 0.41696893974160E-05
 0.39944277315183E-05
 0.38299807227864E-05
 0.36755048967121E-05
 0.35302333638020E-05
 0.33934684306056E-05
 0.32645777282741E-05
 0.31429841855634E-05
 0.30281614374194E-05
 0.29196289783118E-05
 0.28169465551187E-05
 0.27197117603677E-05
 0.26275547967887E-05
 0.25401357171874E-05
 0.24571429454537E-05
 0.23782883751416E-05
 0.23032937335419E-05
 0.22319545688060E-05
 0.21640045198418E-05
 0.20992479006405E-05
 0.20374904453125E-05
 0.19785537355103E-05
 0.19222703006539E-05
 0.18684855443531E-05
 0.18170554459947E-05
 0.17678467353994E-05
 0.17207340079622E-05
 0.16756010720749E-05
 0.16323395920746E-05
 0.15908480202043E-05
 0.15510319177141E-05
 0.15128023665180E-05
 0.14760765905138E-05
 0.14407768133093E-05
 0.14068301663244E-05
 0.13741682487123E-05
 0.13427268819316E-05
 0.13124457243584E-05
 0.12832680671874E-05
 0.12551405591510E-05
 0.12280129381171E-05
 0.12018378824451E-05
 0.11765707650832E-05
 0.11521695008640E-05
 0.11285943697116E-05
 0.11058078620218E-05
 0.10837745361101E-05
 0.10624608857675E-05
 0.10418352174601E-05
 0.10218675364287E-05
 0.10025294409632E-05
 0.98379402418965E-06
 0.96563578276984E-06
 0.94803053196419E-06
 0.93095532655823E-06
 0.91438838719636E-06
 0.89830903170571E-06
 0.88269761102904E-06
