 0.57931968070379E-07
 0.38739311914777E-07
 0.91036490620562E-08
 0.12511126716376E-06
 0.83055232486320E-07
 0.43006802461465E-07
-0.50139848529828E-08
 0.47610401906322E-07
 0.40966608854817E-07
 0.22555124432262E-07
-0.17185268913796E-05
 0.70041625690130E-07
 0.32187606011355E-07
 0.31663127612460E-07
 0.31042238322049E-07
 0.29745815671625E-07
 0.28834460427442E-07
 0.28409234848396E-07
 0.24927650837248E-07
 0.24896599902166E-07
 0.14769921340531E-07
 0.24094695283590E-07
 0.15588545417308E-07
-0.64363243008136E-08
 0.16795912098889E-07
-0.14233419242047E-07
 0.83028820225231E-07
 0.13348009670348E-07
 0.14005930038576E-07
 0.97404356162266E-07
-0.60302095984989E-07
 0.57460176122790E-07
 0.47963640625392E-07
-0.75291493843276E-08
-0.61139140479327E-07
-0.17799826326704E-06
 0.44814055897067E-08
 0.55573107599743E-08
 0.23576201776958E-07
 0.14024344969088E-08
-0.17046597240953E-06
 0.47640201535347E-07
-0.15927340204531E-06
 0.33890326180595E-07
 0.15094788359604E-06
-0.15502432570587E-06
 0.20989647028639E-07
 0.15545223972553E-06
 0.77079201828003E-08
 0.61782131452003E-08
 0.62203504868487E-07
-0.21461783167638E-08
-0.84587829746186E-08
 0.77742293896448E-08
 0.15767570159286E-08
-0.37388525033429E-07
 0.16196696297430E-07
 0.79477466444536E-08
-0.67178874842230E-08
-0.19856301237916E-07
-0.53490881133407E-08
 0.46370593249943E-08
-0.94189827995068E-05
 0.17250691634122E-07
-0.28915709594716E-07
-0.13202512300338E-07
 0.40858646351931E-07
 0.36225830221646E-08
-0.14901978541569E-07
 0.29271361540973E-08
 0.54140249109163E-07
 0.10334833888016E-07
-0.12564823683104E-07
 0.23169811530787E-07
 0.13060079577010E-07
-0.39428946394640E-07
-0.12544944557925E-08
 0.23467934241765E-07
 0.16919245598179E-07
 0.13538741002116E-07
-0.16494462705471E-07
-0.15603767958973E-07
-0.35597916333344E-07
-0.27944804576121E-07
 0.48071092843080E-08
-0.38140295458523E-09
 0.11235747174403E-07
 0.82693271199954E-09
-0.12540259635077E-08
-0.12565295760764E-08
-0.11896165474961E-08
-0.11192797313214E-08
-0.10456170819012E-08
-0.96877201573609E-09
-0.88875653559774E-09
-0.80567509498106E-09
-0.71955462209298E-09
-0.63041526295994E-09
-0.53830829252649E-09
-0.44318965089242E-09
-0.34505489356817E-09
-0.24386563467865E-09
-0.13955358699080E-09
-0.32039546793977E-10
