 0.00000000000000E+00
 0.00000000000000E+00
 0.00000000000000E+00
 0.00000000000000E+00
 0.00000000000000E+00
 0.00000000000000E+00
 0.00000000000000E+00
 0.69141613187220E-08
-0.79221518961133E-08
 0.12310392575583E-07
-0.21077715073939E-08
-0.11995619487248E-07
-0.11737636736994E-08
-0.19696635651144E-07
-0.26539383768461E-07
-0.43458225075329E-07
-0.21642453683770E-06
-0.64051910200751E-06
-0.16445371306304E-05
-0.36780413774232E-05
-0.76800750187113E-05
-0.15051803275020E-04
-0.27517318276735E-04
-0.47765425212190E-04
-0.79317905338380E-04
-0.12619619981978E-03
-0.19357531792134E-03
-0.28793453399729E-03
-0.41541495099123E-03
-0.58434655594793E-03
-0.80281259072094E-03
-0.10803050930834E-02
-0.14261660925262E-02
-0.18501699718857E-02
-0.23632715048213E-02
-0.29761208110994E-02
-0.36995680028014E-02
-0.45451788449314E-02
-0.55242939899670E-02
-0.66494083441296E-02
-0.79318630069071E-02
-0.93855922099134E-02
-0.11023823799656E-01
-0.12861537929099E-01
-0.14913625695773E-01
-0.17196679618275E-01
-0.19728833552764E-01
-0.22530129854802E-01
-0.25621868918817E-01
-0.29026380698644E-01
-0.32767923784375E-01
-0.36872877384224E-01
-0.41369776397096E-01
-0.46287357378168E-01
-0.51657614752807E-01
-0.57511390759700E-01
-0.63880531558741E-01
-0.70799069529682E-01
-0.78299527641201E-01
-0.86413328946820E-01
-0.95170876061025E-01
-0.10460133899799E+00
-0.11472973747670E+00
-0.12558088941419E+00
-0.13717287860335E+00
-0.14952140981330E+00
-0.16263746034545E+00
-0.17652632078052E+00
-0.19118823201350E+00
-0.20661747852282E+00
-0.22280163021819E+00
-0.23972186220419E+00
-0.25735295100156E+00
-0.27566015545706E+00
-0.29460252082211E+00
-0.31412637043440E+00
-0.33417093117517E+00
-0.35466042238175E+00
-0.37550523373638E+00
-0.39659720737515E+00
-0.41781036292275E+00
-0.43899003338991E+00
-0.45995419784412E+00
-0.48048257514531E+00
-0.50031102144094E+00
-0.51912358095890E+00
-0.53654270312514E+00
-0.55211577963888E+00
-0.56530815499443E+00
-0.57548819224883E+00
-0.58191936060627E+00
-0.58374739571604E+00
-0.57999926557006E+00
-0.56957964379295E+00
-0.55128143418498E+00
-0.52380327097979E+00
-0.48578734766974E+00
-0.43587498925914E+00
-0.37277791597829E+00
-0.29538583422759E+00
-0.20289156419444E+00
-0.94942126955084E-01
 0.28197129739562E-01
 0.16547525554502E+00
 0.31491305342926E+00
 0.47349701005591E+00
 0.63715441176871E+00
 0.80082784795722E+00
 0.95866922478117E+00
 0.11043619459232E+01
 0.12315550246030E+01
 0.13343691218235E+01
 0.14079192766008E+01
 0.14487825679329E+01
 0.14553454431756E+01
 0.14279702481668E+01
 0.13689580798408E+01
 0.12823102616105E+01
 0.11733261184789E+01
 0.10480991403652E+01
