0.
0.
0.
0.
0.
0.
0.
0.
0.
0.
0.
0.
0.
0.
0.
0.
0.
0.
0.
0.
7.943778454913594e-12
0.
1.9859446137283985e-12
3.971889227456797e-12
3.971889227456797e-12
5.9578338411851955e-12
0.
3.971889227456797e-12
4.096010765814822e-12
4.344253842530871e-12
9.929723068641993e-13
2.606552305518523e-12
1.266039691251854e-11
1.8618230753703734e-11
4.108422919650624e-11
8.961575069449398e-11
1.907748044562843e-10
3.953270996703093e-10
7.848204870377915e-10
1.5176340495035706e-9
2.8499546422386097e-9
5.192996921823046e-9
9.239359072294659e-9
1.6022601143560718e-8
2.715717198504406e-8
4.504283741935873e-8
7.321743365432352e-8
1.1677900463491758e-7
1.8297811002432495e-7
2.819091821725887e-7
4.275138005111589e-7
6.387042397181095e-7
9.408482115599768e-7
1.3675178614887627e-6
1.962723832210841e-6
2.7834241323417865e-6
3.90266788672991e-6
5.413207521465551e-6
7.431758366834449e-6
0.000010103887308227513
0.00001360971207481761
0.000018170319936672665
0.000024055142013592596
0.000031590193331676285
0.000041167328442315406
0.00005325458459410731
0.00006840760041789785
0.0000872822333776416
0.00011064839112990725
0.00013940514195583578
0.00017459717228415439
0.00021743255853716022
0.0002693019525969043
0.0003317992830436019
0.00040674374961635124
0.000496203490335703
0.0006025206390357024
0.00072833790127471
0.0008766267269456925
0.001050716971476122
0.001254328104947581
0.0014916019759617573
0.001767137045105451
0.002086024255578675
0.0024538843090026897
0.0028769065042905696
0.003361889053812323
0.003916280830805465
0.004548224635536739
0.005266601800859354
0.006081078332905415
0.00700215230453703
0.008041202731677449
0.00921053976855765
0.010523456211452212
0.01199428034069358
0.013638430092276279
0.015472468507664703
0.01751416041600369
0.01978253050214604
0.02229792250455842
0.025082059811208146
0.02815810726836563
0.03155073423260819
0.035286179008020155
0.03939231449221275
0.043898715202451206
0.048836725613001994
0.054239529921615244
0.060142223138398225
0.06658188371416811
0.07359764758925175
0.081230783842212
0.0895247718645242
0.09852538023733153
0.10828074730866508
0.11884146359574738
0.130260655941133
0.142594073796789
0.15590017731712258