0.
0.
0.
0.
0.
0.
0.
0.
0.
1.9859446137283985e-12
0.
0.
0.
0.
0.
0.
0.
3.971889227456797e-12
3.971889227456797e-12
3.971889227456797e-12
7.943778454913594e-12
5.9578338411851955e-12
5.9578338411851955e-12
5.9578338411851955e-12
7.943778454913594e-12
5.9578338411851955e-12
6.08195537954322e-12
6.33019845625927e-12
7.199049224765445e-12
9.557358453567918e-12
1.5515192294753115e-11
2.805146766891363e-11
6.355022763930875e-11
1.3541659834860516e-10
2.9478865360030915e-10
6.063337148789516e-10
1.216266954370286e-9
2.3600469303394854e-9
4.442682222448785e-9
8.127230088606755e-9
1.4456932058712593e-8
2.5064234605251042e-8
4.242499005384963e-8
7.021890553067035e-8
1.1382516026507331e-7
1.8091136228912547e-7
2.823196520999387e-7
4.330311270127115e-7
6.535245996411343e-7
9.713692013560616e-7
1.4231699873992736e-6
2.0570216955752764e-6
2.9353399585412473e-6
4.1382395197165275e-6
5.7675434830931225e-6
7.951443332271817e-6
0.000010849822627363888
0.00001466047127393054
0.000019626022179275575
0.000026041918489871068
0.00003426527003548381
0.00004472477337076399
0.000057931775224445135
0.00007449236528846181
0.00009512076731835835
0.00012065396437415368
0.00015206753399796188
0.00019049287380108556
0.000237235809889168
0.0002937965011162058
0.0003618908570007218
0.0004434733464237753
0.0005407611968605663
0.000656260213398116
0.000792791923867462
0.0009535222131860717
0.0011419915409945987
0.0013621465076259101
0.001618372911518519
0.0019155303051493495
0.002258987959870084
0.002654662230337976
0.00310905535155746
0.003629295616525631
0.0042231789346057185
0.004899211694790291
0.005666654997652666
0.006535570166743139
0.007516865548242652
0.008622344555803742
0.00986475497323916
0.011257839476704593
0.012816387367066404
0.014556287445552839
0.016494582150355964
0.018649522769119086
0.021040625894253127
0.02368873095091136
0.026616058948802486
0.029846272344146763
0.03340453607309121
0.037317579762665865
0.04161376112052223
0.04632313052207231
0.05147749683127149
0.05711049443965441
0.06325765159908958
0.06995646012160865
0.07724644632144403
0.08516924345906124
0.09376866554879042
0.10309078273523009
0.11318399813354028
0.12409912639142545
0.1358894738586155
0.14861092054171104
0.1623220038326013
0.1770840042745852
0.19296103314625263
0.21002012230003309