0.
0.
0.
0.
0.
0.
0.
0.
0.
0.
0.
0.
0.
0.
0.
0.
0.
1.9859446137283985e-12
3.971889227456797e-12
5.9578338411851955e-12
5.9578338411851955e-12
4.2201323041728465e-12
4.840739995962971e-12
9.309115376851867e-12
1.315688306595064e-11
3.984301381292599e-11
9.942135222477795e-11
2.582969213230498e-10
6.245795810175813e-10
1.440306331106521e-9
3.1663404435132155e-9
6.6839448405796415e-9
1.3488908181058356e-8
2.6198457222766675e-8
4.910099111597435e-8
8.904901175035124e-8
1.5670319393392972e-7
2.681707896994307e-7
4.47268239826992e-7
7.283641776802589e-7
1.1601045648155853e-6
1.8100689863719963e-6
2.7704133403264832e-6
4.1648859315712285e-6
6.1571118398697726e-6
8.960436999064194e-6
0.000012849436746111656
0.00001817319496386565
0.00002537050226696178
0.00003498701927989882
0.000047694619985819534
0.00006431283670117891
0.0000858325819359121
0.00011344211821878352
0.00014855533285970326
0.00019284233452954
0.0002482622986739661
0.0003170985930399618
0.000401996122495426
0.0005060008637250877
0.0006326014227351283
0.0007857726599743897
0.0009700212811683858
0.0011904331206746106
0.0014527222911292971
0.0017632819279318232
0.00212923635653431
0.002558494786302023
0.003059806220640726
0.0036428155831427465
0.004318120954248444
0.005097331710643629
0.0059931276674348895
0.007019318899021485
0.008190906414047554
0.00952414331691075
0.011036596662986143
0.012747209788987388
0.01467636505590788
0.016845947075663534
0.01927940628180049
0.02200182283768926
0.025039970893376284
0.028422383176570677
0.03217941583745951
0.03634331365124136
0.0409482755550433
0.04603052047329635
0.051628353520068
0.0577822325969701
0.06453483537534707
0.07193112674578164
0.08001842671803769
0.0888464788745851
0.09846751936070217
0.10893634647185056
0.12031039091726481
0.132649786767327
0.14601744310272485
0.16047911651284927
0.17610348436734502
0.1929622189637112
0.21113006261288814
0.2306849036614654
0.2517078534862581
0.27428332456439625
0.2984991096142102
0.32444646174634234
0.35222017590534904
0.38191867140493874
0.4136440756998321
0.4475023094211798
0.48360317278339904
0.5220604332353285
0.5629919146485046
0.6065195878804558
0.6527696629361863
0.7018726827313236
0.7539636185561037
0.8091819673250933