0.
0.
0.
0.
0.
0.
0.
0.
0.
0.
0.
0.
0.
0.
0.
0.
1.9859446137283985e-12
1.9859446137283985e-12
3.971889227456797e-12
5.9578338411851955e-12
6.08195537954322e-12
4.5924969192469216e-12
8.440264608345693e-12
1.4522219987888913e-11
3.33886938183087e-11
8.663683377390138e-11
2.237911336595189e-10
5.678560379879639e-10
1.341133221958459e-9
3.0377505297743016e-9
6.5558514129941595e-9
1.3507650533350419e-8
2.66984187792728e-8
5.082516340530568e-8
9.346761439435857e-8
1.6651748397189875e-7
2.881084324058802e-7
4.852172830861129e-7
7.970472032952871e-7
1.2793588011684386e-6
2.009923777845324e-6
3.095223022166371e-6
4.678675620422743e-6
6.9503881067082045e-6
0.000010158745676900225
0.000014623937712694854
0.00002075357723599369
0.000029060451405982936
0.00004018270095059655
0.00005490633407587288
0.00007419026488327991
0.00009919384836766306
0.00013130703810329856
0.0001721830287190231
0.0002237735570567151
0.0002883666404561818
0.0003686268231639719
0.0004676378570137982
0.0005889476488144941
0.0007366154637710514
0.0009152612533699078
0.0011301169215461786
0.001387079562025038
0.001692766375151637
0.0020545711934602784
0.002480722523139941
0.0029803429118625637
0.0035635095222038287
0.004241315815827593
0.005025934188441305
0.005930679474346918
0.006970073171889697
0.008159908326254694
0.009517314959266844
0.011060826005110446
0.012810443538354878
0.014787705494742802
0.01701575252007182
0.019519395170588302
0.022325181265305992
0.025461463393352413
0.028958466700961093
0.0328483566963373
0.03716530729829848
0.04194556907829603
0.04722753759689359
0.053051822049059706
0.059461314103958954
0.06650125696679648
0.07421931486044163
0.08266564272414001
0.09189295636886895
0.1019566030907011
0.1129146326494581
0.12482786888423145
0.1377599817890223
0.1517775602667052
0.16695018547902352
0.18335050493163282
0.2010543072239388
0.22014059756488966
0.24069167418219495
0.2627932053969604
0.2865343076893085
0.31200762455800524
0.33930940636710094
0.36853959103982464
0.39980188581818626
0.4332038499374784
0.4688569783487366
0.5068767865111267
0.5473828962872771
0.5904991229301345
0.6363535632986246
0.6850786853109266
0.7368114187078527
0.7916932472081247
0.8498703021434287
0.9114934577240541
0.976718427930028