0.
0.
0.
0.
0.
0.
0.
0.
0.
0.
0.
0.
0.
0.
0.
0.
1.9859446137283985e-12
3.971889227456797e-12
3.971889227456797e-12
5.9578338411851955e-12
8.192021531629644e-12
5.213104611037046e-12
1.2536275374160516e-11
2.1721269212654357e-11
5.535820610767911e-11
1.479528737227657e-10
3.8303906737286486e-10
9.544946299732116e-10
2.2345600550595224e-9
4.968088694318305e-9
1.0530967800448266e-8
2.1382789777552025e-8
4.1683239740622074e-8
7.832528320083296e-8
1.4225979112289817e-7
2.505046952664714e-7
4.2866837906096523e-7
7.144366239826433e-7
1.1619954323309313e-6
1.8476521193360378e-6
2.876819011514667e-6
4.39256306235366e-6
6.58586474569836e-6
9.70787120989778e-6
0.00001408414319622041
0.00002013122824314194
0.00002837563291172636
0.000039475233130385016
0.00005424338952032114
0.00007367567374165521
0.000098979376403225
0.0001316058101894294
0.00017328529649473154
0.00022606498538051795
0.000292349354819485
0.0003749433207124626
0.0004770979972724472
0.0006025587753783629
0.0007556158976335671
0.0009411571407598345
0.0011647226786826478
0.0014325617816222844
0.0017516914036941093
0.002129956331709577
0.0025760909336556208
0.0030997820696963677
0.0037117334069894556
0.004423730637486541
0.005248707649856069
0.006200813525076578
0.00729548013836371
0.00854949039982667
0.009981046896657849
0.011609840894530191
0.013457121707263146
0.015545766221144092
0.017900348642544365
0.02054721034172951
0.0235145298031658
0.02683239266866968
0.030532861817917756
0.03465004748035959
0.03922017750786783
0.044281667577011484
0.04987519161238959
0.05604375225539343
0.06283275149320962
0.07029006151930985
0.07846609571433855
0.08741388006490138
0.0971891246884775
0.10785029584823971
0.11945868833837726
0.13207849828634302
0.14577689645717212
0.16062410206744385
0.1766934572022257
0.19406150175159048
0.21280804908950404
0.23301626231399095
0.2547727312170102
0.2781675500088665
0.3032943956914038
0.3302506072844114
0.3591372657518264
0.3900592747640194
0.42312544227593074
0.4584485628966058
0.4961455012060258
0.5363372758592417
0.5791491446560497
0.6247106906033897
0.6731559088874322
0.7246232950167506
0.7792559340123353
0.8372015908204528
0.8986128020716027
0.9636469691720443
1.0324664529993453
1.1052386702071657