0.
0.
0.
0.
0.
0.
0.
0.
0.
0.
0.
0.
0.
0.
0.
0.
0.
0.
1.9859446137283985e-12
5.9578338411851955e-12
5.9578338411851955e-12
4.096010765814822e-12
4.2201323041728465e-12
7.074927686407419e-12
5.709590764469145e-12
1.5887556909827188e-11
3.8850041506061794e-11
9.66906783809014e-11
2.452641597954572e-10
5.83122987206001e-10
1.3212737758211752e-9
2.859636122230536e-9
5.9156325181434666e-9
1.1768459537877774e-8
2.2572246479636977e-8
4.1825731266657086e-8
7.511599670504787e-8
1.310616700537755e-7
2.2263581038048242e-7
3.6894047419539186e-7
5.974654792063475e-7
9.470418763240423e-7
1.4715060174743475e-6
2.2442215514837727e-6
3.3636190924579218e-6
4.959845534712872e-6
7.202605803325555e-6
0.000010310407674553744
0.000014561252860420977
0.000020304917841964782
0.000027976889987320438
0.00003811408828928325
0.00005137241253725237
0.00006854624802401145
0.00009058982214586164
0.00011864067404782347
0.00015404508787157574
0.00019838554347487869
0.0002535102350158264
0.000321564550409162
0.0004050245666404973
0.0005067324844795698
0.0006299339513303405
0.0007783172164873627
0.0009560540564894094
0.0011678423884019015
0.0014189505551405772
0.0017152630954128847
0.002063327966874343
0.0024704052179073794
0.0029445168710746216
0.0034944980208532037
0.004130049129141912
0.004861789262478448
0.0057013103530111344
0.006661232349670299
0.007755259193134307
0.008998235542475624
0.010406204244426056
0.011996464405996771
0.013787630139712952
0.015799689838475045
0.018054066042976234
0.02057367574466239
0.02338299130718966
0.026508101738773625
0.029976774574719946
0.03381851814920017
0.038064644390199805
0.04274833210884248
0.04790469082268497
0.05357082507090589
0.05978589929437147
0.06659120337615207
0.07403021868870285
0.08214868491221146
0.09099466748522088
0.10061862577925329
0.11107348213272726
0.1224146916394097
0.13470031283116368
0.14799107929632427
0.16235047226609828
0.17784479416712606
0.1945432433091348
0.21251798965418695
0.23184425170451173
0.2526003746685405
0.2748679098547524
0.2987316953181541
0.32427993798281357
0.3516042970274541
0.38079996882914635
0.4119657704402556
0.44520424225395916
0.48062170827766487
0.5183283967447652
0.558438518575709
0.6010703651700107
0.6463464052649887