51.706398590474215
52.1820241724678
52.68292417717887
53.208825910787894
53.75942897343435
54.334455993419574
54.933630968445584
55.55668883950065
56.203373523769535
56.873442936043865
57.566669742059624
58.28283786972852
59.0217574093068
59.78324109442358
60.56712842100749
61.37327491839035
62.201550724069975
63.05184609420856
63.924067037167084
64.8181384647322
65.73400025582175
66.67160841663208
67.63093764610134
68.61197591029378
69.61472563136336
70.6392049723091
71.68544578046134
72.75349313058204
73.84340514912351
74.9552515928174
76.0891127376812
77.24508626180823
78.42327209569795
79.62378397868956
80.84674555119355
82.09229024957413
83.36055850916637
84.65169939319729
85.96586783191623
87.30323249459303
88.66396047136652
90.04822949227034
91.45622175297481
92.88812789627418
94.34413916833141
95.82445467072625
97.32927776043252
98.8588128193059
100.41419233521948
101.99286492640503
103.59781303240531
105.2283288040049
106.88464025426131
108.56696152226439
110.27545772531731
112.01054185730203
113.77224887802147
115.56087218570511
117.37663433475944
119.21976343068847
121.09048281634183
122.9890487942269
124.91559486579189
126.87043186029956
128.85376139082106
130.86578845014577
132.90673332082736
134.97681619216965
137.07624436921128
139.2052270662517
141.36397287142074
143.55268325090293
145.77155670058002
148.02078900502198
150.30057077334712
152.6110968712822
154.952541899811
157.3250918990234
159.72891670268726
162.16418699832496
164.63107412745023
167.12973664559917
169.6603307455027
172.22300525989445
174.81791175227067
177.44519039593672
180.10497880812758
182.79740777825194
185.52260806193962
188.28069944410686
191.071803078903
193.89603015824096
196.75349031411236
199.64428794036985
202.56852301840306
205.52629122156966
208.5176840291699
211.54278884932341
214.60168915017357
217.6944645986249
220.82119120624102
223.98194148141727
227.17678458736674
230.40578650527664