0.
0.
0.
0.
0.
0.
0.
0.
0.
0.
0.
0.
0.
0.
0.
0.
0.
0.
1.9859446137283985e-12
3.971889227456797e-12
5.9578338411851955e-12
4.096010765814822e-12
4.2201323041728465e-12
5.0889830726790214e-12
1.0053844607000017e-11
2.072829690579016e-11
4.530436150067909e-11
1.0724100914133352e-10
2.631376613190128e-10
6.218489071737048e-10
1.400090952678521e-9
3.0252142544001408e-9
6.2582079640116155e-9
1.2427669028097243e-8
2.3797698427845757e-8
4.402653026328322e-8
7.896066135568769e-8
1.3759058709294597e-7
2.3344083853762518e-7
3.863805433070012e-7
6.250058143803027e-7
9.896397676808247e-7
1.536119470211231e-6
2.3404744531988853e-6
3.5046222771264833e-6
5.163140230500253e-6
7.491420983770846e-6
0.000010715055681147049
0.000015120845258749679
0.00002106934354667035
0.000029009092892327307
0.00003949274593471811
0.00005319493997479398
0.00007093217702577244
0.00009368464785498372
0.0001226200990662386
0.00015911973341711593
0.00020480614175759026
0.0002615732806157328
0.000331618495306365
0.00041747649497502355
0.0005220553113523526
0.0006486741516031702
0.0008011030305819092
0.0009836043125738042
0.0012009757561479077
0.0014585953703157163
0.0017624676505489376
0.0021192713818316803
0.0025364086981949758
0.0030220555340261107
0.0035852131762118804
0.004235760955469327
0.0049845099910959655
0.005843257855584739
0.00682484412608736
0.007943206757562236
0.00921343920052751
0.010651848212529364
0.01227601228587378
0.014104840723396841
0.01615863323219421
0.018459140050824982
0.021029622630966464
0.023894914715885486
0.027081483965044496
0.030617494051610714
0.0345328671374189
0.0388593469773544
0.04363056236022974
0.048882091174985466
0.054651524911937054
0.06097853376489409
0.06790493233799968
0.07547474592154296
0.08373427745925263
0.092732175164498
0.10251950095556797
0.11314979956070993
0.12467916853148998
0.13716632911743257
0.15067269799536098
0.16526246005886003
0.18100264213169925
0.19796318778184202
0.21621703327997915
0.23584018461917772
0.2569117958411572
0.27951424853476947
0.30373323267052293
0.3296578287855494
0.3573805915552558
0.3869976348092557
0.41860871804569433
0.45231733453644046
0.48823080102165445
0.5264603490667156
0.567121218244357
0.6103327510809403
0.6562184899390251