0.
0.
0.
3.971889227456797e-12
5.9578338411851955e-12
5.9578338411851955e-12
6.702563071333345e-12
8.676095531225941e-11
1.2147774959099898e-9
1.0650248598810327e-8
6.452346462157402e-8
2.952197277030266e-7
1.0866555203706857e-6
3.3672938347225494e-6
9.083848934587425e-6
0.00002187881208879528
0.0000479697988016962
0.00009720462607647125
0.00018424863348202845
0.00032985212864479805
0.0005621454856539371
0.0009179148785206056
0.0014438220087649475
0.002197542147005099
0.0032488064732405964
0.004680344931240364
0.006588733655685451
0.009085157537912489
0.01229610196952094
0.016363989861662924
0.021447780139365866
0.027723542857935737
0.03538502351184974
0.044644206325107585
0.05573188242551718
0.06889822492646788
0.08441336875324973
0.10256798919141716
0.12367386898171376
0.14806444089702128
0.1760952893660276
0.20814459309845232
0.24461348869288702
0.2859263349403305
0.33253085729396376
0.38489815268407257
0.44352253574387396
0.5089212086856945
0.5816337381456907
0.6622213227399211
0.7512658348677906
0.8493686190575531
0.9571490263293806
1.075242659952521
1.2042993026070439
1.3449804885573642
1.4979566784169016
1.6639039894409573
1.8435004347443922
2.0374216318231446
2.246335960540749
2.4708991854007047
2.711748610827949
2.9694969102463813
3.2447258553788134
3.5379802592536715
3.8497625160305065
4.180528151523357
4.530682769943345
4.90058068811653
5.290525395872411
5.7007717980569925
6.13153001570189
6.5829703872297705
7.055229237353736
7.548414976244767
8.062614142325014
8.597897087585476
9.154323102078644
9.731944866236883
10.330812195363562
10.950975095721796
11.59248618707856
12.25540256546028
12.93978718674581
13.64570985026073
14.373247855480198
15.122486396270244
15.893518747766395
16.68644629193551
17.50137841951021
18.33843233874787
19.197732815358773
20.07941186274875
20.983608397654905
21.910467872832132
22.860141895808713
23.8327878405742
24.828568457483655
25.847651485284768
26.89020926822251
27.956418380431106
29.04645925917362
30.160515848098797
31.298775251352303
32.461427399077124
33.648664724735184
34.86068185449232
36.0976753088234
37.35984321648243
38.64738504085579
39.96050131877113
41.299393411757336
42.66426326979893
44.05531320757669
45.47274569320658
46.916763149527036
48.387567767907434
49.885361334648245
51.410345069974056