0.017371474468721667
0.025654555048705986
0.03673321429726375
0.051227278699869
0.0698404012823032
0.09336925410652362
0.12271394849983384
0.1588894228586119
0.2030374161629597
0.2564384759602761
0.32052316691961014
0.39688110998455367
0.48726541147942265
0.5935879246329961
0.7178968806863114
0.8623222544296882
1.028967720623349
1.2197305474777858
1.4360616667344943
1.678744767328246
1.9478191607046162
2.2427054465398792
2.5624548790259216
2.9059893931883742
3.2722597801689437
3.660322460505682
4.069363597869177
4.498696642488789
4.947749218153491
5.416047321277403
5.903200263526559
6.408887557608954
6.932847956283449
7.474870465861473
8.034787037006884
8.612466629402379
9.207810381764387
9.820747663852197
10.451232829981004
11.099242530774655
11.76477346985157
12.447840516375384
13.148475103272235
13.86672385572832
14.602647406188193
15.35631936110413
16.127825391709003
16.917262426701864
17.72473792904736
18.550369242571392
19.394282996728215
20.25661456014047
21.137507535173803
22.037113287289706
22.95559050392825
23.89310477867895
24.849828217139297
25.825939061526643
26.821621331532413
27.837064479364404
28.872463057195752
29.928016395568644
31.003928291478008
32.10040670510262
33.21766346426602
34.35591397589438
35.51537694382897
36.69627409247568
37.89882989585534
39.123271311703704
40.36982752035274
41.638729668187466
42.93021061551656
44.24450468878997
45.581847437099825
46.942475392995675
48.32662583764179
49.734536570420175
51.16644568311771
52.622591338829125
54.10321155578776
55.608543996348786
57.13882576133916
58.69429319006424
60.275181666246056
61.881725430171606
63.51415739738243
65.1727089842028
66.85760994044696
68.56908818958651
70.30736967676177
72.07267822488956
73.86523539922382
75.68526038063911
77.53296984794112
79.40857786947102
81.312295804251
83.24433221291281
85.20489277861815
87.19418023816256
89.21239432342593
91.25973171330799
93.33638599626217
95.44254764351521