3.7169157411220604
4.037475751729507
4.373867403592597
4.725955199421325
5.0936230427066125
5.47677210227516
5.875319412396587
6.289195143704553
6.718344392601611
7.162718380732091
7.622285110502756
8.097015231469852
8.586891265328005
9.091900712435073
9.61204137209235
10.147313126084494
10.697730294461094
11.263304057170457
11.84405714271331
12.440016992837203
13.051217903157772
13.677700427179385
14.319508947452471
14.976696271699883
15.649321704158838
16.337449762559547
17.041149648446215
17.760497247469008
18.49559496878876
19.246511277502094
20.01335345535521
20.79622615113242
21.595238710793218
22.410511738072604
23.242166792434713
24.090334846329423
24.955152826105056
25.836768310982336
26.735327054516766
27.65098637714652
28.583907941834234
29.534260887112595
30.50221855338247
31.48795961862674
32.4916670395241
33.513533434702865
34.553751659090295
35.61252133511018
36.69004792522895
37.7865364827543
38.9022045421647
40.037247902901065
41.191942576771595
42.366458091163125
43.56103819970165
44.77591601601191
46.011326234399874
47.267499645657345
48.544680282677206
49.8431077028016
51.163025100964646
52.5046775161303
53.86831161047699
55.254175448618234
56.66251827704454
58.093590304018655
59.547642480159595
61.0249262799499
62.525693484442634
64.05019596544541
65.59868547147693
67.17141341582109
68.76863066701003
70.39058734209465
72.03753260306836
73.70971445683324
75.40737955911054
77.13077302269856
78.88013823051323
80.65571665382015
82.45774767611002
84.28646842303475
86.14211359883983
88.02491532972952
89.93510301456405
91.87290318330871
93.83853936363504
95.83223195601671
97.85419811771742
99.90465165597402
101.9838029306816
104.09185876687039
106.22902237722383
108.3954932948151
110.59146731632816
112.81713645581377
115.07268890915824
117.35830902933117
119.67417731243626
122.0204703945794
124.39736105958472
126.80501825736536
129.24360713300882
131.7132890663472