4.031441908559364
4.35566333089663
4.6958926834596175
5.051924998783944
5.423654061782079
5.8109703058173485
6.21378254809359
6.63201206854999
7.065595917085553
7.514481402171448
7.978626120491598
8.458000084582464
8.95257936979609
9.462344181044605
9.987292228063193
10.527419320567931
11.082737722317905
11.653254201788073
12.23898967996969
12.839943001288871
13.456235612560398
14.087812328557538
14.734751695750557
15.397104700653038
16.074928676190652
16.76828805810797
17.477253246532445
18.20190635894252
18.94232598148677
19.698608805290164
20.470848768768157
21.259152894244373
22.063632903231127
22.884403887155642
23.72159696018269
24.575337435337342
25.4457670796574
26.333029565138453
27.237272533056913
28.15865836059619
29.097346230742655
30.053506040724997
31.02730952603845
32.018942374671184
33.028583495868716
34.05642482408974
35.10266714897776
36.1675087252169
37.251149887440334
38.353803880014866
39.475675583181065
40.61700306903024
41.77798879207252
42.95886066872342
44.159853419978994
45.38118787734473
46.623114133370315
47.88585497286883
49.169654452904446
50.47475417817928
51.8013977832797
53.149830711255774
54.5202999921149
55.91305402140319
57.32834233909902
58.7664154090012
60.22752439888312
61.71192096163131
63.219857017641125
64.75158453875136
66.30735533402259
67.8874208376726
69.49203189950514
71.1214385781969
72.77588993780358
74.45563384789372
76.16091678767062
77.89198365455549
79.64907757758708
81.43243973613288
83.24230918428265
85.07892268141384
86.94251452931006
88.83331641629951
90.75155726880669
92.69746311072764
94.6712569310303
96.67315855993257
98.70338455402744
100.76214809068539
102.84965887201018
104.96612303865184
107.11174309370739
109.28671783690268
111.4912423092869
113.72550774850873
115.98970155483667
118.28400726797489
120.60860455471747
122.96366920742933
125.34937315334382
127.76588447458204
130.21336743882355
132.69198254047348