0.0086847014243598
0.013265243666138425
0.019557129252844124
0.027975005224722956
0.038989024804461356
0.0531288628574178
0.07098844836176621
0.09323133949357636
0.12059659667658347
0.1539049468362297
0.19406496329860481
0.24207891501260412
0.29904784681594543
0.3661753179178157
0.4447690009984785
0.5362389536592179
0.6420907055266324
0.7639102377438759
0.9033364490492162
1.0620151988300313
1.2415288884126325
1.4432996970616911
1.6684762744400525
1.9178313105114482
2.191708364730368
2.490043728497661
2.8124549027262806
3.1583587179431465
3.527080581708059
3.91793443457377
4.330271358554646
4.763503967501962
5.2171152151886675
5.690658422775121
6.183752965021376
6.696078204721681
7.2273670607707965
7.7773998859233515
8.345998938718052
8.933023530110672
9.53836582608839
10.161947244502572
10.803715370361717
11.46364131398207
12.141717442790766
12.837955426278413
13.55238454258822
14.285050203324804
15.036012660642319
15.80534586663553
16.593136460463136
17.399482862726845
18.224494460319214
19.06829086779559
19.931001253702345
20.81276372226459
21.713724742442846
22.634038617643245
23.57386699050303
24.533378378006724
25.51274773299402
26.512156028634895
27.531789863107836
28.571841081969872
29.63250641622599
30.71398713430573
31.816488706467858
32.94022048035622
34.085395366627296
35.25222953374145
36.440942111136785
37.65175490017668
38.88489209228625
40.140579993924376
41.419046757979444
42.72052212139071
44.04523714876904
45.39342398191844
46.76531559518115
48.16114555661608
49.58114779502163
51.02555637292092
52.49460526557935
53.98852814626261
55.50755817787231
57.05192781118869
58.6218685899603
60.21761096304448
61.83938410391387
63.48741573776397
65.1619319765044
66.86315716192749
68.59131371731809
70.34662200778595
72.12930020959982
73.93956418876611
75.77762738911943
77.64370073013768
79.53799251471698
81.460708347089
83.41205106106815
85.39222065876827
87.40141425994594
89.43982606203656