-0.43457499586339E-04
-0.36720526883809E-04
-0.31395683176967E-04
-0.27150026024871E-04
-0.23718633942269E-04
-0.20904100575356E-04
-0.18567599300706E-04
-0.16573516003304E-04
-0.14872526135673E-04
-0.13401773606523E-04
-0.12123208885479E-04
-0.11008215229665E-04
-0.10033195150674E-04
-0.91774706083704E-05
-0.84231058352982E-05
-0.77549965735497E-05
-0.71606909514712E-05
-0.66299271595944E-05
-0.61542321126496E-05
-0.57263440863841E-05
-0.53402542028011E-05
-0.49907943772061E-05
-0.46736765547574E-05
-0.43850422763346E-05
-0.41216786331838E-05
-0.38808149039509E-05
-0.36600196981503E-05
-0.34571251647247E-05
-0.32703522111367E-05
-0.30980583132976E-05
-0.29388222159636E-05
-0.27913856042451E-05
-0.26546477075469E-05
-0.25276138562311E-05
-0.24094274715885E-05
-0.22992619714120E-05
-0.21964723215914E-05
-0.21004053103875E-05
-0.20105128985871E-05
-0.19262824742842E-05
-0.18472616000420E-05
-0.17730448353991E-05
-0.17032480221223E-05
-0.16375433336822E-05
-0.15756253299458E-05
-0.15172121008595E-05
-0.14620511869115E-05
-0.14099063736600E-05
-0.13605777618381E-05
-0.13138605508234E-05
-0.12695805145742E-05
-0.12275734223076E-05
-0.11876912452201E-05
-0.11497946148744E-05
-0.11137563677081E-05
-0.10794600794081E-05
-0.10467961589171E-05
-0.10156653900597E-05
-0.98597305735198E-06
-0.95763515575945E-06
-0.93057070662113E-06
-0.90470514027583E-06
-0.87997033503186E-06
-0.85629939680896E-06
-0.83363904858800E-06
-0.81192650274859E-06
-0.79111250928481E-06
-0.77114839684577E-06
-0.75198852845761E-06
-0.73359051667833E-06
-0.71591432183632E-06
-0.69892271181159E-06
-0.68258068865346E-06
-0.66685535814315E-06
-0.65171593732149E-06
-0.63713336587882E-06
-0.62308039435663E-06
-0.60953135790772E-06
-0.59646208782055E-06
-0.58384980994659E-06
-0.57167305105621E-06
-0.55991155241514E-06
-0.54854618996677E-06
-0.53755890054451E-06
-0.52693261360250E-06
-0.51665118800347E-06
-0.50669935342979E-06
-0.49706265604985E-06
-0.48772740807826E-06
-0.47868064092113E-06
-0.46991006161158E-06
-0.46140401227669E-06
-0.45315143239865E-06
-0.44514182364148E-06
-0.43736521705416E-06
-0.42981214246176E-06
-0.42247359987826E-06
-0.41534103278868E-06
-0.40840630316049E-06
-0.40166166805567E-06
-0.39509975772579E-06
-0.38871355508275E-06
-0.38249637644335E-06
-0.37644185346159E-06
