 0.68582687336110E-08
 0.97017453007925E-07
-0.56215213234219E-07
 0.20117838681173E-06
 0.14728326739374E-07
-0.17239035491483E-06
 0.41929132634559E-08
-0.45177572555996E-07
 0.23006551342327E-07
-0.32167385342854E-07
 0.87003756950979E-08
 0.96875124734154E-08
 0.19595158088429E-05
-0.27226697902023E-05
 0.14848105165677E-06
 0.27487506530722E-05
-0.35068931603420E-05
 0.88078803462329E-05
-0.12239725721914E-05
-0.45415579992887E-06
 0.10094186156533E-06
 0.61276711078129E-06
 0.12327747140064E-06
-0.71388933342105E-06
 0.25064422242390E-06
-0.23671292692332E-06
 0.62893124457909E-07
-0.13548211795155E-05
 0.41761479441765E-06
 0.52260280266581E-06
-0.19727288361289E-05
 0.24085039516852E-05
 0.38257495409323E-06
-0.71757504300436E-06
 0.10754413408107E-05
-0.33231195312659E-05
-0.45932961280512E-06
-0.31565201481659E-07
 0.15094629147818E-05
 0.77505147236897E-05
-0.10130526050979E-05
-0.41438719739048E-06
 0.16024115140505E-04
 0.10622831680706E-05
-0.92709273017062E-05
 0.61567288462693E-06
-0.69165666030916E-05
 0.70304089052295E-06
 0.17855125900607E-05
 0.50482976772258E-07
-0.17376827571590E-03
 0.10472343405685E-03
-0.38651278823027E-04
-0.85009323433247E-04
-0.25976756808084E-05
 0.83957442293525E-04
 0.71134630121669E-04
-0.71776850635562E-04
 0.18085100539220E-03
 0.38257014555156E-05
 0.38212783747963E-07
-0.23364007866882E-05
 0.30094187510676E-06
-0.11881307546967E-04
-0.25928350701184E-05
 0.96319957375566E-04
-0.61880393186337E-06
-0.64053845085164E-05
 0.19728988155490E-05
 0.52767815265956E-04
 0.14428065657251E-04
 0.23919815907762E-05
 0.14313091943187E-04
-0.88807157068685E-05
-0.29959873156997E-05
-0.23793911619642E-04
-0.12189752877884E-03
 0.19465806055622E-06
 0.17315898730695E-04
 0.11061118730376E-03
-0.44706055393054E-04
 0.55029596254597E-04
-0.41871715326400E-03
 0.39626569034841E-04
 0.72081399635682E-06
-0.72724889764233E-05
 0.12062886827268E-03
-0.82767598323005E-05
-0.38275147478674E-03
-0.47000530050603E-05
 0.25056548172182E-04
-0.13110027398564E-03
-0.16474265705760E-04
-0.67885980738458E-05
 0.14947599942219E-04
-0.53558033347680E-04
 0.10255678700937E-04
-0.26259650774793E-04
-0.69403487520110E-05
-0.23285807110307E-05
 0.10403056516896E-05
 0.32342046859572E-05
-0.24095730033703E-07
-0.15484007354791E-07
