 0.36036586328111E-05
 0.85681340623950E-05
 0.56877044876889E-05
 0.42438968695011E-05
 0.33696786014306E-05
 0.27745794371531E-05
 0.23433556854647E-05
 0.20305662022295E-05
 0.17683540336476E-05
 0.15621166392602E-05
 0.13883338022702E-05
 0.12355048549016E-05
 0.11075543601956E-05
 0.99731413297227E-06
 0.89414578939942E-06
 0.78010888512479E-06
 0.73584462803163E-06
 0.70493457530525E-06
 0.59856685844616E-06
 0.55466242782939E-06
 0.49479593921543E-06
 0.44968143847441E-06
 0.40731925505563E-06
 0.37240105974495E-06
 0.34245238839116E-06
 0.30775839956243E-06
 0.28029751246618E-06
 0.25530945722232E-06
 0.23254861634879E-06
 0.21280374468008E-06
 0.19351850474608E-06
 0.17518898519793E-06
 0.16076518793718E-06
 0.14645491666940E-06
 0.13384803450989E-06
 0.12183179414801E-06
 0.11118633008004E-06
 0.10086755750710E-06
 0.93573394024100E-07
 0.83794523714098E-07
 0.79039230658728E-07
 0.69112473666514E-07
 0.62911656838916E-07
 0.60001172885399E-07
 0.53056830117216E-07
 0.47901874325611E-07
 0.39824798414130E-07
 0.32336708731628E-07
 0.34533584429425E-07
 0.94063401959156E-08
 0.27217963783915E-07
 0.52785401586019E-07
 0.24207505910655E-07
 0.15354803079851E-07
 0.16887791226201E-07
 0.14750789200762E-07
 0.12847116384190E-07
 0.10970111076985E-07
 0.86698458383902E-08
 0.69840926558585E-08
 0.59127416220563E-08
 0.44667481535326E-08
 0.30243216288348E-08
 0.17783324071459E-08
 0.14107198209689E-07
-0.54858709684894E-09
-0.85973877971123E-09
-0.21478763559782E-08
-0.30585811486797E-08
 0.22968544853771E-10
-0.34492979595680E-08
-0.49632077684982E-08
-0.53702801062074E-08
-0.57548177585338E-08
-0.64699077076672E-08
-0.68665976937866E-08
-0.71893399092668E-08
-0.73362041323627E-08
-0.79385842197177E-08
-0.87134894698016E-08
-0.90381106496237E-08
-0.16646948171300E-07
-0.91563011917275E-08
-0.91898971312620E-08
-0.91474201773126E-08
-0.97675668026080E-08
-0.98290693976944E-08
-0.10011872219177E-07
-0.10312625530561E-07
-0.10296667791056E-07
-0.10432636810838E-07
-0.10497208405082E-07
-0.10615477877153E-07
-0.10692787752189E-07
-0.10746784579003E-07
-0.10789315549931E-07
-0.10820967368501E-07
-0.10842290242661E-07
-0.10853805730241E-07
-0.10856003884397E-07
-0.10849350644718E-07
-0.10834286206158E-07
-0.10811231357112E-07
-0.10780585531394E-07
-0.10742731563524E-07
-0.10698034326290E-07
-0.10646843703005E-07
-0.10589496226663E-07
-0.10526315653136E-07
-0.10457613699983E-07
-0.10383690510030E-07
-0.10304836860024E-07
-0.10221332107991E-07
-0.10133447354175E-07
-0.10041444796504E-07
-0.99455775507106E-08
-0.98460907308789E-08
-0.97432210769603E-08
-0.96371976038881E-08
-0.95282412291129E-08
