0.
0.
0.
0.
0.
0.
0.
0.
0.
0.
0.
0.00001525971701512921
0.00001525971701512921
0.00003051943403025842
0.00003147316634370399
0.000024797040149584964
0.00008583590821010179
0.00029661074948157397
0.0011177742713582145
0.004019027968859655
0.012854404120619467
0.037374861899305216
0.09963450732103238
0.2460066666624652
0.5673581860871308
1.23193602927765
2.535119677298938
4.971792244007084
9.337942533133019
16.867214708527772
29.409650128222253
49.65827125252638
81.42999777456063
130.00465744719642
202.52711968316197
308.47476840220986
460.19180767014956
673.4900758607579
968.3173230266132
1369.4879243558294
1907.475269590037
2619.260638192357
3549.233445398979
4750.138410946823
6284.063215645375
8223.460358789283
10652.197764877812
13666.631845007869
17376.696695417806
21907.004728420427
27397.95227323511
34006.82699940236
41908.91132975399
51298.57942999616
62390.38337056954
75420.12681559811
90645.9238565036
108349.2410122446
128835.92171807645
152437.19282024394
179510.6520065184
210441.2373275497
245642.1785505713
285555.9308089723
330655.0919239724
381443.30396968534
438456.14017645526
502261.977580664
573462.8584662757
652695.3371494239
740631.317823665
837978.8808250148
945483.0985060701
1.0639268406534109e6
1.1941315698202362e6
1.336958125607149e6
1.4933074973360212e6
1.6641215850310978e6
1.8503839461503888e6
2.0531205285499338e6
2.2734003868569396e6
2.5123363815899e6
2.771085859127772e6
3.050851311186304e6
3.3528810115344976e6
3.6784696296383752e6
4.0289588189698067e6
4.405737778833998e6
4.8102437897290075e6
5.243962720105686e6
5.708429505216647e6
6.205228597749056e6
6.735994389843554e6
7.302411607901286e6
7.906215680092248e6
8.549193078596404e6
9.233181637084963e6
9.960070845703105e6
1.0731802125012422e7
1.1550369080156764e7
1.2417817738647735e7
1.3336246771400731e7
1.430780770047407e7
1.5334705093599847e7
1.6419196746503225e7
1.7563593853423093e7
1.8770261164584726e7
2.0041617129577212e7
2.138013402292567e7
2.2788338047834434e7
2.426880941189814e7
2.5824182366096027e7
2.745714519704e7
2.9170440158822816e7
3.0966863328380793e7
3.2849264365261946e7
3.482054615289394e7
3.688366429537578e7
3.9041626439443834e7
4.129749138877203e7