0.
0.
0.
0.
0.
0.
0.
0.
0.
0.
0.00001525971701512921
0.00001525971701512921
0.000045779151045387627
0.00003051943403025842
0.00003433436328404072
0.000042917954105050895
0.00021363603821180892
0.0007296052197858652
0.0027953894107089817
0.009513479826619615
0.029355880607854816
0.08228993146871115
0.21194316335544303
0.506978347055205
1.1358990002429343
2.401539929477751
4.821244644597386
9.240690449130971
16.98874309483626
30.0808411512742
51.47917227345227
85.41542956894686
137.781805604588
216.59534368776517
332.53737840023524
499.5698240668185
735.6278848406394
1063.3875793659615
1511.1044854015317
2113.5194269150024
2912.825886732682
3959.6924905542596
5314.334014960174
7047.623793123776
9242.240137293924
11993.838984147527
15412.246446442938
19622.664004487706
24766.880084751607
31004.482355686418
38514.06515951082
47494.42850632563
58165.763616788376
70770.8228655422
85576.07091990477
102872.81583205768
122978.3182573851
146236.8787713039
173020.9022917492
203731.94047235127
238801.71236959018
278693.1042689919
323901.14909096184
374953.98784833035
432413.81294006546
496877.7962959026
568979.000085793
649387.274994591
738810.144991891
837993.6781754654
947723.345296297
1.0688248663867526e6
1.2021650431523954e6
1.3486525789671864e6
1.5092388831816926e6
1.6849188607085347e6
1.8767316839342162e6
2.0857615456650353e6
2.3131383915782413e6
2.560038630128869e6
2.827685817705307e6
3.117351316957336e6
3.4303549269785685e6
3.7680654830867657e6
4.1319014239636166e6
4.523331326584122e6
4.94387440603527e6
5.395100980138175e6
5.878632899070159e6
6.396143938786951e6
6.949360159796761e6
7.540060230848443e6
8.170075719694907e6
8.841291351485914e6
9.555645236662408e6
1.0315129070284665e7
1.1121788304331657e7
1.1977722296061756e7
1.2885084431892063e7
1.384608223136668e7
1.4862977429894876e7
1.5938086042290675e7
1.707377840651099e7
1.8272479206849463e7
1.9536667473423332e7
2.0868876555429835e7
2.2271694061919454e7
2.374776176220142e7
2.529977543733428e7
2.6930484668589007e7
2.8642692548546307e7
3.0439255295583736e7
3.2323081749852933e7
3.429713272424384e7
3.636442018141384e7
3.8528006203299984e7
4.079100171653594e7
4.315656493419545e7
4.562789947237796e7
4.820825209994501e7