 0.20854110056288E-02
 0.52133152484443E-03
 0.23169262466527E-03
 0.13031274113096E-03
 0.83383162743684E-04
 0.57892045821770E-04
 0.42531567946697E-04
 0.32557435401825E-04
 0.25718357398249E-04
 0.20826410070807E-04
 0.17207098975360E-04
 0.14453899058264E-04
 0.12317260108265E-04
 0.10611136244421E-04
 0.92392602340656E-05
 0.81165493892798E-05
 0.71864173550430E-05
 0.64059663378218E-05
 0.57463435633438E-05
 0.51827974881462E-05
 0.46968122650977E-05
 0.42771266955549E-05
 0.39113056832201E-05
 0.35895963805315E-05
 0.33058952641841E-05
 0.30543509044517E-05
 0.28303819087716E-05
 0.26301260636658E-05
 0.24501678544527E-05
 0.22880462505719E-05
 0.21420139736768E-05
 0.20107145107477E-05
 0.18832097638425E-05
 0.17773408581941E-05
 0.16762292583198E-05
 0.15837363410644E-05
 0.14985926383919E-05
 0.14184014199600E-05
 0.13477733716439E-05
 0.12810852635027E-05
 0.12188037696653E-05
 0.11612857819091E-05
 0.11077047844716E-05
 0.10578168151857E-05
 0.10115101904202E-05
 0.96774774362116E-06
 0.92704671043983E-06
 0.88913948938174E-06
 0.85332982691143E-06
 0.81938746457152E-06
 0.78846277917547E-06
 0.75802951102551E-06
 0.72995030808917E-06
 0.70344432359750E-06
 0.67845692860354E-06
 0.65456916928338E-06
 0.63221730025149E-06
 0.61094594693083E-06
 0.59071910418028E-06
 0.57189861268039E-06
 0.55336918513308E-06
 0.53609394842342E-06
 0.51955894459226E-06
 0.50422330901594E-06
 0.48895069900500E-06
 0.47467336561134E-06
 0.46102957588812E-06
 0.44798039096262E-06
 0.43554251616839E-06
 0.42359170501363E-06
 0.41266277303451E-06
 0.40065085772613E-06
 0.39188510680213E-06
 0.37905663134406E-06
 0.37255363221557E-06
 0.36169958762243E-06
 0.35268400860932E-06
 0.34405545763868E-06
 0.33578674142492E-06
 0.32779840900027E-06
 0.32009356018736E-06
 0.31268738889521E-06
 0.30552072596690E-06
 0.29861648522106E-06
 0.29193439969793E-06
 0.28549779014568E-06
 0.27922711493216E-06
 0.27316228968436E-06
 0.26733570766221E-06
 0.26177587513449E-06
 0.25616950563587E-06
 0.25083513425979E-06
 0.24567143143083E-06
 0.24064450909975E-06
 0.23580330019766E-06
 0.23116121683711E-06
 0.22641764350351E-06
 0.22200170259142E-06
 0.21762993757742E-06
 0.21342044302955E-06
 0.20927823558929E-06
 0.20529217675058E-06
 0.20141036287617E-06
 0.19758882675582E-06
 0.19386975361538E-06
 0.19025764977483E-06
 0.18671892252647E-06
 0.18397996041483E-06
 0.17991889905178E-06
 0.17663585530692E-06
 0.17342059170185E-06
 0.17026495359275E-06
 0.16725502939267E-06
 0.16424458984141E-06
 0.16134814918355E-06
 0.15849788925257E-06
 0.15570245089258E-06
 0.15296859300773E-06
 0.15029531772147E-06
 0.14768023708435E-06
