 0.25862259384051E-11
-0.58235040440589E-10
 0.12798528151249E-08
-0.33159248964015E-10
-0.13002616494698E-07
-0.25170137313521E-07
-0.60704813404889E-08
 0.78962098806543E-09
-0.29150373412985E-08
-0.65497691545882E-09
 0.90031554073946E-08
 0.28532550007193E-08
-0.10581244465547E-06
 0.27332511173482E-07
 0.19905836518780E-07
 0.11776367697685E-07
 0.65654680929512E-07
-0.55912630892643E-07
 0.92983351959768E-07
 0.16269061765841E-07
-0.46118217055509E-06
-0.55028078411126E-06
 0.89798647533569E-07
-0.63710184684256E-08
 0.30064924035590E-07
-0.72181554688124E-08
 0.20125165264980E-07
 0.38914560329296E-06
 0.29742261535005E-07
 0.13428199921368E-07
 0.50344464138889E-06
-0.87650138707992E-06
-0.10714779906359E-04
-0.44217236232111E-05
-0.15174928716551E-06
 0.25955329219706E-06
 0.11646111934390E-06
-0.83755576366534E-05
-0.23519142631751E-06
 0.11025308334311E-05
-0.27432859873117E-06
 0.20020049457254E-07
-0.15082125872081E-06
-0.16960537416598E-08
 0.21540072418857E-05
-0.33476165429060E-07
 0.36142524466520E-06
 0.73743781535938E-05
 0.24085515364907E-05
-0.97660255222567E-06
 0.11358713741220E-04
 0.22636143219701E-05
 0.45631577207011E-06
 0.12997018195419E-05
 0.51174886508798E-05
-0.22758810686829E-05
-0.47029958892593E-06
-0.67367340325850E-06
 0.48293138736008E-06
 0.17992668008748E-04
-0.13237865959561E-05
-0.50559870617829E-06
-0.33173315256118E-05
 0.34082188624077E-04
 0.64700690122751E-06
 0.92887135508693E-06
-0.19710074429731E-05
-0.43030437249530E-06
 0.32938079239502E-05
 0.22468338826455E-06
 0.68746881642168E-04
-0.71220892433809E-04
 0.86152205833544E-04
-0.91597499252727E-04
 0.13949600205756E-03
 0.29994655506243E-04
 0.51289445183045E-07
-0.29245699272929E-05
 0.69277220325951E-06
-0.75654180525029E-06
-0.19313544525800E-05
-0.74069936551300E-06
-0.92239088098577E-06
-0.24008595509375E-06
-0.34263909849122E-06
 0.17104390350907E-05
-0.88474947201239E-06
-0.74332750679775E-05
 0.51123067064607E-07
 0.14962485422987E-04
-0.12843278481058E-05
-0.42336193697062E-05
-0.19041924164413E-05
-0.67224184643561E-05
 0.17284976371313E-06
 0.38551838812567E-04
-0.13004861254318E-04
 0.19218146142883E-05
 0.10901441158025E-05
-0.43470870896249E-05
-0.16656422878238E-05
 0.71639330086933E-07
 0.54426446722516E-05
 0.60820214962748E-05
-0.63076869453835E-06
 0.20854781495751E-06
-0.53751552011070E-05
 0.17390884142188E-03
 0.11200057343801E-05
-0.81644537603650E-05
-0.14081663203793E-04
-0.18624462344615E-04
 0.48833601295298E-05
-0.78362409433648E-05
 0.92175339403526E-06
 0.38110246535258E-05
 0.10823821303766E-05
 0.13239341867397E-05
-0.23967667905347E-07
-0.24889216641784E-07
