 0.11630988546725E-11
-0.50924267063699E-10
-0.12200457575628E-08
-0.10618348348139E-09
-0.61948888418474E-07
 0.47535872710426E-07
-0.17639661496364E-07
 0.49281566232567E-10
 0.17953285701835E-07
-0.26927495486261E-08
 0.25645036958595E-06
 0.92415988390051E-07
-0.65090186814413E-05
-0.34240198958599E-06
 0.14399406155226E-06
 0.25010860919980E-07
-0.78665128473394E-06
 0.26688699782318E-06
 0.37981622418253E-06
-0.28553451186509E-07
 0.26721803466179E-05
 0.64940497437822E-05
 0.18165325203244E-06
-0.12004517380267E-07
-0.40956717961803E-06
-0.19510251467761E-06
-0.36161966789948E-06
 0.65097403455269E-05
-0.41190067101390E-06
 0.28726069329780E-06
 0.78390621997648E-04
 0.18265188021039E-03
 0.29284815539507E-04
-0.72857396307942E-04
-0.47652792431162E-06
 0.17107608024779E-05
-0.63965291319021E-06
-0.20487200571548E-03
-0.17292870338062E-04
 0.96705403793976E-05
 0.24879485886427E-04
 0.31811204590141E-05
-0.72750514365551E-05
-0.51536986731975E-05
 0.21558805879350E-04
-0.18892971827683E-05
 0.13627033491190E-05
 0.12250276905183E-03
 0.12972702823488E-03
-0.19077826283790E-04
-0.18619005821372E-03
 0.54509457058738E-04
 0.14183290067979E-04
-0.12363993811622E-04
-0.38860658891462E-04
 0.38902047753550E-04
 0.74815224829465E-05
-0.43286623557378E-04
-0.13539022986020E-03
 0.59201100591905E-03
-0.10320044695173E-03
-0.10129091080156E-04
 0.32171927141578E-04
 0.60191782444770E-03
 0.35017318928431E-04
 0.21444265671336E-04
-0.41684331741173E-03
-0.34537208179758E-05
-0.12567418400978E-03
 0.87272676822391E-04
 0.31721726932077E-02
-0.18289186602626E-02
 0.20780025780501E-02
-0.17067483262268E-02
-0.18021324260450E-02
-0.62296211368101E-03
-0.11423556789315E-05
-0.30890486622983E-04
-0.93903577420472E-04
-0.15160058021226E-04
 0.33641191907333E-04
 0.40106361743021E-04
-0.80343735027461E-04
 0.17493398237139E-04
 0.70541243671407E-04
-0.19303356879464E-03
 0.58791286352134E-04
-0.67198510934434E-04
 0.28968371256128E-04
-0.17288892591419E-04
 0.31915408516969E-04
-0.47075251295372E-04
-0.14462923581768E-05
-0.13382218293299E-03
-0.33554285061706E-03
 0.14990092293232E-02
 0.28553964132394E-04
 0.79705157355214E-04
 0.45427182394328E-03
-0.14326375442669E-03
-0.29517904119702E-03
 0.21961987457369E-04
-0.41243075278284E-03
-0.47161518117571E-03
 0.15183567108915E-04
-0.26840640793434E-04
-0.31651990390005E-03
-0.14993577505177E-01
 0.49679599536133E-04
-0.69883720644364E-03
 0.67494339782232E-03
 0.48684390998709E-03
-0.58361631192270E-04
 0.38571632081493E-03
-0.36304564571375E-04
-0.19628536831199E-03
-0.16341937557803E-03
-0.20257274942057E-04
 0.33283342425465E-07
 0.31827221985858E-07
