0.
0.
0.
0.
0.
0.
0.
0.
0.
0.
0.
0.
0.
0.
0.
0.
0.
0.
3.971889227456797e-12
0.
5.9578338411851955e-12
1.9859446137283985e-12
-3.971889227456797e-12
1.9859446137283985e-12
0.
0.
3.971889227456797e-12
4.096010765814822e-12
4.468375380888897e-12
5.337226149395071e-12
5.709590764469145e-12
1.1791546144012365e-11
2.8299710745629676e-11
5.895773072006183e-11
1.3132058758279036e-10
2.7331562746437085e-10
5.678560379879639e-10
1.1240446513702735e-9
2.1599630105063495e-9
4.035563576634463e-9
7.318454144665864e-9
1.2915342552305924e-8
2.225660540759252e-8
3.746397628721773e-8
6.1726758119291e-8
9.9659541456887e-8
1.5789103705601603e-7
2.4571037672585433e-7
3.7605574138176564e-7
5.665379913721401e-7
8.409164715694706e-7
1.2308094061689273e-6
1.7777802576266166e-6
2.5358756397543883e-6
3.5745909536358237e-6
4.982453279952479e-6
6.871137249195836e-6
9.380261470274072e-6
0.000012682936390912051
0.00001699206247275068
0.000022567522289765533
0.00002972425662028165
0.000038841302356789084
0.000050371958308177485
0.00006485494943562527
0.00008292675025953547
0.00010533519577918906
0.00013295423468291564
0.00016680007371246616
0.00020804858074390618
0.00025805405841853544
0.0003183695407450834
0.0003907683302966804
0.00047726716288943997
0.000580150707436429
0.0007019976481030093
0.0008457082126022222
0.0010145331844872859
0.0012121044694457528
0.0014424671165463405
0.0017101128174009184
0.0020200149731056465
0.0023776651523363156
0.0027891110030310237
0.003260995702683442
0.00380059873847424
0.004415878118275611
0.005115514018362598
0.005908953750039888
0.006806458064298791
0.007819148848249028
0.00895905807852934
0.01023917805341818
0.011673512955527297
0.013277131627038639
0.01506622157461332
0.017058144288002956
0.019271491653537105
0.021726143719418344
0.024443327579476582
0.02744567749627688
0.030757296284185037
0.034403817860540975
0.03841247104288823
0.04281214467839992
0.04763345391931891
0.052908807881484214
0.05867247865056909
0.06496067157334948
0.07181159699387117
0.07926554345288586
0.08736495234124687
0.09615449410631356
0.10568114609303644
0.1159942720233224
0.12714570319386267
0.13918982154360357
0.15218364455958122
0.16618691214561446
0.18126217560602856