0.
0.
0.
0.
0.
0.
0.
0.
0.
0.
0.
0.
0.
0.
0.
0.
0.
0.
3.971889227456797e-12
0.
5.9578338411851955e-12
5.9578338411851955e-12
3.971889227456797e-12
5.9578338411851955e-12
1.9859446137283985e-12
3.971889227456797e-12
6.08195537954322e-12
6.33019845625927e-12
4.964861534320996e-12
6.702563071333345e-12
1.3529247681024715e-11
2.5196672286679057e-11
5.424111226245688e-11
1.1034404760028414e-10
2.3756862441725965e-10
4.958655457403095e-10
1.0032743945479152e-9
1.957769024521127e-9
3.7018007599897345e-9
6.7996261143293205e-9
1.2155346372939737e-8
2.1166445936193986e-8
3.598097214691605e-8
5.980188130243476e-8
9.73240705911424e-8
1.5528957373357018e-7
2.432227328540828e-7
3.743854378400817e-7
5.669524331887175e-7
8.45467511894906e-7
1.242648863226746e-6
1.8016181714328904e-6
2.578522931483437e-6
3.645635888004267e-6
5.0951133113369855e-6
7.0433006495830264e-6
9.63571700134103e-6
0.000013052841910068176
0.00001751668722717162
0.000023298256692342274
0.00003072590117490939
0.000040194780582831095
0.00005217724563640578
0.00006723447811026081
0.00008602915942228662
0.0001093394978569296
0.0001380743912523179
0.00017329000380407374
0.00021620758495336027
0.0002682327356561867
0.0003309760697788053
0.00040627525460752045
0.000496218559683432
0.0006031698070934687
0.0007297948392713489
0.0008790894704232894
0.001054408835313994
0.0012594983372345402
0.001498525959073003
0.0017761161163469474
0.0020973849517834683
0.0024679770280042384
0.002894103459027428
0.0033825815010665537
0.003940875488434435
0.004577139116662331
0.005300259139115152
0.006119900303084362
0.007046551685723575
0.008091574256056727
0.009267249689993163
0.01058683049209428
0.012064591293888247
0.013715881383594487
0.015557178405817792
0.017606143338328946
0.01988167651072154
0.022403974928951475
0.025194590671790112
0.028276490515335873
0.031674116728736705
0.03541344899557079
0.03952206760561115
0.04402921784696972
0.04896587554388314
0.054364813971378836
0.06026067194164841
0.06669002331322618
0.07369144776769694
0.08130560300498874
0.08957529845543082
0.09854557033877863
0.10826375844281844
0.11877958436573739
0.13014523159164457
0.1424154271125221
0.15564752511146304
0.169901592310751
0.1852404955129194
0.2017299910926289