0.
0.
0.
0.
0.
0.
0.
0.
0.
0.
0.
0.
1.9859446137283985e-12
1.9859446137283985e-12
5.9578338411851955e-12
5.9578338411851955e-12
4.2201323041728465e-12
7.571413839839519e-12
1.3777490757740765e-11
3.264396458816055e-11
1.256109968183212e-10
3.9681655813060564e-10
1.1683560405640884e-9
3.1925300881067587e-9
8.06467283327431e-9
1.9068419573328293e-8
4.2457261653822715e-8
8.959651185604849e-8
1.8015149023129763e-7
3.46790861553864e-7
6.417503063909538e-7
1.1457814357752226e-6
1.979982187390294e-6
3.320960133304267e-6
5.419889728604594e-6
8.625947574933916e-6
0.000013414493098680417
0.000020420393942811556
0.00003047687849081091
0.00004466000439373954
0.00006433903515840168
0.00009123259434487789
0.0001274708292324594
0.00017566316678149308
0.00023897175932654488
0.00032119015690342185
0.0004268269970652609
0.0005611943449120519
0.000730500189578116
0.0009419448244825192
0.0012038204809291274
0.0015256138627993787
0.001918111162931091
0.0023935049332524487
0.002965502587238337
0.003649435924383425
0.004462371451659647
0.005423221036254065
0.006552852576676727
0.007874200463606632
0.009412375558897889
0.01119477435575608
0.013251187413051875
0.015613906620409748
0.01831783140429174
0.021400573734322404
0.024902561818642116
0.028867142634627915
0.03334068313796828
0.03837267025025779
0.044015809725898455
0.050326123827434247
0.05736304801598124
0.06518952659307899
0.07387210751440303
0.08348103629254935
0.0940903492178952
0.10577796579960423
0.11862578061990912
0.13271975452881235
0.14815000529761715
0.16501089759674065
0.18340113254592835
0.20342383648883333
0.2251866492269217
0.2488018115401759
0.274386251888844
0.3020616723380642
0.3319546335440061
0.36419663866586455
0.39892421623982466
0.4362790018005166
0.47640781819547073
0.5194627545698585
0.5656012438081542
0.6149861385301537
0.6677857855166067
0.7241740984993007
0.7843306294484037
0.8484406382151986
0.9166951607233383
0.9892910757009299
1.0664311700380953
1.1483242030204885
1.235184969411212
1.3272343616734414
1.424699431572316
1.5278134511624306
1.636815973634322
1.7519528940488769
1.8734765103486524
2.001645584678137
2.136725405393752
2.2789878498324905
2.4287114479821637
2.586181447127504
2.751689877542727
2.925535618972269
3.1080244678732587
3.2994692049825662