0.
0.
0.
5.9578338411851955e-12
5.9578338411851955e-12
4.096010765814822e-12
1.1295059990580266e-11
1.958637875289633e-10
2.576639014774239e-9
2.102159610093017e-8
1.1975978337858555e-7
5.204366454736641e-7
1.833891633229052e-6
5.474324842831504e-6
0.000014297240514621156
0.0000334734062717519
0.00007157960936794633
0.00014186157385320718
0.0002636091502634704
0.0004635800522228269
0.0007774138164886546
0.0012509884476422247
0.0019416863788386562
0.0029195509082079072
0.00426832688956294
0.0060863900769029845
0.008487577378100235
0.0116019349023952
0.015576403482535963
0.02057546111582094
0.026781740762175515
0.034396638772293764
0.04364092557280624
0.05475536581199135
0.06800135015193493
0.0836615362788239
0.10204049143497025
0.1234653246246675
0.14828629239519242
0.1768773588391768
0.2096366878094905
0.24698704397281235
0.2893760780297545
0.33727647193569693
0.39118592021193127
0.4516269247732548
0.5191463814943929
0.594314937842312
0.677726100673846
0.76999507230496
0.8717572904412922
0.9836666426874662
1.1063933206175092
1.240621270193092
1.3870451874869647
1.546367001678066
1.7192917848378544
1.9065230339195787
2.108757290000472
2.3266780989823506
2.560949381110142
2.8122083654317582
3.0810583536611063
3.368061691749061
3.673733421411961
3.9985361280375726
4.342876468126139
4.707103736809042
5.091510636293065
5.496336167332327
5.92177033900888
6.367960225792293
6.83501682291098
7.323022162711777
7.832036235744077
8.362103379291433
8.913257922975314
9.485528993834729
10.078944470770926
10.69353413780182
11.329332120113627
11.986378702374134
12.66472163057103
13.364416992568811
14.08552976193714
14.828134077462979
15.592313318699034
16.37816002664612
17.185775709011057
18.015270561131054
18.866763126967513
19.740379918887367
20.636255010787714
21.554529615381554
22.495351653972914
23.458875324841834
24.44526067471885
25.454673176676554
26.487283316779692
27.543266191088446
28.622801114215623
29.726071240078227
30.853263195380613
32.00456672599903
33.18017435644686
34.380281062400435
35.60508395624566
36.8547819856001
38.12957564467998
39.429666698444336
40.75525791943036
42.10655283715815
43.48375550011494
44.88707025018749
46.31670150957922
47.772853580134395
49.2557304551083
50.765535643361105
52.30247200599433
53.86674160545233