0.010367200065690621
0.015695564657275975
0.022962150172843136
0.03262469391005804
0.04520174610917242
0.06127759196370711
0.08150799541451996
0.10662664874263168
0.13745213758493172
0.17489515586438148
0.2199656232095923
0.27377925515816376
0.33756299248970284
0.4126584419848392
0.5005220545644566
0.602719983562042
0.7209142697968782
0.8568350616663034
1.0122313546332222
1.1887918986094042
1.3880324693997015
1.6111607502632466
1.8589542501041767
2.1317018168754918
2.429240328225654
2.7510701260845027
3.096497648382956
3.4647582168246336
3.8550991035341227
4.266825353403974
4.699319449854143
5.1520455744837195
5.624546003544269
6.116434144798237
6.627386630812492
7.157135643557201
7.705461967675211
8.272188923705865
8.857177168078566
9.460320277102037
10.081541010127278
10.720788147346203
11.378033807284405
12.053271162032193
12.746512481073639
13.457787446411286
14.187141691795786
14.93463552748295
15.70034281889385
16.484349993440176
17.28675515433954
18.107667284218035
18.94720552421333
19.80549851694378
20.6826838038477
21.57890726746384
22.494322616305656
23.429090899570415
24.383380054241925
25.357364476328573
26.35122461441865
27.365146582548746
28.399321790004947
29.453946586094546
30.52922191815845
31.62535300139112
32.74254899923035
33.88102271327561
35.0409902818689
36.22267088656735
37.426286465926104
38.65206143604556
39.900222417510854
41.170997968355
42.46461832283752
43.78131513582353
45.12132123269718
46.4848703646804
47.87219696962977
49.28353593829383
50.71912238613644
52.17919143086471
53.66397797577574
55.17371649914765
56.70864084986308
58.26898404951524
59.85497810121932
61.46685380544549
63.10484058309066
64.76916630614153
66.46005713615699
68.17773737090664
69.92242929943208
71.69435306582321
73.493726541978
75.3207652096244
77.17568205183
79.05868745426882
80.96998911642928
82.90979197297442
84.87829812543244
86.8757067843585
88.90221422210118
90.95801373627171