0.19975789864725768
0.2830968977149865
0.40686599115837885
0.5978329702307986
0.8319237143129286
1.092525029145075
1.3747957999968075
1.6765371539720306
1.996504582889836
2.3339194887322146
2.688244123732585
3.059101129595677
3.4462092771824833
3.8493558684436793
4.268388122557885
4.703174164280438
5.153623578922822
5.619664113331259
6.1012422605586085
6.598322005156228
7.110879254562563
7.638902735492264
8.182392618089027
8.74135643055924
9.315802859496136
9.905788606484279
10.511318903513994
11.132445697868954
11.769223342327122
12.42170246472968
13.08996320475185
13.774062886741131
14.474082381346449
15.190140652161661
15.922298110958607
16.67066709899664
17.435359304962017
18.216479320691093
19.014180783836586
19.82856437922345
20.659775484792455
21.507958514522965
22.373260047321
23.25584050873404
24.155853054202375
25.073471764244495
26.00886739116435
26.96221831545516
27.93370822557724
28.92352592787916
29.93186515185278
30.958924351289923
32.004906501795965
33.07001889515831
34.15447293091627
35.25848390559353
36.382270799824084
37.52605606377806
38.69006540108518
39.874527551556056
41.079674072909874
42.30573912175983
43.552959234026474
44.82157310502826
46.11182136941451
47.42394638118027
48.7581919939503
50.114803341758474
51.494026620556895
52.89610887068941
54.32129776058539
55.76984137193997
57.24198798668002
58.73798587599692
60.258083091787675
61.802527260809235
63.37156538193531
64.96544362683251
66.58440714447225
68.22869986984293
69.89856433726162
71.59424149870556
73.31597054754624
75.06398874811532
76.83853127151438
78.63983103805535
80.4681185667643
82.32362183230724
84.20656612974985
86.1171739474842
88.05566484871476
90.02225536177609
92.01715887965729
94.04058556895673
96.09274228854397
98.17383251818602
100.28405629728312
102.42361017393317
104.5926871644274
106.79147672330957
109.02016472403808
111.27893345033668
113.5679615982
115.88742428855178