4.836531784633546
5.1692050376306
5.518204272090268
5.883354976014083
6.264505559804481
6.661522765617925
7.0742933998583
7.5027190359142955
7.9467214539353925
8.40622095473733
8.881179632322324
9.3715388466563
9.877263357525822
10.39832876638231
10.934717625907705
11.486421383901869
12.053439378318508
12.635772442032762
13.233446606591768
13.846471899864104
14.474879234966814
15.118704084952558
15.777988007523684
16.45278117956661
17.143133270092203
17.849122682477088
18.57080637066838
19.30826427427636
20.06158199441157
20.830851068575512
21.6161694107959
22.41763658612171
23.2353836673403
24.069510464079293
24.920151109916144
25.78743658096828
26.671506792213822
27.57251009210072
28.490594543663672
29.425921405392682
30.37865053548214
31.348969786269315
32.33703442966209
33.34303678610973
34.367159920235096
35.40959810768095
36.47054558301898
37.55021322067124
38.648798897269494
39.76651674948208
40.90358111160739
42.06021141436027
43.236631094155506
44.43306587362943
45.64974566445215
46.8869026150468
48.14477213567858
49.423592345078305
50.7236086778769
52.04505501849275
53.38818110670649
54.75323239738807
56.140456728743885
57.55010321649843
58.98242203125783
60.43766417654693
61.91608126776146
63.417925312285014
64.94344849101391
66.4929029415891
68.0665405436298
69.66461270630555
71.2873701585538
72.93506274235006
74.60793920936412
76.30624702141935
78.03023215515688
79.78013891131468
81.55620972904484
83.35868500572387
85.18780292265386
87.0437992771184
88.92690732121532
90.83735760788657
92.77537784456358
94.74119275483527
96.73502394851481
98.757089800482
100.80760533863351
102.88678214128011
104.99482824425529
107.13194805802455
109.29834229501971
111.49420790736121
113.71973803521283
115.97512196582039
118.26054510329702
120.57618894941791
122.92223109512963
125.29884522300893
127.70620112052816
130.14446470404326
132.61379805340198
135.11435945701604