0.0067604390279848965
0.01045851921668676
0.015592134066783997
0.022522776971425375
0.03166134033354403
0.043471161722394305
0.0584716496413051
0.07724246234575767
0.10042815289261942
0.12874313679515761
0.16297678501561016
0.20399839190183092
0.25276171164618927
0.31030868867189265
0.3777719099845127
0.45637514931956796
0.547431106276026
0.6523349997590212
0.7725519862941199
0.9095954340944886
1.0649921106176892
1.2402300745896664
1.4366870576513384
1.6555433814096718
1.8976942484039545
2.1636864510604363
2.45370388558873
2.7676092769658585
3.105026092312229
3.4654322211359005
3.8482416732813536
4.252863573153059
4.6787386059164975
5.125358114179345
5.592271734061827
6.079088267773868
6.58547297297161
7.111143217924915
7.655863611142728
8.219441191542451
8.801720959612208
9.402581859772653
10.02193323380881
10.659711720908462
11.31587856044292
11.990417247923935
12.683331495553901
13.394643452818856
14.124392147925974
14.872632116241583
15.639432186874277
16.424874403161983
17.22905305657866
18.052073816984898
18.894052944853325
19.755116573491026
20.635400051200456
21.535047334893854
22.454210428091148
23.39304885728408
24.35172918159207
25.330424531431397
26.329314172555407
27.348583092336703
28.38842160568425
29.449024978308174
30.530593065427304
31.633329964264718
32.7574436789299
33.90314579650113
35.0706511732781
36.26017763037948
37.47194565792908
38.70617812728796
39.963100010808525
41.24293810873007
42.54592078294664
43.87227769737454
45.22223956481806
46.5960379002
47.993904780151745
49.41607260896392
50.862773890968754
52.33424100944496
53.83070601219047
55.35240040392421
56.89955494571572
58.472399461634225
60.07116265289586
61.696071919702106
63.34735319105389
65.02523076280289
66.72992714419289
68.46166291316628
70.22065658067874
72.00712446429628
73.82128057129694
75.66333649151865
77.53350130016187
79.43198147074409
81.35898079839322
83.31470033361921
85.29933832672214
87.31309018292544