8.884244845488181
9.247243935598622
9.628143681786382
10.026692698714253
10.442658750111455
10.875833256047832
11.326029177191003
11.793076870748903
12.276826210102838
12.777143404998993
13.293912500270949
13.827031331413707
14.376412033420676
14.941980589225796
15.523675753751636
16.121448769760065
16.735260716114375
17.36508024313998
18.010908912112683
18.672723826088774
19.35053507333412
20.04435841674094
20.754218648013406
21.480149676502048
22.222194023376588
22.980404533698493
23.75484401989029
24.545581719214898
25.352697685393238
26.176584616386776
27.016423683360223
27.87323494708668
28.74682537628178
29.637315141834822
30.544832703054396
31.469513925009704
32.41150161738305
33.37094561456908
34.34799895410776
35.342833199864515
36.35559841785024
37.386508299167616
38.43571236753346
39.50340447001823
40.58977954894009
41.6950375617636
42.81937172669222
43.963011002776916
45.12614949714361
46.3090075165931
47.51180771677633
48.734771547708334
49.97813041233667
51.24211190158115
52.52695189250621
53.83288872446314
55.16015717967566
56.508999021198015
57.87967448601475
59.27240747820131
60.68745411516164
62.12506272338612
63.58548524370735
65.06897153919043
66.5757704707124
68.10613753503723
69.66032281844775
71.23857928984422
72.84115898904084
74.4683135204353
76.12029383485391
77.79735001458735
79.49973106193636
81.22768469168844
82.9814571278735
84.76129290525061
86.5674346759031
88.40012302139675
90.25959627105692
92.14609032595727
94.05983849154852
96.00107131523019
97.97001643341328
99.96689842601722
101.99193867961344
104.04535525947844
106.12736279094075
108.23817235029342
110.37799136564507
112.54702352793309
114.74546871236349
116.97352291049127
119.2313781730218
121.51922256372491
123.83724012412493
126.185610849485
128.56451067578286
130.97411147780528
133.41458107825989
135.88608326782412
138.38877783600657
140.92282061265664
143.4883635199295
146.0855546345111