0.
0.
0.
0.
0.
0.
0.
1.9859446137283985e-12
0.
1.9859446137283985e-12
3.971889227456797e-12
1.9859446137283985e-12
0.
0.
0.
0.
0.
5.9578338411851955e-12
0.
0.
0.
1.9859446137283985e-12
3.971889227456797e-12
1.9859446137283985e-12
1.9859446137283985e-12
5.9578338411851955e-12
1.9859446137283985e-12
1.9859446137283985e-12
2.1100661520864233e-12
2.2341876904444484e-12
7.447292301481494e-13
4.096010765814822e-12
9.681479991925942e-12
1.8121744600271635e-11
3.562288150875315e-11
7.410055839974087e-11
1.6706759062990152e-10
3.4642321355724753e-10
6.973148024953839e-10
1.3539177404093356e-9
2.552559436332782e-9
4.675161863793366e-9
8.354124260725224e-9
1.454629956633037e-8
2.4762495145502684e-8
4.122796193792484e-8
6.72576138685246e-8
1.0763869455023263e-7
1.6918857947736345e-7
2.614586692696438e-7
3.9762583056069993e-7
5.956453609678654e-7
8.79638047283332e-7
1.2816369278834619e-6
1.84365006857476e-6
2.620215604460974e-6
3.681375692002153e-6
5.116230977508605e-6
7.037074216732835e-6
9.584186827597851e-6
0.000012931405368827912
0.000017292401965667897
0.000022927918609624974
0.000030153849704803383
0.00003935036078084147
0.000050972029346717045
0.00006555910035596726
0.00008374994192718435
0.00010629464769928275
0.00013407000998503588
0.00016809569131806564
0.0002095518849618063
0.0002597982547391639
0.0003203943828147455
0.00039312166473422553
0.0004800066848612999
0.0005833460542146058
0.0007057328529478881
0.0008500845538483632
0.0010196724737712183
0.0012181527813099596
0.001449599107496428
0.0017185365987930916
0.0020299774935530978
0.002389458364936102
0.0028030787080603535
0.003277541086741916
0.003820192761624441
0.0044390687733857435
0.005142936451852604
0.0059413413240894325
0.006844654498416145
0.007864121347482057
0.009011911568220012
0.01030117062712098
0.01174607250034457
0.013361873716981552
0.015164968716887602
0.017172946512289688
0.019404648556722647
0.021880228027585977
0.024621210223932644
0.027650554334683802
0.03099271651496038
0.03467371414206581
0.038721191511775055
0.043164486719363716
0.04803470003940476
0.053364763549511245
0.059189512262404036
0.06554575663572854
0.07247235659938141
0.08001029713770774
0.08820276544084282
0.09709522973516987
0.10673551978606753
0.11717390920315005
0.12846319966666092
0.14065880698230065
0.15381884929614187