0.
0.
0.
0.
0.
0.
0.
1.9859446137283985e-12
0.
1.9859446137283985e-12
3.971889227456797e-12
1.9859446137283985e-12
1.9859446137283985e-12
0.
0.
0.
3.971889227456797e-12
5.9578338411851955e-12
5.9578338411851955e-12
1.9859446137283985e-12
7.943778454913594e-12
1.9859446137283985e-12
3.971889227456797e-12
1.9859446137283985e-12
1.9859446137283985e-12
5.9578338411851955e-12
3.971889227456797e-12
3.971889227456797e-12
6.08195537954322e-12
6.206076917901245e-12
8.812629223419768e-12
6.454319994617295e-12
1.0426209222074092e-11
1.9859446137283983e-11
3.947064919785192e-11
8.638859069718534e-11
1.8394811984659291e-10
3.799360289139142e-10
7.612373947497667e-10
1.4722055664645334e-9
2.765055510001721e-9
5.052615461940119e-9
8.986895863274434e-9
1.5600960277758507e-8
2.6473014065614626e-8
4.3956525715649295e-8
7.152106458958439e-8
1.1418387151092799e-7
1.7905351110298257e-7
2.760980599897427e-7
4.190185500613206e-7
6.264718138698495e-7
9.234611423452463e-7
1.3431340611567903e-6
1.928920572454416e-6
2.737109049154258e-6
3.839881378916118e-6
5.3289714464865706e-6
7.31983325907856e-6
9.956546229567316e-6
0.0000134174363927195
0.000017921516078846314
0.00002373573770062666
0.00003118327092201411
0.000040652656869933856
0.000052608146217212575
0.00006760100516526437
0.0000862821583398664
0.00010941591812275971
0.00013789506243964283
0.00017275720601871654
0.0002152025371102723
0.00026661299252666676
0.0003285727632651881
0.0004028904001816725
0.0004916223097012298
0.0005970977620740342
0.0007219454621971627
0.0008691216246653562
0.001041939587928856
0.0012441009548979196
0.0014797283299985628
0.0017533994553262818
0.0020701831085808906
0.0024356762450715394
0.002856042821444451
0.0033380540602134822
0.0038891301899716475
0.004517383588300153
0.005231663461798556
0.006041601804070291
0.006957660908578698
0.0079911820821307
0.009154435869291957
0.010460673510446002
0.011924179782691426
0.013560327115343142
0.015385630992574005
0.017417806663180352
0.01967582715734734
0.022179982472142687
0.024951940158218455
0.028014807066801
0.031393192453205175
0.03511327233236252
0.03920285513725322
0.043691448744412706
0.04861032878732334
0.053992608372751806
0.05987330922448426
0.06628943424279167
0.07328004156464873
0.08088632016541822
0.0891516670844172
0.09812176621404257
0.10784466894054152
0.11837087642008326
0.1297534238550494
0.14204796663227148
0.1553128685117564