 0.20061098575803E-02
 0.51106048693061E-03
 0.22712857737256E-03
 0.12774931823609E-03
 0.81753267070462E-04
 0.56766982300428E-04
 0.41705852684818E-04
 0.31912779643523E-04
 0.25219470193119E-04
 0.20424109063658E-04
 0.16874186152787E-04
 0.14177452051320E-04
 0.12077279521116E-04
 0.10412739647549E-04
 0.90693887634535E-05
 0.79665929648915E-05
 0.70549284685062E-05
 0.62910511972249E-05
 0.56446726456896E-05
 0.50931129614024E-05
 0.46183192660173E-05
 0.42070518727324E-05
 0.38486400590029E-05
 0.35329689754713E-05
 0.32552859004918E-05
 0.30105348285135E-05
 0.27914474701939E-05
 0.25954691570959E-05
 0.24198069342389E-05
 0.22618301485214E-05
 0.21181109910543E-05
 0.19881224716834E-05
 0.18698673020995E-05
 0.17621970584487E-05
 0.16659200401533E-05
 0.15726613977009E-05
 0.14933535371689E-05
 0.14173091142191E-05
 0.13421102254402E-05
 0.12766666874065E-05
 0.12158859723343E-05
 0.11595316403335E-05
 0.11071623116191E-05
 0.10580220506367E-05
 0.10127370656783E-05
 0.96982198529910E-06
 0.92993108162200E-06
 0.89400642333476E-06
 0.85702588386637E-06
 0.82425877109601E-06
 0.79310365148885E-06
 0.76378197655994E-06
 0.73582668140072E-06
 0.71008574776696E-06
 0.68457742342406E-06
 0.66235754671077E-06
 0.63986568217162E-06
 0.61885558870993E-06
 0.59893079526449E-06
 0.57996353242324E-06
 0.56193277595892E-06
 0.54482398471345E-06
 0.52843525552323E-06
 0.51286619781756E-06
 0.49803877293664E-06
 0.48372495163302E-06
 0.47022451536827E-06
 0.45721479610851E-06
 0.44479475785260E-06
 0.43285339872536E-06
 0.42143147064468E-06
 0.41045011498379E-06
 0.39991354669157E-06
 0.38982378471816E-06
 0.38009678882809E-06
 0.37069973185308E-06
 0.36130870996994E-06
 0.35437852769678E-06
 0.34249301723934E-06
 0.33728872134539E-06
 0.32869992382347E-06
 0.32115194050184E-06
 0.31384687328112E-06
 0.30679901305193E-06
 0.29997056072711E-06
 0.29327827846445E-06
 0.28693079741177E-06
 0.28073516302010E-06
 0.27467359937185E-06
 0.26886134569013E-06
 0.26317016751352E-06
 0.25771981535542E-06
 0.25228869265689E-06
 0.24709522678618E-06
 0.24201661321935E-06
 0.23709443573960E-06
 0.23220478469952E-06
 0.22759416148006E-06
 0.22303233744316E-06
 0.21858055965831E-06
 0.21426280403328E-06
 0.21005219595360E-06
 0.20591129574108E-06
 0.20186818806512E-06
 0.19800348129812E-06
 0.19404232904356E-06
 0.19035592454002E-06
 0.18671086621137E-06
 0.18314959173018E-06
 0.17966374494930E-06
 0.17623879328888E-06
 0.17288393688517E-06
 0.16959498084266E-06
 0.16639417378798E-06
 0.16326915509692E-06
 0.16019174453439E-06
 0.15719813083982E-06
 0.15424968175288E-06
 0.15137081410963E-06
 0.14854621556031E-06
