-0.17084591395057E-05
 0.15713201489703E-08
 0.16114063769308E-09
-0.22154124174059E-08
 0.37459783546876E-09
-0.16396501660860E-09
-0.42312372282166E-07
-0.16527927045216E-06
 0.12786340596793E-08
-0.12099215693642E-07
-0.83471337149219E-09
-0.20778617821423E-08
 0.10656666355754E-08
-0.23347013014242E-06
 0.21625893681423E-07
-0.61859314216043E-08
-0.42027433726092E-08
 0.43049269102260E-08
-0.90764545714458E-08
-0.17855049012015E-07
 0.15553211996348E-07
-0.18887955489729E-07
-0.25400974741711E-07
-0.86438612150082E-06
-0.57849647243123E-06
 0.97235555669546E-08
 0.17679176307938E-08
 0.19250658661347E-06
-0.28066533198069E-07
 0.39314805098687E-06
 0.61147793925896E-08
-0.10037207239498E-06
 0.79542944642733E-07
 0.11355603710722E-06
-0.43111329719799E-05
 0.26712843460472E-05
 0.12895088079201E-05
 0.88087569476052E-05
-0.11034266275074E-07
 0.97598640535000E-08
 0.18782970492956E-06
 0.13154389988295E-09
-0.22083264070116E-06
 0.21475784464917E-06
 0.46549087893548E-06
-0.10126858939778E-06
 0.43153871592841E-07
-0.21920371339479E-05
 0.19576907819733E-05
 0.53035865533195E-09
-0.40159304202212E-07
-0.29740388614348E-06
 0.14787752936682E-05
 0.11370672192093E-05
-0.14441667914167E-06
 0.19840229463743E-05
-0.92662240910113E-08
 0.57731943879044E-07
 0.46901407364930E-07
 0.18223498486389E-08
 0.15233274094519E-06
 0.21783093919899E-06
-0.49150812554977E-07
 0.22785990967268E-06
-0.96772951160667E-07
-0.16223948490868E-06
 0.58152611352824E-06
-0.10434310445683E-06
 0.61789309181299E-06
-0.40112877111652E-08
 0.41073163562935E-07
 0.63594458190037E-07
-0.10095928419049E-06
 0.88574406684306E-07
-0.40899507458279E-06
-0.12656031873746E-06
-0.48792521182424E-05
-0.20071993400157E-05
-0.70423277130257E-05
 0.10404875868900E-04
-0.77651569911364E-07
 0.13605133709677E-08
-0.36096807027011E-06
 0.49476121331944E-08
 0.17366899688041E-06
-0.13495227584520E-05
 0.15216267407443E-05
-0.23467037251328E-06
-0.16947824531817E-05
 0.28275769788435E-07
 0.22372479768935E-06
 0.13808953753825E-05
-0.70279470243100E-06
 0.79963174258347E-07
 0.18164743166702E-06
 0.51033053822326E-06
 0.15312258467793E-05
-0.18853863252279E-06
-0.10593429443685E-06
-0.68906768791123E-06
-0.34516953459763E-06
-0.91269914354767E-06
 0.25128862868776E-07
 0.48894345632585E-06
-0.16903057672103E-05
-0.75016283842601E-06
 0.51716586873985E-06
-0.33251419091907E-08
-0.43947184739841E-06
-0.48499868884563E-06
 0.50929501654314E-06
 0.67995350880630E-06
 0.15337273548050E-06
 0.30576543593264E-06
-0.30876315342625E-06
-0.88611804015682E-07
 0.21970147096227E-06
 0.60261907215305E-06
 0.57060116645562E-07
-0.26409268292551E-06
