 0.00000000000000E+00
 0.00000000000000E+00
 0.00000000000000E+00
 0.00000000000000E+00
 0.00000000000000E+00
 0.00000000000000E+00
 0.00000000000000E+00
 0.00000000000000E+00
 0.00000000000000E+00
 0.00000000000000E+00
 0.00000000000000E+00
 0.00000000000000E+00
 0.00000000000000E+00
 0.00000000000000E+00
 0.00000000000000E+00
 0.00000000000000E+00
 0.00000000000000E+00
 0.00000000000000E+00
 0.25661647765672E-16
 0.18769531851835E-16
 0.15637051890290E-16
 0.21290067721260E-16
 0.17957398489298E-16
 0.14489757180210E-16
 0.89124560770443E-17
 0.81198139277679E-17
 0.92586605958746E-17
 0.18756096497802E-16
 0.21674645362962E-16
 0.43945755485373E-16
 0.83940926838377E-16
 0.16859702570890E-15
 0.32367894028327E-15
 0.60324883686606E-15
 0.10878999287822E-14
 0.19053709467776E-14
 0.32329910765287E-14
 0.53418171972129E-14
 0.86001911921792E-14
 0.13517198930050E-13
 0.20778673349944E-13
 0.31284533386544E-13
 0.46205106249314E-13
 0.67026762650035E-13
 0.95612012129271E-13
 0.13426588650224E-12
 0.18579709651612E-12
 0.25358660464868E-12
 0.34166158263564E-12
 0.45476269485451E-12
 0.59841560670937E-12
 0.77899996290024E-12
 0.10038161630727E-11
 0.12811459785203E-11
 0.16203144622348E-11
 0.20317424121905E-11
 0.25269915573369E-11
 0.31188080972273E-11
 0.38211557239068E-11
 0.46492423479569E-11
 0.56195388413453E-11
 0.67497908888312E-11
 0.80590218936323E-11
 0.95675291840734E-11
 0.11296871952957E-10
 0.13269853244879E-10
 0.15510493450697E-10
 0.18043998841399E-10
 0.20896722216110E-10
 0.24096120666808E-10
 0.27670705365298E-10
 0.31649989603939E-10
 0.36064430788154E-10
 0.40945370396720E-10
 0.46324969955945E-10
 0.52236147742029E-10
 0.58712509183831E-10
 0.65788280075742E-10
 0.73498237387162E-10
 0.81877639584899E-10
 0.90962158495649E-10
 0.10078781083631E-09
 0.11139089096369E-09
 0.12280790519524E-09
 0.13507550784120E-09
 0.14823043933446E-09
 0.16230946591268E-09
 0.17734932306463E-09
 0.19338666033351E-09
 0.21045798978575E-09
 0.22859963704383E-09
 0.24784769592197E-09
 0.26823798527708E-09
 0.28980601010272E-09
 0.31258692521669E-09
 0.33661550258914E-09
 0.36192610171132E-09
 0.38855264332759E-09
 0.41652858656808E-09
 0.44588690891200E-09
 0.47666008963818E-09
 0.50888009615852E-09
 0.54257837332262E-09
 0.57778583562832E-09
 0.61453286254033E-09
 0.65284929574451E-09
 0.69276443985040E-09
 0.73430706514837E-09
 0.77750541255515E-09
 0.82238720116711E-09
 0.86897963782505E-09
 0.91730942839721E-09
 0.96740279145760E-09
 0.10192854731559E-08
 0.10729827641875E-08
 0.11285195179657E-08
 0.11859201704079E-08
 0.12452087608820E-08
 0.13064089540321E-08
 0.00000000000000E+00
