 0.00000000000000E+00
 0.00000000000000E+00
 0.00000000000000E+00
 0.00000000000000E+00
 0.00000000000000E+00
 0.00000000000000E+00
 0.00000000000000E+00
 0.00000000000000E+00
 0.00000000000000E+00
 0.00000000000000E+00
 0.00000000000000E+00
 0.00000000000000E+00
 0.00000000000000E+00
 0.00000000000000E+00
 0.00000000000000E+00
 0.00000000000000E+00
 0.00000000000000E+00
 0.00000000000000E+00
 0.00000000000000E+00
-0.11100037840672E-15
 0.65348353826601E-16
-0.44034052874298E-16
 0.13500639502421E-30
 0.12938112856487E-30
 0.16992422335593E-15
 0.10469599687157E-15
 0.10220468288703E-15
 0.37639547879822E-17
-0.18656749495214E-15
-0.30364086296250E-16
-0.39136404655964E-16
-0.79487337159343E-16
-0.18737181912698E-15
-0.30644781353248E-15
-0.65295976714102E-15
-0.10627709235791E-14
-0.15579642157086E-14
-0.33544718124969E-14
-0.50292623005958E-14
-0.86700705483048E-14
-0.13379462481244E-13
-0.20561389278751E-13
-0.31159902619131E-13
-0.45810301331440E-13
-0.66745597690399E-13
-0.95425240527127E-13
-0.13359626378755E-12
-0.18447614599378E-12
-0.25207721986881E-12
-0.33924378304298E-12
-0.45084762543114E-12
-0.59289939957218E-12
-0.77117757172158E-12
-0.99283654991874E-12
-0.12656516577798E-11
-0.15987572278084E-11
-0.20018767913895E-11
-0.24869716340869E-11
-0.30650617527821E-11
-0.37501657338732E-11
-0.45560172154484E-11
-0.54982799926115E-11
-0.65936399410002E-11
-0.78594595148331E-11
-0.93145133572299E-11
-0.10978372022945E-10
-0.12871865969238E-10
-0.15016652768132E-10
-0.17435121938716E-10
-0.20151018234459E-10
-0.23188072706479E-10
-0.26571494186931E-10
-0.30327140699209E-10
-0.34480178074576E-10
-0.39058414532900E-10
-0.44087701776317E-10
-0.49597074766701E-10
-0.55613028187825E-10
-0.62164533683003E-10
-0.69279130556035E-10
-0.76985096034446E-10
-0.85311807109612E-10
-0.94286433111916E-10
-0.10393781422810E-09
-0.11429393038949E-09
-0.12538281280883E-09
-0.13723267775652E-09
-0.14987047580577E-09
-0.16332386139747E-09
-0.17761981599608E-09
-0.19278504265989E-09
-0.20884608806702E-09
-0.22582849913527E-09
-0.24375819771305E-09
-0.26266065801261E-09
-0.28256096595206E-09
-0.30348312895154E-09
-0.32545188828576E-09
-0.34849143876970E-09
-0.37262543562276E-09
-0.39787685736241E-09
-0.42426876307652E-09
-0.45182481862596E-09
-0.48056664673824E-09
-0.51051734686179E-09
-0.54169936554292E-09
-0.57413388577239E-09
-0.60784395420179E-09
-0.64285052612730E-09
-0.67917591549073E-09
-0.71684125081908E-09
-0.75586856637733E-09
-0.79627864778896E-09
-0.83809339980069E-09
-0.88133386467158E-09
-0.92602136155226E-09
-0.97217675777465E-09
-0.10198213065728E-08
-0.10689757662722E-08
-0.11196786463883E-08
