 0.00000000000000E+00
 0.00000000000000E+00
 0.00000000000000E+00
 0.00000000000000E+00
 0.00000000000000E+00
 0.00000000000000E+00
 0.00000000000000E+00
 0.00000000000000E+00
 0.00000000000000E+00
 0.00000000000000E+00
 0.00000000000000E+00
 0.00000000000000E+00
 0.00000000000000E+00
 0.00000000000000E+00
 0.00000000000000E+00
 0.00000000000000E+00
 0.00000000000000E+00
 0.00000000000000E+00
 0.00000000000000E+00
-0.30477757656493E-14
 0.94738061021554E-14
 0.38824910644045E-14
 0.10039121826302E-28
 0.10931066487618E-28
 0.15364703655950E-13
 0.75236968861246E-14
 0.81397441424621E-14
 0.16914925262908E-14
-0.40128764941037E-14
-0.66349291087084E-14
-0.30115627630554E-15
 0.15909726732104E-15
-0.15671257620211E-13
 0.97505838958339E-14
-0.20469599516175E-13
 0.53707555805004E-14
-0.60925164897311E-13
 0.32176192665120E-13
-0.13480801648859E-13
 0.12939538127248E-12
 0.31520460094039E-13
 0.12450577700288E-12
 0.15384967546551E-12
 0.17583550640721E-12
 0.58386730033478E-13
 0.65593751627618E-13
 0.17751286506176E-12
 0.14270548172025E-12
 0.22900149418529E-12
 0.24550430548555E-12
 0.51108861697363E-12
 0.49504740721558E-12
 0.62136150083441E-12
 0.97848598105413E-12
 0.11598710283746E-11
 0.16838665935607E-11
 0.19786186973618E-11
 0.24984962635237E-11
 0.30049201733664E-11
 0.35529954633440E-11
 0.45799285222974E-11
 0.54699897864762E-11
 0.69182246150503E-11
 0.82585939132228E-11
 0.95690322245035E-11
 0.11456904473128E-10
 0.13337839819515E-10
 0.15534930973146E-10
 0.17914358432128E-10
 0.20928756506603E-10
 0.24252916822241E-10
 0.27620056063626E-10
 0.31364873049159E-10
 0.36112493796286E-10
 0.40728045806012E-10
 0.46767681372439E-10
 0.52681229415777E-10
 0.58900036267226E-10
 0.66647331334737E-10
 0.74393362117740E-10
 0.82535190320473E-10
 0.92277887791710E-10
 0.10223164334827E-09
 0.11288093976969E-09
 0.12478066551657E-09
 0.13814131126580E-09
 0.15188717279669E-09
 0.16678961979981E-09
 0.18288332333395E-09
 0.19992997364591E-09
 0.21790126307651E-09
 0.23833233345014E-09
 0.25913567079664E-09
 0.28166919825672E-09
 0.30463978539204E-09
 0.33129752409351E-09
 0.35884001995753E-09
 0.38705497202237E-09
 0.41837615443275E-09
 0.45078814124862E-09
 0.48623036507449E-09
 0.52259227118594E-09
 0.56174938647731E-09
 0.60283222727329E-09
 0.64780646626747E-09
 0.69317176031597E-09
 0.74229498820366E-09
 0.79391018025580E-09
 0.84832610984869E-09
 0.90537311550697E-09
 0.96586435654422E-09
 0.10296222940834E-08
 0.10971766252599E-08
 0.11672811500720E-08
 0.12415236564549E-08
 0.13188803248790E-08
 0.13996995738850E-08
 0.14843798035720E-08
 0.15744740866454E-08
 0.17476704950737E-08
