 0.00000000000000E+00
 0.00000000000000E+00
 0.00000000000000E+00
 0.00000000000000E+00
 0.00000000000000E+00
 0.00000000000000E+00
 0.00000000000000E+00
 0.00000000000000E+00
 0.00000000000000E+00
 0.00000000000000E+00
 0.00000000000000E+00
 0.00000000000000E+00
 0.00000000000000E+00
 0.00000000000000E+00
 0.00000000000000E+00
 0.00000000000000E+00
 0.00000000000000E+00
 0.00000000000000E+00
 0.00000000000000E+00
-0.33618993008539E-13
 0.36883612361172E-13
 0.20920459099594E-14
 0.85349847733950E-28
 0.96973477034119E-28
 0.14328884303572E-12
 0.88410768744377E-13
 0.10456827617575E-12
 0.12453244517415E-13
-0.14693644967742E-12
-0.45760793271557E-13
-0.23516806470391E-14
 0.43732253834056E-14
-0.96383403165443E-13
 0.61398323873759E-13
 0.10248291240992E-12
 0.30198741207673E-14
 0.77160153817933E-12
-0.53114511001122E-12
 0.90805829497025E-12
-0.10476701742810E-12
 0.83847001017375E-12
 0.78616829484567E-12
 0.86011178974876E-12
 0.15668374823874E-11
-0.43863357007418E-12
-0.17771205239413E-11
-0.27848082858141E-12
 0.14854748779946E-11
-0.14593632369848E-11
-0.79084440682080E-12
 0.98626158366489E-12
-0.12303688389696E-11
-0.12707807206251E-11
-0.19948078390061E-11
-0.28752577880024E-11
-0.32526988939296E-11
 0.29507155895555E-11
-0.27877727526724E-11
-0.35460518932138E-11
-0.50084212181753E-11
-0.43412655328578E-11
-0.44369637817208E-11
-0.59704099262417E-11
-0.68925473454732E-11
-0.88920478467896E-11
-0.11836640130122E-10
-0.14768049228586E-10
-0.17166287483097E-10
-0.14773753376570E-10
-0.21757648159103E-10
-0.19860989430762E-10
-0.23713343235697E-10
-0.41618550414721E-10
-0.34543849743168E-10
-0.49180263234500E-10
-0.30401603527850E-10
-0.48871300015901E-10
-0.50374127757255E-10
-0.68003889507640E-10
-0.76263181247981E-10
-0.63097603095952E-10
-0.95602872854280E-10
-0.95425990286740E-10
-0.11045046780611E-09
-0.12015835059514E-09
-0.12645362827872E-09
-0.15706210415853E-09
-0.15637723621180E-09
-0.16436181495757E-09
-0.18063080302325E-09
-0.19222320662866E-09
-0.23737735753848E-09
-0.25064734191463E-09
-0.26423919827234E-09
-0.28897789325541E-09
-0.33515872527444E-09
-0.33566243543159E-09
-0.35467926299194E-09
-0.38802182563811E-09
-0.45954509271121E-09
-0.49646186945420E-09
-0.50193291399317E-09
-0.59497347532237E-09
-0.59278999423845E-09
-0.61165197254128E-09
-0.71098952596880E-09
-0.69812355599963E-09
-0.79806853574948E-09
-0.81533279379545E-09
-0.89936089786828E-09
-0.94510226902474E-09
-0.10721701716696E-08
-0.10935361354215E-08
-0.11845798382901E-08
-0.12728459055866E-08
-0.13693091622631E-08
-0.14498798845795E-08
-0.15361478350555E-08
-0.16637804720625E-08
-0.82845689406297E-08
