87.13103738540346
87.1767978821733
87.25304801998116
87.3597614998151
87.49690119944489
87.66441915433873
87.86225547538155
88.09033889866429
88.34858510214028
88.63689238555831
88.955149096069
89.303223708682
89.68096763025146
90.08821579821259
90.52478718353548
90.99048527835726
91.48510176798695
92.00842053383832
92.5602150781394
93.14025870997042
93.74832292699409
94.38418417231108
95.04762016091436
95.7384211700849
96.45638415277334
97.20131717344212
97.97304818081788
98.7714065624556
99.59624700187925
100.4474362171018
101.32485575936244
102.22858720960167
103.15799727108802
104.11356275238124
105.09504619355188
106.10240661905678
107.13562625801013
108.19468707598266
109.27959679988862
110.3903690495971
111.527041567276
112.6896489923904
113.87824529634537
115.09290736560106
116.33369504602669
117.60070640591046
118.89403396775297
120.21378500430598
121.56007178018439
122.93301875388676
124.33275527532795
125.75941915410058
127.21315548548232
128.69411444917935
130.20245371791586
131.73833162627074
133.30192451261235
134.89339459078337
136.5127626147667
138.16068861816666
139.836873807898
141.54166376328212
143.2752521977597
145.03782413235822
146.82957438042754
148.6506998610403
150.5013913618631
152.38184725273243
154.29226143688214
156.23282886760256
158.20374847435215
160.20521672936044
162.23742114223833
164.30055565847178
166.3948112939132
168.52037633018713
170.67743491415234
172.86617239531998
175.0867660786687
177.3393921595714
179.62422931511682
181.94144293689706
184.29119706828547
186.67365410771777
189.08897286563453
191.53730220620434
194.01879276755722
196.53358339427194
199.08181805894364
201.6636227709695
204.2791265644937
206.9284552797532
209.61172295172972
212.3290377116482
215.08051247163237
217.86624272893727
220.68632520098447
223.5408507959104
226.42988166405206
229.35358606087973
232.31190233696051
235.30499387748497
238.33290141290487
241.39568502100585
244.49339739138784
247.6260930738202
250.79381555709242
253.99660969182958
257.2345093023253
260.5075542006005
263.8157702987256
267.1591896609567
270.5378350892456
273.9517247870528
277.4008778309551
280.8853099342175
284.405033771745
287.96005977040664
291.55039622287654
295.1760494785617