119.02033947091098
119.06839048554373
119.14846032299299
119.26052617817292
119.40455605512746
119.58050820040728
119.78833101104185
120.02796271760724
120.29932626238617
120.60235221478437
120.93692980487091
121.30295424761563
121.7003030681018
122.12884204693101
122.58842395543324
123.07889254300441
123.60008373314962
124.15182723577948
124.73395248017553
125.34628777572549
125.98866391035541
126.66091592411998
127.36288887600203
128.09443401459544
128.85541398129823
129.64570170756804
130.4651846317276
131.31375968610877
132.19133923371035
133.09784803338644
134.03320147689
134.99742062794655
135.9903915934536
137.01214507605013
138.0626427334282
139.14189404898988
140.2499197748503
141.38674217153337
142.55239751858832
143.7469387280407
144.97041650947094
146.2229124680369
147.5044912306339
148.81524220555696
150.15526561024052
151.5246543579841
152.92353341313049
154.3520048729676
155.81020585706833
157.29825819027678
158.81630092472207
160.36447425543028
161.942927266252
163.55180955521624
165.19127478386744
166.86148525126026
168.56259545660023
170.29478659401383
172.05821001314345
173.85304284396486
175.67945250368328
177.53761508833372
179.42768619082378
181.34988466888444
183.30433929308862
185.29124179758134
187.31075948998912
189.3630660611667
191.4483295342774
193.56671948156165
195.7184079014653
197.90354805031075
200.1222962474014
202.3748290370277
204.66128652177102
206.98181829592875
209.33656740086874
211.72567837483453
214.1493018335293
216.60754799451763
219.10055209813285
221.62843507912112
224.19131571403653
226.78930101301478
229.42249503499778
232.0910041176645
234.7949147580464
237.53431368730415
240.30929109045297
243.11991398339052
245.96625671071476
248.84836592806388
251.76634443416444
254.7202034622932
257.7100020654636
260.73578037279367
263.79757738621805
266.89542354779337
270.02934178972845
273.19935541594026
276.40544008099937
279.64772298057795
282.9260938172394
286.2406591368009
289.59123884191627
292.97799821934524
296.40087485340285
299.85986097959875
303.3549347760853
306.88608130045884
310.45315511824884
314.0564981697687
317.69574176266497
321.3709468271667
325.08210946435736
328.82918339821634
332.6121457308752
336.43095876435314
340.2855890080445
344.176001965724