119.52535624132722
119.57344010340518
119.65356546391529
119.76570751056732
119.9098361707474
120.08590917033095
120.29387534288787
120.53367290287063
120.80522950818937
121.1084613155582
121.44327218294248
121.80955347196634
122.20718316115263
122.63602641804826
123.09593750967957
123.58676013546044
124.10833113784392
124.66048163411878
125.24304099076576
125.85583842014188
126.49870564307119
127.17148130447538
127.87400778961393
128.60614044730116
129.3677438234999
130.15868510805717
130.97885925069406
131.82816347007142
132.70650982396327
133.61382455574486
134.55004735199648
135.5151300805177
136.5090405184774
137.53175547931565
138.58326703647927
139.66357813559284
140.77270634962514
141.91067630030406
143.07752732200228
144.27330620388378
145.4980760529788
146.75190209187804
148.03486254637477
149.34704498335043
150.6885445092897
152.05946279933173
153.45991287816338
154.8900108869736
156.34987236802627
157.83965358552717
159.35946529851734
160.90945766976935
162.48977606291584
164.10057759219663
165.74200917200292
167.41423498776913
169.11741364687646
170.85171280699726
172.61729816291586
174.41433945100871
176.24300786602205
178.103475150094
179.99591050520417
181.92049906951124
183.87740222620232
185.8667961943086
187.88885441308992
189.94374333400103
192.03164384039871
194.15271134253138
196.30711555214407
198.4950050423332
200.7165818777367
202.97196027427574
205.2613075203358
207.58477077793432
209.94249655864252
212.33462229114306
214.76129287109023
217.22263028609484
219.7187514690283
222.24981086123512
224.8158909467075
227.41711228384594
230.05357799628055
232.72538741080825
235.43263262955435
238.1754038711688
240.9537760109593
243.76782569054677
246.61762059716747
249.50323015022437
252.4247058503068
255.3820981619294
258.37545790797896
261.404821196148
264.47022605258013
267.5717004739233
270.70926894437633
273.8829507688575
277.09276628297175
280.3387190114023
283.6208162672458
286.93907500433284
290.2934529932734
293.68398647015806
297.1106561672234
300.5734370210982
304.0723222139571
307.6072892529996
311.17832255400174
314.7853942217676
318.4284751054406
322.1075514287322
325.8225748701689
329.5735293496539
333.3603682867272
337.1830718315132
341.0415954976237
344.9359056036896