120.54984940673577
120.59799974030086
120.67823516126494
120.79053306279381
120.934861486822
121.11117900369626
121.31943440401933
121.55956635179203
121.83150306151205
122.1351607039716
122.47044369595652
122.83724414940217
123.23544036511721
123.66489844616002
124.12547421942433
124.61701189514399
125.13935070507318
125.69232246360298
126.27575865721793
126.88948286631216
127.53335269239419
128.2071839398972
128.91083093120324
129.6441492423666
130.40700484407006
131.19927441745088
132.0208470060577
132.87165265350453
133.75152173152372
134.66046654472478
135.59839900851983
136.56527753369687
137.56106202871428
138.58574478415147
139.6393091558245
140.72175963532666
141.83312166138637
142.9734150021601
144.1426820516567
145.3409723171173
146.56834580522946
147.82487147180146
149.11062687318304
150.425702067537
151.77019220740434
153.14419859011886
154.54783446225747
155.98121710488178
157.44447017427646
158.93772684926478
160.46112038677006
162.01479582983117
163.59889708207635
165.21357729245992
166.85898964143001
168.5352929044565
170.24264815521545
171.98122665705537
173.75118682620007
175.55269616864388
177.38593900191944
179.2510747213632
181.14827714542756
183.07772147329086
185.03957983884862
187.03402360768044
189.06122007208114
191.12135077011283
193.21456596041386
195.34105753689425
197.50097066692103
199.69447013253807
201.9217159335721
204.1828621322921
206.47805970004094
208.80746312254507
211.17120835618533
213.56943682191834
216.00228192682448
218.4698753353879
220.9723366746867
223.50979379624226
226.082350468763
228.6901229565684
231.3332073805897
234.01169975118992
236.72569818456046
239.47528272430625
242.2605307959996
245.08151600063977
247.93830704906355
250.8309634556115
253.75954197689097
256.724090758748
259.72465252437854
262.7612651049068
265.833975202052
268.9427927475423
272.08774717693825
275.2688590156517
278.48612709844224
281.7395914654263
285.0292213921439
288.355074930189
291.7170372942769
295.11520236849367
298.54952503126464
302.0199909903988
305.52658526620417
309.06928703781296
312.64807270394266
316.26291796925636
319.91379390985117
323.60067395093466
327.3235244113512
331.0823111573362
334.8770060330291
338.7075683625537
342.57396307667676
346.47615356798815