79.63968068489153
79.68482636810002
79.76005141621336
79.86532783085748
80.00061764218587
80.16587040790016
80.36102405720614
80.58600341197592
80.84071965773215
81.12506812037465
81.43894410795973
81.78216923603726
82.15462612052815
82.55612829905847
82.98648557797313
83.44549115912092
83.93292564432669
84.44855995899125
84.99216040801623
85.56348413104085
86.16229205468673
86.78834273797055
87.44141373365062
88.12127012790855
88.82769997134076
89.5605000762532
90.31947949342035
91.1044622481604
91.91528788284542
92.75180442884493
93.61496860387405
94.50144704666637
95.41435035661488
96.352532687698
97.31592828179497
98.3044902576537
99.31818332526036
100.35699117776507
101.42090878920794
102.50994724334346
103.62413081731808
104.7634940566115
105.92808837546674
107.11797314138563
108.33321825937257
109.57391444249853
110.840146944266
112.1320221720595
113.44965007668927
114.79315361169681
116.16266007082444
117.55830622197848
118.98024951102812
120.42860026129117
121.90355567126657
123.40526414266868
124.9338953825108
126.48956960470024
128.07261928220498
129.68306963609217
131.3211645338765
132.98708643449666
134.6810288064499
136.4031857262024
138.153753854894
139.9329307937191
141.7409178736548
143.5779104479162
145.4441219913314
147.33974277481778
149.26560056124345
151.22002625081873
153.20509036290684
155.2203704967551
157.26606231260482
159.342362175177
161.44946474222024
163.58755990916455
165.75684782069345
167.95749904108843
170.18970484695032
172.45364094069234
174.74948654749144
177.0774139612578
179.4375877263729
181.83017790716812
184.25533808809786
186.71322583058767
189.2039909614881
191.7277765049804
194.28472518776016
196.874967428067
199.49864533750565
202.1558681096952
204.84676857075945
207.57145350313408
210.33003175270503
213.1226107064241
215.94928730182724
218.81015021720177
221.70529830961533
224.63481048964348
227.5987608550619
230.59722628034396
233.63027499757732
236.69797111135657
239.80035977104524
242.93754175373883
246.10952211567596
249.31636402959415
252.55811065964113
255.83480080518555
259.14647272498314
262.4931569751581
265.87488448892674
269.29168184726
272.74357307186915
276.2305796125559
279.75272053705953
283.3100127207337