 0.00000000000000E+00
 0.27657145009522E-08
 0.00000000000000E+00
 0.00000000000000E+00
 0.00000000000000E+00
 0.00000000000000E+00
 0.00000000000000E+00
 0.00000000000000E+00
 0.00000000000000E+00
 0.00000000000000E+00
 0.00000000000000E+00
 0.00000000000000E+00
 0.00000000000000E+00
 0.27657145009522E-08
 0.00000000000000E+00
 0.00000000000000E+00
-0.44302665568748E-08
 0.00000000000000E+00
-0.25668076006309E-08
-0.18787534219890E-08
-0.16988708538901E-08
-0.30572985046886E-08
 0.21239729922255E-08
-0.52643996709041E-08
 0.14496145832262E-08
 0.65642931207507E-09
-0.31349234513105E-08
 0.11469202161328E-08
-0.34400729099515E-08
-0.46258635640821E-08
-0.22838201311551E-08
 0.91809120004086E-09
-0.96158702734972E-09
 0.21956859476929E-08
-0.29767637479007E-08
-0.22796162573375E-08
-0.46544276915214E-08
 0.31409937549066E-08
 0.21732319051887E-08
 0.36790153619116E-08
 0.72116616560559E-08
 0.12133502242855E-07
 0.12829082781314E-07
 0.35760748302998E-07
 0.48062174873326E-07
 0.67350178658186E-07
 0.10290148077933E-06
 0.15001503374514E-06
 0.20455714276646E-06
 0.29470574795421E-06
 0.43050536067402E-06
 0.61086145044600E-06
 0.80662465978419E-06
 0.10947419330073E-05
 0.14795417964912E-05
 0.19581566542665E-05
 0.25569393666725E-05
 0.33282255557281E-05
 0.42733518852824E-05
 0.54542830409126E-05
 0.69087270044683E-05
 0.86457354191012E-05
 0.10796252490328E-04
 0.13351674705163E-04
 0.16399917145087E-04
 0.20031661532848E-04
 0.24265255710149E-04
 0.29236081647206E-04
 0.35042274657221E-04
 0.41778531137588E-04
 0.49528786272241E-04
 0.58459534710977E-04
 0.68674910776958E-04
 0.80247670865024E-04
 0.93380775038363E-04
 0.10823373095353E-03
 0.12493407922662E-03
 0.14365773208296E-03
 0.16457331918366E-03
 0.18783411841463E-03
 0.21364995637744E-03
 0.24224428273778E-03
 0.27377660674458E-03
 0.30846271746981E-03
 0.34650395896467E-03
 0.38812178228472E-03
 0.43355653477307E-03
 0.48306886825710E-03
 0.53682544350247E-03
 0.59510684052876E-03
 0.65816885861813E-03
 0.72621155960799E-03
 0.79953654092158E-03
 0.87835914607671E-03
 0.96302263825194E-03
 0.10537057236532E-02
 0.11507396261538E-02
 0.12543600141840E-02
 0.13648270374461E-02
 0.14824579827856E-02
 0.16075190257121E-02
 0.17403004977496E-02
 0.18810659556253E-02
 0.20301350623306E-02
 0.21877801601714E-02
 0.23543186347131E-02
 0.25300515256818E-02
 0.27152611460943E-02
 0.29102325310696E-02
 0.31153030907143E-02
 0.33308208371813E-02
 0.35570256876697E-02
 0.37942888271370E-02
 0.40428903109411E-02
 0.43032190331198E-02
 0.45755745475133E-02
 0.48602736514450E-02
 0.51576545841672E-02
 0.54681120552427E-02
 0.57919588765332E-02
