0.
0.
0.
0.
0.
0.
0.
0.
0.
0.
0.
0.
0.
0.
1.9859446137283985e-12
3.971889227456797e-12
3.971889227456797e-12
5.9578338411851955e-12
6.206076917901245e-12
5.213104611037046e-12
1.141918152893829e-11
2.8672075360703753e-11
7.397643686138285e-11
2.187021505868399e-10
6.12912156411927e-10
1.5861491386772003e-9
3.860552207549649e-9
8.872331683369979e-9
1.9320138053118367e-8
4.0058364681977166e-8
7.947080087833918e-8
1.514627825844539e-7
2.782838402802275e-7
4.94484197139923e-7
8.521410305262636e-7
1.4277251237354748e-6
2.3308994694868704e-6
3.7154707614952576e-6
5.792887239402756e-6
8.848481481531407e-6
0.00001326082393163011
0.00001952427627888043
0.000028275119538207108
0.00004032131045139788
0.000056676049412423146
0.00007859516215114328
0.00010761852504849253
0.00014561524810711518
0.00019483289075490458
0.0002579503192503558
0.0003381343285700556
0.00043909971772973353
0.0005651727090636787
0.0007213575116268438
0.0009134056783245354
0.0011478882550319872
0.0014322701954284952
0.0017749870159770769
0.0021855232483081266
0.0026744925435366277
0.0032537192372416226
0.003936320876015247
0.00473679182498624
0.005671087446302521
0.00675670885155178
0.008012787901432152
0.009460172421766742
0.011121511360312185
0.013021339914895104
0.015186164364029276
0.017644546625954837
0.020427188476591533
0.023567015330832365
0.027099259563594602
0.03106154341307768
0.03549396134136172
0.040439162081350954
0.045942430080734696
0.05205176671173095
0.058817970980620284
0.06629472005134555
0.07453864936757851
0.08360943268392944
0.09356986181701445
0.10448592635667976
0.1164268932881068
0.12946538653671358
0.14367746660081004
0.15914271014850648
0.17594428977399393
0.1941690537369441
0.21390760585755753
0.2352543855497593
0.2583077478592354
0.28317004369993903
0.30994770006478045
0.3387513003902268
0.3696956649009183
0.4028999309660771
0.43848763348409014
0.4765867851804564
0.5173299569003963
0.5608543578132109
0.607301915522433
0.6568193561665444
0.7095582843970621
0.7656752633476867
0.825331894685868
0.8886948986159634
0.9559361941306388
1.0272329794685602
1.1027678129268241
1.1827286942051245
1.267309146331306
1.3567082984696683
1.4511309697634518
1.5507877543274333
1.6558951077986204
1.7666754355490548
1.8833571828810873