0.
0.
0.
0.
0.
0.
0.
0.
0.
0.
0.
0.
0.
1.9859446137283985e-12
5.9578338411851955e-12
3.971889227456797e-12
1.241215383580249e-13
3.723646150740747e-13
4.096010765814822e-12
9.557358453567918e-12
3.525051689367907e-11
1.3082410142935826e-10
4.001678396662723e-10
1.1493654451953106e-9
3.0252142544001408e-9
7.423212723040037e-9
1.7118718448800436e-8
3.731639577811004e-8
7.732287765705356e-8
1.5309783560924417e-7
2.9088540358356433e-7
5.323560368021853e-7
9.415591797316916e-7
1.614145496383083e-6
2.6891955287957547e-6
4.3640872231451e-6
6.9128590907348874e-6
0.000010708377321775695
0.00001624866159130604
0.000024187676261577452
0.000035370783589420315
0.00005087511053294864
0.00007205487719263922
0.00010059166665497425
0.00013854983123358445
0.00018843666870111114
0.00025326742585593813
0.0003366348830425399
0.0004427832288086816
0.0005766859898615201
0.0007441276481781234
0.0009517887561091851
0.001207333887163402
0.001519502454495877
0.001898201682036358
0.0023546015407096763
0.0029012313246740665
0.0035520773437844873
0.004322681601456827
0.005230241092022715
0.006293707366310972
0.0075338862403411975
0.008973537339308075
0.01063747328719868
0.012552658475389541
0.01474830712250971
0.01725598064046442
0.020109684188952166
0.023345962341023263
0.027003993874078126
0.03112568561518346
0.03575576542895695
0.04094187427813986
0.04673465746546404
0.05318785510621356
0.06035839181894484
0.06830646572844931
0.07709563692481547
0.08679291526241263
0.09746884778117286
0.10919760552911047
0.1220570701812824
0.13612892011993685
0.15149871629062253
0.16825598772875539
0.1864943167452232
0.20631142385170764
0.2278092522762808
0.2510940522260422
0.27627646465227673
0.30347160464051726
0.33279914420246537
0.3643833946539669
0.39835338823981825
0.4348429590978732
0.4739908235207463
0.5159406593461832
0.5608411845739051
0.6088462349876193
0.6601148409267974
0.714811303134741
0.7731052676384984
0.8351717997783027
0.9011914573837957
0.9713503631268321
1.0458402762645966
1.1248586637904145
1.208608771121837
1.2972996925743665
1.3911464416915775
1.4903700217833848
1.5951974966740807
1.7058620620955531
1.8226031178774897
1.9456663410571993
2.075303760452203
2.211773832489061
2.3553415189326254
2.506278366343187
2.6648625875877094