0.
0.
0.
0.
0.
0.
0.
0.
0.
0.
0.
1.9859446137283985e-12
1.9859446137283985e-12
1.9859446137283985e-12
6.08195537954322e-12
6.82668460969137e-12
1.1170938452222241e-11
2.9665047667567954e-11
1.1419181528938291e-10
4.030226350485069e-10
1.2985595343016565e-9
3.814503116818821e-9
1.0277263376044462e-8
2.5601680866341292e-8
5.959211590260969e-8
1.3046414896811996e-7
2.705334431820757e-7
5.343392507420698e-7
1.0102320273805743e-6
1.8360755516964616e-6
3.2198769178024137e-6
5.466222809415184e-6
9.009168480360476e-6
0.00001445218738878732
0.000022615909830279025
0.000034593764141068325
0.00005181606300660084
0.00007612232846132863
0.00010984210121625814
0.0001558837964134654
0.0002178313378291769
0.00030004821739963976
0.0004077882729493771
0.0005473125806429089
0.0007260119263272576
0.0009525339011464867
0.0012369139989587578
0.0015907099751709289
0.0020271386104279594
0.002561214332029378
0.003209888929477114
0.003992191702711008
0.004929369614316215
0.006045026822612372
0.007365263260744619
0.008918811765166214
0.010737173650119466
0.012854752271347771
0.015308984583755323
0.018140470491192915
0.02139309992568844
0.025114177677222738
0.029354545978022704
0.03416870487103669
0.03961493050855914
0.04575539141141422
0.052656262905042286
0.060387839674152094
0.06902464680048367
0.07864554917793033
0.08933385952459079
0.10117744503432517
0.11426883273074431
0.12870531356248274
0.14458904523243182
0.16202715376403617
0.1811318337300567
0.20202044704251643
0.22481562025740812
0.2496453401742203
0.27664304767442666
0.3059477295241344
0.33770400802272676
0.37206222827619245
0.40917854295178
0.4492149942217966
0.49233959286589174
0.5387263942341837
0.5885555710202137
0.642013482747907
0.6992927418341447
0.7605922761910745
0.8261173884880642
0.8960798119015104
0.9706977626552383
1.0501959892583983
1.134805818753896
1.2247652000493456
1.3203187445853677
1.4217177645761936
1.5292203090225376
1.6430911977133265
1.763602053546327
1.8910313332268793
2.0256643566041452
2.1677933346857117
2.317717396361084
2.4757426137574794
2.642182026036534
2.8173556611257498
3.0015905550589888
3.1952207678938187
3.3985873953207237
3.612038574620072
3.8359294832333504
4.07062232790464
4.316486322124259
4.573897648715302
4.843239404535508
5.124901523282482