0.
0.
0.
0.
0.
0.
0.
0.
0.
0.
0.
0.
0.
1.9859446137283985e-12
5.9578338411851955e-12
3.971889227456797e-12
2.1100661520864233e-12
4.468375380888897e-12
8.812629223419768e-12
1.439809844953089e-11
4.9772736881567986e-11
1.6743995524497559e-10
5.092706718829762e-10
1.4297560003460889e-9
3.7312175645805864e-9
9.08904788934309e-9
2.079035767496917e-8
4.499840190862656e-8
9.265660426272723e-8
1.823638325309911e-7
3.4453358725728495e-7
6.272099646584646e-7
1.1038278593240569e-6
1.8835074804861356e-6
3.1241469401284033e-6
5.048860661283251e-6
7.966122069519575e-6
0.000012293974864336433
0.0000185886949165576
0.00002757811652901608
0.00004019996948374215
0.000057645224765588724
0.00008140663017974014
0.00011333245448133498
0.0001556853468019278
0.00021120622473595586
0.00028318298541782176
0.0003755238041310339
0.0004928348348877047
0.0006405018743328903
0.0008247756724638485
0.0010528606506096465
0.0013330064380867826
0.001674602030674064
0.002088272064118496
0.0025859748738742317
0.003181101995147852
0.003888578690545863
0.004724965238214854
0.005708558661854342
0.006859494609054839
0.008199849178994353
0.009753740407435296
0.011547429315558333
0.013609420313736574
0.015970560850899065
0.01866414019231284
0.02172598733062427
0.02519456789114357
0.029111080075063297
0.033519549632418745
0.038466923874471766
0.04400316474165384
0.050181341046721464
0.05705771983069082
0.06469185699377854
0.07314668721103004
0.08248861323404272
0.09278759460472541
0.10411723584774743
0.1165548742209908
0.13018166701171757
0.14508267847253656
0.16134696638053705
0.17906766822405787
0.19834208698519248
0.21927177663557365
0.24196262711556402
0.266524948921719
0.2930735571537008
0.32172785500947176
0.35261191667266467
0.38585456945472746
0.4215894752341677
0.45995521098449627
0.5010953484752741
0.5451585329826683
0.5922985609685587
0.6426744567974544
0.6964505483083886
0.7537965414254924
0.814887593608653
0.8799043864519535
0.9490331971984062
1.0224659695141793
1.1004003834650924
1.1830399248948462
1.270593954343136
1.3632777757182493
1.4613127048434345
1.5649261381497321
1.674351621725904
1.7898289209647649
1.911604091006377
2.0399295482671818
2.175064143183414
2.3172732344885314
2.4668287651217313
2.624009339856287
2.7891003048063476