0.
0.
0.
0.
0.
0.
0.
0.
0.
0.
0.
0.
0.
1.9859446137283985e-12
5.9578338411851955e-12
3.971889227456797e-12
2.1100661520864233e-12
4.840739995962971e-12
1.0177966145358043e-11
1.998356767564201e-11
7.608650301346926e-11
2.332243705747288e-10
7.020314209529888e-10
1.948211666067559e-9
5.024688115809564e-9
1.209353384683744e-8
2.7383693792547454e-8
5.8686525158749544e-8
1.1973322136937695e-7
2.3364489434668578e-7
4.379048833378777e-7
7.91234343410904e-7
1.3827285836499237e-6
2.3438294583807026e-6
3.863456279182612e-6
6.206925660980537e-6
9.738825756227348e-6
0.000014950498501197897
0.00002249229545252673
0.000033210860918413926
0.000048191769444752616
0.00006880751231895203
0.00009677093896712832
0.00013419412953744929
0.00018365254848257172
0.00024825439982750807
0.0003317148456434877
0.0004384349303417018
0.000573584747565351
0.0007431906307296018
0.0009542258961682141
0.0012147047753348534
0.0015337790286502398
0.001921837040911213
0.0023906047191927767
0.002953248027789114
0.0036244766383866237
0.004420648437420301
0.005359874470089689
0.006462124073287815
0.00774932998916716
0.00924549307965489
0.010976786541130655
0.012971659450958125
0.015260939502882303
0.01787793474511026
0.020858534356325828
0.02424130837039486
0.02806760629589233
0.03238165467252843
0.03723065357130039
0.0426648720271991
0.048737742561111776
0.05550595471669626
0.063029547739203
0.07137200254792136
0.08060033284585721
0.09078517571356132
0.10200088150117455
0.11432560323205493
0.12784138548472176
0.14263425277558292
0.15879429758592994
0.1764157678203322
0.19559715390209972
0.21644127536245447
0.23905536690975607
0.2635511640027383
0.2900449876846017
0.3186578289130482
0.34951543198025753
0.3827483771896228
0.418492162596238
0.45688728475813695
0.4980793184404423
0.5422189951953462
0.5894622807193698
0.6399704510596432
0.6939101674980438
0.7514535502636258
0.8127782509186883
0.8780675236091307
0.9475102951609745
1.0213012340904488
1.099640818690861
1.1827354043274458
1.2707972900219935
1.364044784614842
1.4627022726308407
1.5670002800184608
1.67717554019859
1.7934710602949167
1.9161361881471475
2.045426680117488
2.1816047698909626
2.3249392386140117
2.475705486330289
2.63418560494811
2.800668452682718
2.975449729977957