0.
0.
0.
0.
0.
0.
0.
0.
0.
0.
0.
0.
0.
1.9859446137283985e-12
5.9578338411851955e-12
3.971889227456797e-12
2.2341876904444484e-12
5.461347687753096e-12
1.3032761527592615e-11
3.1526870742938325e-11
1.1679836759490144e-10
3.6268313508214874e-10
1.0752648867955697e-9
2.9379568129344494e-9
7.4496506107102965e-9
1.7661129571425006e-8
3.943304037172944e-8
8.343673227195478e-8
1.6817103110590435e-7
3.244667340294047e-7
6.017192484474153e-7
1.0764882286776264e-6
1.863752172319534e-6
3.131578220751437e-6
5.119398062681348e-6
8.160625981474289e-6
0.000012709881066823425
0.000019375273833429307
0.000028956045332777698
0.000042485750401671266
0.00006128123986903333
0.0000869974335289622
0.00012168782926655916
0.0001678707807322517
0.00022860127707566893
0.00030754798568098673
0.000409075304075196
0.0005383300459140062
0.0007013323454864718
0.000905070444617219
0.0011575988238993996
0.0014681392303037446
0.0018471843122087727
0.0023066031208465714
0.002859748356649165
0.003521564754782361
0.004308698223476727
0.005239605504413756
0.006334663902992461
0.007616280874490865
0.009109003135586716
0.010839625195982399
0.012837297004546762
0.015133630691231564
0.017762806110966818
0.020761675389618966
0.02416986614371043
0.02802988348399631
0.03238721085440871
0.03729040961588405
0.0427912174864104
0.048944645895383734
0.05580907625463141
0.06344635529157325
0.07192188948535631
0.08130473865151593
0.09166770880660757
0.10308744431069986
0.11564451938019868
0.1294235290031505
0.14451317927353255
0.16100637718573874
0.1790003198445767
0.19859658313372328
0.21990120973192065
0.24302479652445283
0.26808258123563505
0.2951945283452463
0.32448541410073595
0.3560849105384448
0.39012766852687175
0.426753399625449
0.4661069567271745
0.5083384133762466
0.5536031417202385
0.6020618889697096
0.6538808524433298
0.7092317529850242
0.7682919069403155
0.8312442965885947
0.8982776391103847
0.9695864541213732
1.045371129974787
1.125837988787549
1.2111993504884806
1.301673595948876
1.3974852294560989
1.4988649406640064
1.6060496663244261
1.7192826519463897
1.8388135136620336
1.9648983004931595
2.0977995572741537
2.237786388298779
2.385134522046954
2.5401263768136393
2.7030511275279343
2.8742047735605474
3.053890207385225
3.242417283859422