47.716706857175566
48.18616661598708
48.68049003067151
49.199383968367506
49.74255705172048
50.30972403003695
50.90060467588887
51.5149318478961
52.15244463880736
52.812906583447024
53.49608294872861
54.20175758219599
54.92973492730278
55.67983089124426
56.45188367866776
57.245746132539324
58.061288015851524
58.89839774256388
59.756981707007064
60.636960902654465
61.53827552264141
62.460881539488
63.404750469429736
64.3698690882388
65.35624028559641
66.36387582765596
67.39281973991561
68.4431033939954
69.51478834520348
70.6079425075057
71.72264898726512
72.85899755528716
74.017094595398
75.19704620335125
76.39898920024623
77.62304364537336
78.86935348601563
80.13806787544429
81.42934466574384
82.7433469942114
84.08024670199929
85.4402205964598
86.82345192843307
88.23013035162384
89.66044893585
91.11460979034413
92.59281213197666
94.09526854750447
95.62218728540404
97.1737819310851
98.75026096467303
100.35187663240025
101.97881769826654
103.63132199972222
105.30961566226019
107.01392161563098
108.74447379869119
110.50149806906529
112.2852219441441
114.09587927093926
115.93369517433813
117.7988984308924
119.69171425057549
121.6123831924085
123.56111246561294
125.5381352795908
127.54366855410692
129.57793412283766
131.64114802155555
133.7335205150127
135.85527492851122
138.00660750879203
140.1877271963621
142.39883595896958
144.64013038949366
146.91180375979854
149.21404991818892
151.5470512964191
153.91098927915667
156.30603861721715
158.73238658388684
161.19018370159753
163.67937982170906
166.2007952578219
168.75391662658137
171.33913194583167
173.95656800391276
176.6063691898617
179.28867266838898
182.00360689174286
184.7512983051512
187.53186765294583
190.3454312356103
193.19210082374093
196.0719837418948
198.98518296294898
201.93179721240452
204.91192108209026
207.9256451526008
210.97305612389385
214.05423695353625
217.16926700181727
220.31822218327025
223.50117512397063