58.75718850381848
59.24287244867827
59.7545278886694
60.29186533964934
60.854606298252854
61.442476676715344
62.05520850070457
62.69254024474286
63.35423468349319
64.04002901748187
64.74972251805737
65.48310020668707
66.23997103081005
67.0201576833162
67.82350133825624
68.64986123209611
69.49911359611049
70.3711493056406
71.26588395861542
72.1832386237384
73.12316512627665
74.08561651530732
75.07057295561494
76.07802520923653
77.10797980841609
78.16045730304357
79.23549149299467
80.33314460242063
81.4534335950631
82.59647445058648
83.76233293540876
84.95111189904529
86.16290340551794
87.39783907958193
88.65603001964246
89.93761084442066
91.24272915379741
92.57152808499379
93.92416833261935
95.30080942957633
96.70162817893495
98.12679447043789
99.57649408863178
101.05089915059287
102.55024093823434
104.07467844234758
105.624423977867
107.19968176338406
108.80065906105615
110.42756613084607
112.08060870527535
113.76002336879455
115.46600609949648
117.19878142765954
118.95856955759588
120.74558884267158
122.56006904010624
124.40220923917671
126.27225140317495
128.17040873653403
130.09690008097618
132.05194423804087
134.03575757009037
136.04860127564066
138.09055282668552
140.16195782092728
142.26298275476387
144.39382945641026
146.55470005264587
148.74580443538457
150.96732908641636
153.2194674314203
155.50239678575343
157.81633767858847
160.16145381519462
162.5379073739424
164.94586794308782
167.38554672312497
169.85705827500286
172.36058378313845
174.8962692441436
177.46427343383212
180.06473003223334
182.69778138973714
185.36356407603768
188.06220824936332
190.7938338022211
193.55856425698735
196.35651112474412
199.18778530976653
202.0524904348134
204.95073176766124
207.88260419590492
210.8481951425072
213.84759409383818
216.8808840324605
219.94814386149824
223.04944854271216
226.1848692419303
229.35447348108434
232.55832529619596
235.7964854007708
239.06901135376725
242.37595773167624