63.658418512155606
64.15059722767981
64.66917080254443
65.21386562825018
65.78441940886482
66.380555781682
67.0020147623147
67.64854220524408
68.31989492116818
69.01584061026266
69.73616070569295
70.4806516965895
71.24912609792058
72.04141222958194
72.85735573550328
73.69681929389883
74.55968277442048
75.44584338076378
76.3552163448508
77.28773101474638
78.24333380566095
79.22199440916384
80.2236866861706
81.2484057339475
82.29616247443327
83.36697816828271
84.4608901864727
85.57794933660527
86.71821332518638
87.88176414319973
89.06868042065386
90.27905898170532
91.5130075306083
92.77064173682689
94.05208540091952
95.35747290654027
96.68694603749154
98.04065438041343
99.41875440780049
100.82141072336259
102.24879095653452
103.70107473538008
105.17843966199412
106.681073234975
108.20916669476415
109.76291398991951
111.34251589581966
112.94817093040207
114.58009163712033
116.23848016782836
117.92354979007277
119.63550107903232
121.37457657674366
123.1409670982629
124.93489388947525
126.75657959950983
128.606234754138
130.48406652497738
132.3903287111564
134.3252006480691
136.28890836416898
138.28166463912524
140.3036844079105
142.35517484053995
144.43634439869018
146.54739857768544
148.68853183767018
150.85996899002956
153.06188348857566
155.2944718358277
157.55792795279976
159.85243488292633
162.17817630264653
164.53533048807273
166.9240694710504
169.34455922159708
171.79696733202778
174.28145742507087
176.79814657218492
179.34727733314932
181.92891061656684
184.54321052099252
187.19030645871604
189.87034168022666
192.58344611497765
195.32972271428065
198.1092939342284
200.92226970393187
203.7687533589801
206.64885530832456
209.56265749017646
212.51026903136244
215.49176160889263
218.5072250376529
221.55673559313692
224.64036833028376
227.75819357539342
230.91027781668978
234.0966838587369
237.3174709828091
240.57269511232874
243.86240898300497
247.18666231674067
250.54550199885895