45.517891575271435
45.98378575785298
46.47430205299125
46.98914508024686
47.52802049615081
48.09064126463089
48.67672723232139
49.2860078046901
49.918225222096254
50.573134623141044
51.25050510241375
51.950122976910485
52.67178682454855
53.41532061158129
54.1805479479013
54.96734307403497
55.77555706722536
56.60508356646666
57.455827714593056
58.327711872355245
59.220675712814355
60.13467648740926
61.06968129755344
62.0256790540956
63.002669599682896
64.00067491803233
65.0197196414198
66.05984997688961
67.12112111479274
68.20360375227304
69.30737797627626
70.43253369474998
71.57917919733981
72.74742187618578
73.93738766911359
75.14920814518702
76.3830231502821
77.63898104162779
78.91724340308988
80.21796857575363
81.54133290105405
82.8875059633721
84.25667967329645
85.64904231797388
87.06478594202792
88.50410374994489
89.9672423157934
91.45432591189328
92.96563632168316
94.50136560953233
96.06173754816099
97.64696955985117
99.25728601817227
100.89291038440952
102.55407282329962
104.24100115270458
105.95392405390562
107.6930714792511
109.45867105348107
111.25096901610883
113.07017869320605
114.91653698628012
116.79027298659938
118.6916204624439
120.62079838224741
122.578036455513
124.56355781817841
126.57758272680995
128.62033438125584
130.69202744629658
132.7928748979784
134.92309139571336
137.0828819105981
139.27244924647266
141.49200272085795
143.74169817729802
146.02182967485263
148.33249247526308
150.67389952806673
153.04623129118727
155.44966739555343
157.88437709743806
160.35051875896593
162.848292382542
165.37781454713937
167.93925373539156
170.5327581930527
173.15847114447902
175.81653363873946
178.50707812126433
181.23023492140908
183.98612904834445
186.77488090618556
189.5966063607531
192.45141681753137
195.33941931033297
198.26071660011078
201.21540728340315
204.2035859097733
207.22534310767105
210.28076571824994
213.36993693634966
216.4929364582029
219.6498406352496