33.34832567925377
33.79168334831139
34.25813582969609
34.74736979084749
35.25909547498005
35.79300539964624
36.348824616671955
36.92627974224418
37.525115310488694
38.14509157413466
38.785986000795226
39.447575020029305
40.12968036049504
40.832120376308154
41.55473752521165
42.297389963932766
43.05995283383341
43.84231972910239
44.64439929201509
45.46611744803928
46.307417255714974
47.16825618158392
48.04860833361209
48.94846280237294
49.86782162968526
50.806702725674874
51.76514346298311
52.74317542434285
53.74086580277921
54.75828078758429
55.795501450639165
56.85262863824671
57.92973932680216
59.02697221408751
60.144443196980205
61.28228111288689
62.4406308167987
63.619636604465654
64.81946325009874
66.04026959575125
67.28222883703607
68.54552130243302
69.83059270262468
71.13684522286712
72.46527020852852
73.81579868061915
75.18863999527713
76.58400603999841
78.00211105013442
79.44317325980668
80.90741913133807
82.39506933556123
83.9063541808423
85.44150422232586
87.00075252191893
88.58433439286549
90.19248132702819
91.82543964867062
93.48344606911486
95.16673865017168
96.87555294817673
98.61013281564894
100.37071735910443
102.15754520929933
103.97085501831916
105.81088437482431
107.67786132109522
109.57204683878598
111.49365310812014
113.44290229606926
115.42004295776725
117.42529675831612
119.45885464997986
121.5210265148257
123.61194265260242
125.73185108692
127.88095835214962
130.05947621198186
132.26760443442666
134.5055519931259
136.7735076052863
139.07166788615058
141.40022063557288
143.75934763961763
146.14923114344649
148.57004573078243
151.02196223152956
153.50514694664432
156.01976161782449
158.5659634100172
161.14390490660753
163.7537341171454
166.39559449737115
169.06962498130778
171.77596002510467
174.51472966228948
177.2860595700925
180.09007114637524
182.92688159674978
185.79660403153937
188.69934757192112
191.63521746490932
194.60431520662536
197.60673867336132