45.19235388042026
45.65770893129633
46.147650256030175
46.6618808417522
47.20010689669266
47.76204056232137
48.34739983096943
48.95591925033362
49.58733649198621
50.24159627563725
50.91790027071008
51.61660470400391
52.337317212849776
53.07985307675128
53.84406300784386
54.629785489015276
55.43689378444766
56.26527674367357
57.114841521148676
57.98550552788462
58.877222092215526
59.78991356487945
60.723584187101665
61.678208954225155
62.65379020862182
63.65034337239132
64.66789986629536
65.70650290952237
66.76620886451852
67.84708720908247
68.94921742459037
70.07269446495062
71.21761734883958
72.38409852813272
73.57227065045774
74.7822543226828
76.01419389405098
77.26823924426087
78.54454596098756
79.84328052984345
81.16461177153377
82.50871922645844
83.87578097725796
85.2660000602258
86.67955851229549
88.11665811694225
89.57752910825305
91.06231092121202
92.57128387042484
94.10463441398566
95.6625948027965
97.24537437228389
98.85319935632889
100.48629536972281
102.14489134604355
103.82921862216604
105.53950340709784
107.2759762871264
109.03886728960768
110.82841278948034
112.64483893222034
114.48837662392465
116.35925681218092
118.25771014171568
120.1839615029686
122.13823819744219
124.12076341702374
126.13175841540894
128.17144650985455
130.24002713149196
132.33776980962554
134.46482339198332
136.62142442037535
138.8077722877081
141.02407062658907
143.27051374550777
145.54729425474497
147.85461974246698
150.1926545155571
152.5615874547624
154.96159682450218
157.39285354435518
159.8555270269427
162.3497812222046
164.87577069216132
167.4336524620935
170.02357643961878
172.64568529189148
175.30012000944947
177.98701477691242
180.70650012782608
183.45870168053256
186.24374044824842
189.06173290491978
191.91279106230542
194.79702255778864
197.71453075236985
200.66541483831435
203.64976995584556
206.66768731829185
209.71925434523172
212.80455480285127
215.92366895107287
219.07667369683526