59.87435986038624
60.36156721783085
60.87483758429022
61.41389163211865
61.9784539702857
62.56825253893949
63.18301927841572
63.82249665526414
64.48643674171225
65.17460234012138
65.88677300535853
66.62274010395485
67.38231293265845
68.16531698429698
68.9715945760666
69.80100409339272
70.65342287172092
71.52874506377647
72.42688196095979
73.34776198027816
74.29132967057463
75.25754625666919
76.24638892267325
77.25784916403184
78.29193561157918
79.34866739840317
80.42808026867627
81.53022055525288
82.65515334878688
83.80294649603553
84.97368565759461
86.16746618210442
87.38439261736586
88.62457972703056
89.88815271445928
91.17524483805852
92.48599459149257
93.82055648343379
95.17908747919114
96.56174556615476
97.96869452144448
99.40014014074698
100.8562315590879
102.33717267198972
103.84314642702259
105.3743578156158
106.9309987757788
108.51327944635538
110.12140222367051
111.75558024276808
113.41602332956782
115.10294562369876
116.81656782751718
118.55710017865074
120.32477122069338
122.11979169339703
123.94237669613194
125.79276866607569
127.67116830162246
129.5777925966242
131.5128582450617
133.4766217660942
135.46924877885033
137.49097368243275
139.5420086352763
141.622562203119
143.73284110880027
145.87301425817896
148.04339200678223
150.24406251441263
152.4752532109603
154.73710306960336
157.0299883950998
159.35389142595562
161.70906807861607
164.09568101643643
166.51390594002996
168.96391003670178
171.44585356795733
173.95989014449552
176.50617994711152
179.08486242383748
181.69608335835372
184.3399746109677
187.01667497460383
189.7263038717477
192.46899880544666
195.24486102384648
198.05400786374332
200.89655165013966
203.7725885765662
206.6822247333663
209.6255502875008
212.60265274483865
215.613619111577
218.6585303832349
221.73746349626114
224.85049146839424
227.99768354620934
231.17910535911477
234.39481907911153
237.64488358579604
240.9293546357574
244.24828503590385