49.168615436644615
49.64035832336467
50.13712689926656
50.65861894794037
51.20454836053006
51.77463036000312
52.368588280926225
52.98615266567677
53.62706917717467
54.29109235167916
54.97799337621954
55.6875584828934
56.4195891189688
57.17390510968806
57.95034172409095
58.7487527459495
59.569002605285164
60.4109991550775
61.2746295768309
62.159822431849676
63.06651726062386
63.99467029619472
64.94425479508224
65.91525313997924
66.90767813649921
67.9215397317687
68.95686960565214
70.01371207760786
71.09212523001011
72.19217683491271
73.3139543582164
74.45754137814768
75.62304573615002
76.81058376889598
78.02026932463335
79.25220514164198
80.50665294974807
81.78363141583951
83.08334220256452
84.40595144078664
85.75162805963294
87.12054929107696
88.512889854423
89.92886330482389
91.36864045138634
92.83243061680363
94.32043004303817
95.83287134404509
97.36990514677647
98.93180188589888
100.5187616868489
102.13100113186283
103.7687477012926
105.43221897990826
107.12164355517524
108.83724446127897
110.57925318646855
112.34789503046147
114.14340111755794
115.96599759413776
117.81591091127926
119.6933681940477
121.59859962419901
123.53182721088201
125.49327334238167
127.48316188015369
129.5017127064384
131.54914209347766
133.62566730171713
135.7314974609024
137.8668452357211
140.0319156793236
142.22691087410345
144.45203104850913
146.70747130516443
148.99342424708956
151.31007595268295
153.65761137489554
156.03620800416127
158.4460449160434
160.88728871131028
163.36010508121788
165.86464427321872
168.40109709522943
170.96958012040898
173.57025156703443
176.20325392943818
178.86872454562968
181.56679652546163
184.29759440401008
187.06124354305567
189.85786152484513
192.68756195010093
195.55045389692978
198.44664200850556
201.37622659112986
204.33930372210938
207.33596536682646
210.36629950445655
213.43039026155571
216.52831805316436
219.6601597305548
222.8259887351726
226.02587525813144