 0.45440429683829E+01
 0.89850493055559E+00
 0.28469826533046E+00
 0.11682593851402E+00
 0.56465455712102E-01
 0.30558822384289E-01
 0.17967197604203E-01
 0.11255123763868E-01
 0.74125300647378E-02
 0.50839979478082E-02
 0.36059635346500E-02
 0.26308770695582E-02
 0.19662715687214E-02
 0.15004539963179E-02
 0.11659675336995E-02
 0.92064463373993E-03
 0.73732253235049E-03
 0.59803624537907E-03
 0.49062070066496E-03
 0.40666664424176E-03
 0.34024855340221E-03
 0.28712037345338E-03
 0.24419207869172E-03
 0.20918292214838E-03
 0.18038775001306E-03
 0.15651643678559E-03
 0.13658211965149E-03
 0.11982227914451E-03
 0.10564225788450E-03
 0.93573491484527E-04
 0.83245157438588E-04
 0.74360236241710E-04
 0.66679694800769E-04
 0.60009741751041E-04
 0.54192300330615E-04
 0.49097612328534E-04
 0.44618587038909E-04
 0.40666358058055E-04
 0.37166807641433E-04
 0.34057822279991E-04
 0.31287106234475E-04
 0.28810442456051E-04
 0.26590283825017E-04
 0.24594624942635E-04
 0.22796078287297E-04
 0.21171127968047E-04
 0.19699498732126E-04
 0.18363680326380E-04
 0.17148464535453E-04
 0.16040632433962E-04
 0.15028646833657E-04
 0.14102412757953E-04
 0.13253074145423E-04
 0.12472840306397E-04
 0.11754841557048E-04
 0.11093005205242E-04
 0.10481951576497E-04
 0.99168999478960E-05
 0.93936013884457E-05
 0.89082627644680E-05
 0.84574953459983E-05
 0.80382653282775E-05
 0.76478510409446E-05
 0.72838058501643E-05
 0.69439292005364E-05
 0.66262332218007E-05
 0.63289158446627E-05
 0.60503835961802E-05
 0.57891389337423E-05
 0.55438399177352E-05
 0.53132898098396E-05
 0.50963819187030E-05
 0.48921041365997E-05
 0.46995396003882E-05
 0.45178477106611E-05
 0.43462592400634E-05
 0.41840691229994E-05
 0.40306315998202E-05
 0.38853524256634E-05
 0.37476832450048E-05
 0.36171272507934E-05
 0.34932151201309E-05
 0.33755213916122E-05
 0.32636506900669E-05
 0.31572382309589E-05
 0.30559458986594E-05
 0.29594606003375E-05
 0.28674920541603E-05
 0.27797707793866E-05
 0.26960463521105E-05
 0.26160864264730E-05
 0.25396739965931E-05
 0.24666074414202E-05
 0.23966988232161E-05
 0.23297725378087E-05
 0.22656648621447E-05
 0.22042231091375E-05
 0.21453034678128E-05
 0.20887728113259E-05
 0.20345052802674E-05
 0.19823834597410E-05
 0.19322972584976E-05
 0.18841432186499E-05
 0.18378242937879E-05
 0.17932493304257E-05
 0.17503323812947E-05
 0.17089929304825E-05
 0.16691550173047E-05
 0.16307470678291E-05
 0.15937016386650E-05
 0.15579552195471E-05
 0.15234477774959E-05
 0.14901226453285E-05
 0.14579263681628E-05
 0.14268083752770E-05
 0.13967208580295E-05
 0.13676185839899E-05
 0.13394587375392E-05
 0.13122007701490E-05
*********************
