 0.11968335208646E-13
 0.26913366998985E-10
 0.49095713470227E-10
-0.97923128881963E-10
-0.14428854259274E-07
-0.94399198458483E-09
 0.44803815914502E-09
 0.50183756091474E-08
 0.38261758230059E-08
-0.30009088821748E-06
-0.10994762176265E-05
 0.56089556688010E-08
 0.33300924497140E-07
-0.19990850160398E-07
-0.97009367207230E-07
-0.33105522056224E-06
 0.11167654390505E-06
-0.44129275725692E-06
 0.81540311781833E-05
 0.70743889881991E-06
-0.17534041296317E-06
-0.12104323880787E-06
 0.13754662912703E-07
 0.22886353265488E-05
-0.34764796492213E-06
 0.88479597566502E-07
 0.20513463757365E-05
 0.28371876020529E-06
 0.13622326456877E-03
 0.99329735771669E-04
-0.36420285755204E-04
-0.22412192241549E-03
-0.35770629672089E-05
-0.11379472328824E-05
 0.18255814373604E-04
-0.73438745072288E-04
 0.70705448985169E-02
 0.22561330663689E-05
-0.67141430619681E-05
-0.28960771592707E-04
 0.95579328674072E-05
-0.91450357169762E-05
-0.30040088641642E-05
 0.17764421907001E-03
 0.21696413155551E-03
-0.32670648788593E-03
 0.94962311752604E-04
-0.32440037540659E-03
 0.17172141407862E-05
 0.45582392687318E-04
-0.39328251514536E-05
 0.94535224821982E-05
-0.24485726719528E-04
-0.20951361305437E-04
 0.21505978471884E-04
-0.44570777862349E-04
-0.92180380708984E-04
 0.13456862669637E-03
-0.19723538865004E-03
-0.23897658109901E-03
-0.70146625163929E-05
 0.90616016838996E-05
-0.21439041154992E-04
 0.26199957414445E-03
-0.78575609716268E-04
 0.95249406823343E-05
-0.63667631735444E-02
 0.10008711250484E-01
-0.44731145028402E-02
 0.66665625756506E-02
-0.48520029644797E-02
 0.87530271449792E-02
-0.76063033100392E-02
 0.46789559724739E-04
-0.62140631777869E-04
-0.25084607454302E-03
 0.14956793801516E-03
-0.90279460304957E-03
-0.26818499938738E-03
 0.68818721926962E-03
-0.39983843799517E-02
-0.11383183885822E-03
 0.30472173677366E-03
 0.68354727756682E-03
-0.18477748038268E-03
 0.19865467320660E-03
 0.10579924475242E-02
 0.32439410045786E-03
-0.32397918854812E-03
-0.50339721081334E-03
-0.32658699906834E-02
 0.50302993821001E-04
-0.31949385688858E-03
-0.30053885004201E-02
 0.32141507918487E-02
-0.29976535693460E-03
-0.15620242305844E-02
 0.41568088921556E-02
-0.13721068583707E-02
 0.20753145472775E-02
 0.34342250613656E-02
 0.68808776695964E-03
-0.10829334960543E-04
 0.88619550284256E-03
-0.19519690129268E-02
 0.15257165957152E-01
-0.21252718531304E-02
-0.12177994500510E-02
-0.16142386667866E-02
-0.28289949384678E-02
 0.11631782084632E-02
-0.29757653280164E-02
 0.82059956500995E-03
-0.21971153457462E-03
 0.12043299974759E-03
-0.39533364848874E-07
-0.40025254223777E-07
-0.42191697894958E-07
-0.42622108017163E-07
-0.42682041139805E-07
