2.641976348840106
2.9475992279427325
3.26860909241964
3.604915681564885
3.9564432601607566
4.323130485352213
4.704924992572619
5.101786289916398
5.513684027591366
5.940590897192752
6.382493980493791
6.839380044333767
7.311244229298476
7.79809325678345
8.299928509881326
8.816764427500718
9.348617621182344
9.89551008967507
10.457469553612276
11.034528590100852
11.626723400655695
12.234096815199601
12.856697307018477
13.494581019663949
14.147802951269641
14.816428641775266
15.500532199937822
16.200187429528576
16.91547841609424
17.64640733185134
18.393335293165542
19.15609774828852
19.93489247329484
20.729834819188095
21.54104592671487
22.368653382676726
23.212791361435613
24.073599511684645
24.951221665143475
25.845820247733705
26.757546186084255
27.686563887208067
28.633045288579122
29.59716591830819
30.57910600589761
31.579053473995295
32.597197484655574
33.63373651517678
34.688869539062765
35.76280430788831
36.85574670285117
NaN
39.09952988841854
NaN
41.421966372599734
42.613245553340974
43.824872607190116
45.0570816720952
46.310109518641596
47.58419533327296
48.879580500678514
50.196508385543716
51.53522411386284
52.895974354063696
54.27900709813642
55.684571443009396
57.11291737240307
58.56429553940223
60.038957050040096
61.53715324812715
63.059135501670625
64.60515499115519
66.17546250004116
67.77030820782366
69.38994148600501
71.03461069736987
72.70456299895605
74.40004414911697
76.12129831910043
77.86856790955605
79.64209337241967
81.44211303856467
83.26886295170259
85.12257670891242
87.00348530824623
88.9118170038155
90.84779716874759
92.81164816640421
94.80358923022109
96.82383635251199
98.8726021825549
100.9500959342562
103.05652330363544
105.19208639641532
107.3569836658553
109.5514098610431
111.77555598575044
114.02960926798225
116.31375314025479
118.62816723065315
120.9730273646613
123.34850557771955
125.75477013845324
128.19198558246202