151.15684754597936
151.72922792456376
152.3334070078892
152.9692676921227
153.63670301362438
154.3356065780352
155.06588588382883
155.82745313280702
156.6202393977407
157.44417486262907
158.2992074017384
159.1852884977244
160.10239208943952
161.05051419451
162.02961623672428
163.03970916742378
164.08080444762024
165.15292173990275
166.25609217829123
167.39035481891332
168.55576097480235
169.75236541025527
170.98023347346148
172.23944605837266
173.53007979851628
174.85222369904326
176.20597786349046
177.59144294443792
179.00872836696766
180.45795169133805
181.93922326699496
183.4526920492899
184.99847322431629
186.57669950412165
188.18751960515513
189.83106821651361
191.50749776095086
193.21695458980406
194.9595892174975
196.73555774763395
198.54501228975036
200.38811186767504
202.2650133029322
204.1758719223797
206.1208463212867
208.10009376945104
210.1137689741938
212.16202805932517
214.24501883372952
216.36292007830156
218.5158206236637
220.70392392587993
222.92734838984723
225.18623645181063
227.48072173938436
229.81093582862573
232.1770036066262
234.57904762357148
237.01718748301417
239.4914751839239
242.00217952570864
244.54923612767328
247.13284474247294
249.75295169928344
252.4097728249752
255.10333998717329
257.83372182286115
260.60097770238235
263.4051658643528
266.2463362291172
269.12452813293856
272.03977825370526
274.9921170393555
277.9815678151544
281.00814657738084
284.0718678713921
287.17273362838347
290.310744579091
293.4858963307855
296.6981772876028
299.9475678898724
303.23405290011135
306.5576072696788
309.9181987550033
313.31579167818484
316.75034840404663
320.22182853766026
323.73019322357374
327.2753872825455
330.85736240164914
334.4760419586241
338.1314365451733
341.8234241033356
345.55195533022476
349.31700386834086
353.11846666336663
356.95629963253447
360.8304342203462
364.7408003218483
368.68732730508765
372.66997195411477
376.6886402948568
380.7432761007577
384.8338092155873