143.96331860987053
144.53056150876645
145.12924604274036
145.75924072630127
146.42041798664766
147.11265863933025
147.83585489491705
148.5899006476977
149.37470561100636
150.19018900104507
151.0362809290755
151.9129228039319
152.82006841192123
153.75768199271775
154.72574041434217
155.72422913253374
156.753152689584
157.81251536076792
158.90233852953494
160.0228111946803
161.17349865651212
162.35492474587545
163.5669918296939
164.8097962392969
166.08332511493114
167.38774953249407
168.7231364808466
170.08958029221563
171.48719049949096
172.9160764799623
174.37635759710838
175.86815864499158
177.39160759891547
178.9468408563089
180.53399588334153
182.15321556082446
183.80464528982372
185.48846423795135
187.20474339908904
188.95371701535802
190.73551774093156
192.5503026025328
194.39823328099902
196.27946927092097
198.19417264666006
200.14250459141599
202.1246258330891
204.1406963907614
206.19087580606273
208.2753203473453
210.39418580106403
212.5476252757212
214.73578712279524
216.95882125351645
219.2168694830771
221.5100722429615
223.83856427187976
226.20247816227098
228.6019401590693
231.0370690120291
233.50798491966904
236.0170014884572
238.55759915919617
241.13652623303392
243.75163414823297
246.40302036385702
249.09079055429737
251.8149874535133
254.57569207771846
257.3729679848955
260.2068697660835
263.0774477176589
265.9847457781537
268.9288012349426
271.90964396673803
274.9273002657965
277.98179227194265
281.07313314411556
284.20132552427145
287.3663780324521
290.5682836913871
293.8070399457992
297.0826298704264
300.39503983346106
303.7442502144993
307.1302335826795
310.5529553220864
314.01240203487095
317.5083826815889
321.04127190386924
324.6106191409107
328.2165233182609
331.85891361675743
335.53779199511445
339.25305877073123
343.00467931284084
346.79259324259147
350.616753023409
354.4770966556617
358.3735697675607
362.3061118975671
366.2746649328754
370.27916622370304
374.3195660413167