5.9578338411851955e-12
3.971889227456797e-12
2.954092612920993e-11
8.185443090096669e-9
2.9560177379809255e-7
3.5160265640708184e-6
0.000021901113874442833
0.00009038574114012876
0.0002821797499974369
0.0007224111972394666
0.0015977110210010873
0.003162027962922681
0.005740194770597852
0.009730962336042313
0.015610917969629875
0.023940296128437653
0.035371349434937624
0.050659711518393956
0.07067903658431814
0.09643911067712944
0.1291075697596923
0.1700352971361796
0.2207854416209801
0.2831656138057104
0.35926164839945157
0.45146791424147065
0.5624998590317541
0.6953516743196366
0.8531177205924402
1.0385587374018148
1.2534139931769512
1.4978684462000913
1.7707246896277287
2.0701229013572457
2.39417187044104
2.74123556465876
3.1099883713684857
3.499380591432344
3.9085846871880388
4.336946322479165
4.783945460931981
5.249166873173657
5.732278093351129
6.233012947276013
6.751159168482731
7.286549003666745
7.839052012671285
8.408569491319119
8.995030104515344
9.598386429955555
10.218612192929953
10.855700029865838
11.50965965950077
12.180516370495114
12.86830975629536
13.57309264433014
14.294930178800485
15.033899025491202
15.790086674078758
16.56359081860455
17.35451880108733
18.162987106229885
18.989120897819998
19.833053589236293
20.69492644208349
21.574888188117203
22.473094670567576
23.38970850176007
24.324898734459133
25.27884054491256
26.25171492586851
27.243708388205206
28.255012670026552
29.28582445227074
30.336345080062397
31.406780289142354
32.49733993685172
33.60823773718915
34.73969099961501
35.89192037125719
37.065149582287575
38.259605194289016
39.4755163514508
40.71311453450746
41.9726333173377
43.25430812623515
44.558376001837374
45.88507536378727
47.23464577816888
48.607327727891594
50.003362386112734
51.42299139290831
52.866456635360024
54.334000031322425
55.82586331708928
57.34228783923743
58.88351435095279
60.44978281312951
62.04133220057623
63.658400313661694
65.30122359574693
66.97003695675178
68.66507360322234
70.3865648752539
72.13474009061794
73.9098263964504
75.71204862886863
77.54162918080472
79.3987878784251
81.28374186641311
83.19670550241787
85.13789026093556
87.10750464685506
89.1057541189333
91.13284102334268
93.1889645375006
95.27432062432015
97.38910199697055
99.53349809427655
101.70769506677044