-0.23653721590640E-13
 0.20034867398663E-13
 0.27553761886672E-14
 0.33734381137696E-13
 0.16055839147714E-11
 0.23671326672146E-10
 0.15663211746552E-09
 0.62952564474372E-09
 0.18200136080442E-08
 0.41880032209490E-08
 0.81782417578380E-08
 0.14143896917159E-07
 0.22313157576932E-07
 0.32794980582271E-07
 0.45608656324370E-07
 0.60722148677459E-07
 0.78088772986986E-07
 0.97677079166359E-07
 0.11949235902780E-06
 0.14359035037600E-06
 0.17008429549338E-06
 0.19914859647959E-06
 0.23101489980356E-06
 0.26597091748873E-06
 0.30435304472355E-06
 0.34653888173455E-06
 0.39293770839363E-06
 0.44397880907727E-06
 0.50009662956908E-06
 0.56171063844002E-06
 0.62919582452065E-06
 0.70283637022390E-06
 0.78274950550840E-06
 0.86875867031885E-06
 0.96018899649233E-06
 0.10555685592660E-05
 0.11522604750872E-05
 0.12461007991798E-05
 0.13312000138003E-05
 0.14003254114993E-05
 0.14463858224141E-05
 0.14647444639584E-05
 0.14549840224856E-05
 0.14209009192641E-05
 0.13688707731351E-05
 0.13057591568380E-05
 0.12374282333447E-05
 0.11681469650411E-05
 0.11006552036896E-05
 0.10365089589871E-05
 0.97645609926909E-06
 0.92073841617106E-06
 0.86930282314317E-06
 0.82193772197881E-06
 0.77835650174485E-06
 0.73824649413247E-06
 0.70129637948053E-06
 0.66721057015640E-06
 0.63571593145830E-06
 0.60656411885273E-06
 0.57953150130559E-06
 0.55441783244111E-06
 0.53104434518517E-06
 0.50925165240515E-06
 0.48889766176630E-06
 0.46985561366832E-06
 0.45201228941716E-06
 0.43526640613390E-06
 0.41952719506434E-06
 0.40471315152165E-06
 0.39075094105507E-06
 0.37757444397658E-06
 0.36512392182374E-06
 0.35334529094755E-06
 0.34218948789873E-06
 0.33161191577503E-06
 0.32157195927473E-06
 0.31203256002801E-06
 0.30295984405782E-06
 0.29432279367311E-06
 0.28609295872849E-06
 0.27824420140379E-06
 0.27075247044330E-06
 0.26359560106783E-06
 0.25675313704998E-06
 0.25020617245612E-06
 0.24393721041377E-06
 0.23793003691323E-06
 0.23216960778499E-06
 0.22664194738603E-06
 0.22133405751950E-06
 0.21623383538864E-06
 0.21132999977694E-06
 0.20661202416789E-06
 0.20207007642730E-06
 0.19769496413894E-06
 0.19347808478804E-06
 0.18941138084719E-06
 0.18548729861125E-06
 0.18169875083020E-06
 0.17803908257461E-06
 0.17450204008292E-06
 0.17108174219823E-06
 0.16777265424652E-06
 0.16456956409790E-06
 0.16146756009599E-06
 0.15846201091651E-06
 0.15554854685808E-06
 0.15272304275128E-06
 0.14998160200895E-06
 0.14732054214782E-06
 0.14473638112768E-06
 0.14222582489623E-06
 0.13978575575488E-06
 0.13741322156290E-06
 0.13510542577625E-06
 0.13285971808735E-06
 0.13067358579184E-06
 0.12854464569589E-06
 0.12647063656646E-06
