 0.69316302870695E-14
-0.45845889232579E-13
-0.42032677585048E-13
-0.81143978446883E-13
-0.16792363559803E-11
-0.23512400071395E-10
-0.15692210795327E-09
-0.62930545449735E-09
-0.18254836330019E-08
-0.42127808885443E-08
-0.82935422232155E-08
-0.14554336837906E-07
-0.23515759418523E-07
-0.35819047423456E-07
-0.52361243567653E-07
-0.74440543553004E-07
-0.10392488267775E-06
-0.14344537662788E-06
-0.19662862216352E-06
-0.26844064686651E-06
-0.36587872876418E-06
-0.49595343210873E-06
-0.67179455342432E-06
-0.90754357530239E-06
-0.12222183232841E-05
-0.16400751199480E-05
-0.21915997778639E-05
-0.29141749232605E-05
-0.38515695506869E-05
-0.50503075191985E-05
-0.65489953858320E-05
-0.83532982960526E-05
-0.10386584042104E-04
-0.12407361662213E-04
-0.13886588534230E-04
-0.13812125045756E-04
-0.10433486528945E-04
-0.15741376555607E-05
 0.13211164191187E-04
 0.29736069374594E-04
 0.40228319305780E-04
 0.39295216007081E-04
 0.28360625266979E-04
 0.13726802238813E-04
 0.13561555520663E-05
-0.61858523580658E-05
-0.93129702345758E-05
-0.96151275940656E-05
-0.85600987455404E-05
-0.70768492288341E-05
-0.56259100068229E-05
-0.43833449934728E-05
-0.33846832708947E-05
-0.26078216038050E-05
-0.20133656977455E-05
-0.15617423061547E-05
-0.12191782468935E-05
-0.95883104991674E-06
-0.76015547029034E-06
-0.60769654335938E-06
-0.48995675645216E-06
-0.39839675925043E-06
-0.32668190332714E-06
-0.27009935418073E-06
-0.22513084275557E-06
-0.18913001383126E-06
-0.16010369615558E-06
-0.13653556524400E-06
-0.11726878728187E-06
-0.10141679105831E-06
-0.88280729808824E-07
-0.77338173948339E-07
-0.68158104749906E-07
-0.60415303262693E-07
-0.53849512598408E-07
-0.48243130463810E-07
-0.43443031153689E-07
-0.39298826890361E-07
-0.35710110901717E-07
-0.32587157233799E-07
-0.29852541416362E-07
-0.27451622059062E-07
-0.25335220359875E-07
-0.23460056199796E-07
-0.21787603680326E-07
-0.20297615149728E-07
-0.18958903151308E-07
-0.17757773564869E-07
-0.16669993301035E-07
-0.15687732521258E-07
-0.14794583197708E-07
-0.13978204221351E-07
-0.13233245299559E-07
-0.12548228474345E-07
-0.11920186794173E-07
-0.11343199914925E-07
-0.10806049432189E-07
-0.10307784836413E-07
-0.98456635824076E-08
-0.94147267551302E-08
-0.90123830394618E-08
-0.86374574100459E-08
-0.82869323940861E-08
-0.79535951645459E-08
-0.76420839721130E-08
-0.73472932382896E-08
-0.70700235521633E-08
-0.68047175610061E-08
-0.65540823062289E-08
-0.63168238850299E-08
-0.60904355642870E-08
-0.58753218985552E-08
-0.56716438925145E-08
-0.54745636322505E-08
-0.52848488669458E-08
-0.51049080018086E-08
-0.49287213736326E-08
-0.47624890346214E-08
-0.46011843746432E-08
-0.44468440917628E-08
