             Infinity
 0.59029530987544E-04
 0.36893456867215E-05
 0.72875964182153E-06
 0.23058410542009E-06
 0.94447249580070E-07
 0.45547477613846E-07
 0.24585393997311E-07
 0.14411506588756E-07
 0.89970326150806E-08
 0.75866505155137E-08
 0.40317963928382E-08
 0.29665445584001E-08
 0.15697611732082E-08
 0.14586519487577E-08
 0.10429186364011E-08
 0.90090083873449E-09
 0.15402675253024E-08
 0.35573455636936E-08
 0.10570075585393E-07
 0.29838854775342E-07
 0.77811467421119E-07
 0.18638539785960E-06
 0.41255740740205E-06
 0.85322161835716E-06
 0.16610416296259E-05
 0.30657815629961E-05
 0.53967018625635E-05
 0.91069794095138E-05
 0.14797884592562E-04
 0.23242328366850E-04
 0.35404808190514E-04
 0.52458579612546E-04
 0.75797639576521E-04
 0.10704375302276E-03
 0.14804759286315E-03
 0.20088458641492E-03
 0.26784523019494E-03
 0.35142036694654E-03
 0.45428237053473E-03
 0.57926254703995E-03
 0.72932579288279E-03
 0.90754325479475E-03
 0.11170637265596E-02
 0.13610846171950E-02
 0.16428231910873E-02
 0.19654884567940E-02
 0.23322545808691E-02
 0.27462358865409E-02
 0.32104639644309E-02
 0.37278671463219E-02
 0.43012522990798E-02
 0.49332893099797E-02
 0.56264979902259E-02
 0.63832375652535E-02
 0.72056985791173E-02
 0.80958971230514E-02
 0.90556711499460E-02
 0.10086678838555E-01
 0.11190398711783E-01
 0.12368131339608E-01
 0.13621002438021E-01
 0.14949967113782E-01
 0.16355815132628E-01
 0.17839176926599E-01
 0.19400530226323E-01
 0.21040207109094E-01
 0.22758401329013E-01
 0.24555175735475E-01
 0.26430469713597E-01
 0.28384106507969E-01
 0.30415800312490E-01
 0.32525163086177E-01
 0.34711710986354E-01
 0.36974870417258E-01
 0.39313983633012E-01
 0.41728313886309E-01
 0.44217050112763E-01
 0.46779311176772E-01
 0.49414149673101E-01
 0.52120555325684E-01
 0.54897458021119E-01
 0.57743730509653E-01
 0.60658190824449E-01
 0.63639604457423E-01
 0.66686686366600E-01
 0.69798102818138E-01
 0.72972473161986E-01
 0.76208371544609E-01
 0.79504328622251E-01
 0.82858833303533E-01
 0.86270334557843E-01
 0.89737243310515E-01
 0.93257934454472E-01
 0.96830748990658E-01
 0.10045399631423E+00
 0.10412595664642E+00
 0.10784488362345E+00
 0.11160900703628E+00
 0.11541653571730E+00
 0.11926566056458E+00
 0.12315455769310E+00
 0.12708139169701E+00
 0.13104431901063E+00
 0.13504149134092E+00
 0.13907105915984E+00
 0.14313117522885E+00
 0.14721999813516E+00
 0.15133569581580E+00
 0.15547644904398E+00
 0.15964045485470E+00
 0.16382592988178E+00
 0.16803111358163E+00
 0.17225427131858E+00
 0.17649369728600E+00
 0.18074771723494E+00
 0.18501469098527E+00
 0.18929301469128E+00
 0.19358112283939E+00
 0.19787748994368E+00
