 0.00000000000000E+00
 0.15580043001184E-24
 0.62320172004737E-24
 0.14022038701066E-23
 0.24928068801895E-23
 0.38950107502961E-23
 0.56088154804263E-23
 0.76342210705803E-23
 0.99712275207579E-23
 0.12619834830959E-22
-0.11842804549511E-07
 0.26891739367273E-22
 0.41158143429410E-08
 0.73879123210417E-07
 0.88663065742280E-08
 0.38399073759430E-07
 0.56251462136928E-07
 0.94279233844171E-08
 0.59674706695760E-07
-0.53018237744326E-07
 0.11249576722863E-06
 0.11823320602388E-06
 0.23796681520180E-06
 0.40526592649698E-06
 0.77889558555618E-06
 0.15742394715832E-05
 0.31235179389058E-05
 0.57179041256665E-05
 0.88917861349477E-05
 0.14890397535495E-04
 0.23548695449624E-04
 0.35491042841051E-04
 0.52454867696024E-04
 0.75879303725346E-04
 0.10706903367869E-03
 0.14847801229899E-03
 0.20195424339140E-03
 0.26776374689656E-03
 0.35229838984632E-03
 0.45666114110436E-03
 0.58213475221450E-03
 0.73376411226908E-03
 0.91491987082193E-03
 0.11269781482248E-02
 0.13779568665263E-02
 0.16706761925159E-02
 0.20059851877528E-02
 0.23899745869734E-02
 0.28301082531881E-02
 0.33278778966181E-02
 0.38921477798485E-02
 0.45289610424911E-02
 0.52413784252595E-02
 0.60404056716949E-02
 0.69312511828430E-02
 0.79264979313675E-02
 0.90282466877951E-02
 0.10252125868521E-01
 0.11609823966896E-01
 0.13105252546651E-01
 0.14755321569681E-01
 0.16570384996974E-01
 0.18560328527169E-01
 0.20734493841336E-01
 0.23109945270660E-01
 0.25695371841666E-01
 0.28512122672616E-01
 0.31546921320351E-01
 0.34805247631998E-01
 0.38307198700167E-01
 0.42049730584137E-01
 0.46039760080555E-01
 0.50253336615850E-01
 0.54690416907710E-01
 0.59346313107649E-01
 0.64202090668384E-01
 0.69232291073496E-01
 0.74429731859769E-01
 0.79762428002406E-01
 0.85200916749308E-01
 0.90720908691872E-01
 0.96278715315576E-01
 0.10185368052139E+00
 0.10739481885235E+00
 0.11288389195262E+00
 0.11826799631548E+00
 0.12351223312168E+00
 0.12859057126397E+00
 0.13345207008539E+00
 0.13806669466539E+00
 0.14242199846218E+00
 0.14647239549819E+00
 0.15020688184578E+00
 0.15360012990757E+00
 0.15664109913441E+00
 0.15931324712827E+00
 0.16161860360432E+00
 0.16355207229075E+00
 0.16511487964348E+00
 0.16630168383827E+00
 0.16711195644052E+00
 0.16755619394033E+00
 0.16760560492742E+00
 0.16725584400341E+00
 0.16647751847794E+00
 0.16520022397900E+00
 0.16335467328599E+00
 0.16081817273050E+00
 0.15744095128509E+00
 0.15301121956106E+00
 0.14727608737590E+00
 0.13987887106928E+00
 0.13039428529506E+00
 0.11830546902596E+00
 0.10299229553039E+00
 0.83665449678106E-01
 0.59426730833036E-01
 0.29262506707408E-01
-0.80217475906317E-02
-0.53778597367453E-01
