37.077482707671926
37.52833564051689
38.00279153232225
38.50054453154077
39.02129387158948
39.564746210170554
40.130620676301284
40.71864407487124
41.328558361564454
41.960119202199
42.61309890300997
43.28728370286218
43.9824737894984
44.69850234266026
45.43519304546498
46.19240886814245
46.97002106660956
47.76791829489972
48.58600699609086
49.4242131686568
50.282474859454894
51.16074820866662
52.05900746201956
52.97724009110157
53.91544577492442
54.87364170483317
55.85185855500358
56.85014006680662
57.8685424687541
58.90713453326124
59.96599688988566
61.04522133699039
62.1449066729424
63.265176630198496
64.4061437170695
65.56794233622612
66.75071422160121
67.95460815208406
69.17978101450292
70.4263983041221
71.69463083359456
72.98465615092339
74.29666348946354
75.63083861846447
76.9873803652589
78.3664872935211
79.76836539718744
81.1932229138226
82.64128954047321
84.11276468502827
85.6078770675998
87.12684985398539
88.66990956260065
90.23728706500242
91.82921329038818
93.44592132670805
95.0876457096739
96.75462224412608
98.44708651819495
100.16527604050968
101.90942906078418
103.67978264689263
105.47656731523809
107.3000388533514
109.15039864413767
111.02791119434734
112.93279682818749
114.8652885063052
116.82561457585642
118.81400312023516
120.83067664895613
122.87585953378114
124.94977147951606
127.05262382219861
129.18463685416373
131.346015350373
133.53696821897182
135.7576962574762
138.00839870102533
140.28926885745807
142.6004988770486
144.94227614301184
147.31477898721727
149.7181842228314
152.15267232920402
154.61841028895913
157.1155561632302
159.64427263547796
162.20471449882277
164.79703190877333
167.42137038926307
170.07787085126452
172.7666696237314
175.48789849652894
178.24168477501757
181.02815134587723
183.84741675377742
186.69959528838737
189.5847970812686
192.50312821222724
195.45469082447008
198.43958324816265
201.45790013180198
204.5097325808931