56.58950263085297
57.072203255323785
57.5806621154677
58.11459717684542
58.67372814782318
59.2577788942421
59.86647792472063
60.49956422979178
61.156785835177544
61.837903102902565
62.542694727797816
63.27093285021515
64.02246888560732
64.79707997469221
65.59462022705083
66.41495062793398
67.2579426343707
68.12348596680098
69.01155839042747
69.92189193295756
70.85462186912048
71.80964283846329
72.78692962488
73.78647284853949
74.80827848533143
75.85236105896301
76.9187680494141
78.00753182325462
79.11871730791978
80.25239512888734
81.40864830254394
82.58757168272147
83.78926671020838
85.01385493362825
86.26145114658392
87.53219779127365
88.82622857771125
90.14368252697862
91.48475462493735
92.8495705424466
94.2383139238889
95.65116061548844
97.08829242974178
98.54988884782071
100.03617035682728
101.54730441693725
103.08350331870065
104.64496846012764
106.2319137665837
107.84467312797103
109.48307916825325
111.14773335862986
112.83872116864308
114.55626518428359
116.30058400399572
118.07190429856512
119.87044275986196
121.69642489051641
123.55007153579382
125.43160684679023
127.34124902197576
129.27921999947657
131.2457410615691
133.2408733996912
135.26529305848936
137.3187569060366
139.40162335212776
141.5141067212267
143.6564120697232
145.8287097143992
148.0312894178387
150.26425822537678
152.52783566497456
154.82221791154493
157.14758159100134
159.50410807233726
161.8919779196182
164.3113533809655
166.7624107087424
169.24530716697765
171.7602020583405
174.3072488917765
176.88659455566003
179.4983791523505
182.1427446983229
184.81982348035663
187.52974129281475
190.272629869229
193.04859700825952
195.85776027663616
198.7002364304594
201.57611889547567
204.4855126258037
207.42851285974223
210.40521048706688
213.41569236416035
216.4600412301109
219.53833584026478
222.65065110743194
225.79705825002551
228.97762494646662
232.19241549534937
235.44149098051184
238.7249094405658