74.45831350956747
74.9635692474782
75.4960999846472
76.05564532033736
76.64195237511981
77.25476780050728
77.89384495177048
78.5589435730018
79.24983322120792
79.96629753422006
80.70813033962379
81.47514122037329
82.26715582841884
83.08472360536172
83.92557638615651
84.79170858157032
85.68232105089487
86.59730387099594
87.53658591432016
88.50011162873241
89.48783853427581
90.49973546553109
91.53579123496252
92.59600845186881
93.68040386553051
94.7890081641539
95.92186234601107
97.07902126431664
98.26055412936492
99.46649445589252
100.69706358742515
101.95222782786882
103.23214272292878
104.53692411266944
105.8666996802843
107.2216057323482
108.60178218743282
110.00738390724636
111.43856314626473
112.89548508663864
114.37831929545695
115.88723829459322
117.42242365474806
118.9840580537172
120.57232942624172
122.18743064749434
123.82955613564039
125.49890503599461
127.1956771244211
128.92007743050877
130.67230856781117
132.45257901754164
134.26109512865733
136.09806537760957
137.96369883166042
139.8582023268769
141.78178757759008
143.73466024795812
145.7170271868635
147.7290956443682
149.77106536479425
151.84314544253976
153.94553340405852
156.0784195458383
158.24201543674425
160.4364973457831
162.6620602360001
164.91888920626545
167.20716033735636
169.52706712266516
171.87876750078382
174.26243170781706
176.67824091234496
179.12633939629038
181.6068890474397
184.1200389265757
186.66593742606761
189.244724697501
191.85653906981955
194.50150977396837
197.17983122880935
199.89142006424066
202.63659861041137
205.41540532963361
208.22794762736513
211.07432787309668
213.95463535026113
216.86897355186514
219.8174121689752
222.80005297971394
225.81695502441914
228.86819403410752
231.95384096346768
235.07395947161555
238.22860635814175
241.4178377277888
244.64170932354006
247.90026510184953
251.19355147859625
254.52161011947638
257.88447963883283
261.2821957815965
264.7147916074551
268.18229767641