45.28714659207474
45.752658462303266
46.242768055967225
46.7571772255206
47.29559293076633
47.857726646107096
48.443299291243136
49.05203984342801
49.683690392845705
50.33827657561571
51.01475602936036
51.71372577596674
52.43471652725637
53.177546882576756
53.942051649138975
54.72808308465367
55.53551515791651
56.36423211917093
57.21414224162696
58.085161038281186
58.977232997872356
59.89031307037319
60.82437402878403
61.77939913539983
62.75536356409726
63.75236841966453
64.77035884983887
65.80940718703361
66.86956993291372
67.95091576758537
69.0535255128055
70.17749110916456
71.32291785882174
72.48991364675976
73.67860675749269
74.8891256512816
76.12161227825824
77.37621319641264
78.65309075456965
79.95240524018475
81.27433111636242
82.61904122192183
83.98672253649589
85.37756282594935
86.79175804395435
88.22950765623769
89.69101918605854
91.1764901003237
92.68613539832315
94.22019156533881
95.77884984382428
97.36234497968617
98.97089612933186
100.60473060543978
102.2640755303338
103.94915760207626
105.66021116557593
107.39746557748218
109.16114836134848
110.9514933396769
112.76873078858262
114.61308834244993
116.48480394120118
118.38410057360818
120.31120384981541
122.26634534697726
124.24974729837946
126.26162351807477
128.30220574412078
130.37170646553412
132.47033771376354
134.59831451004433
136.75584375749042
138.94313159867917
141.16037303240333
143.4077790598907
145.68552936941114
147.99382126694326
150.33284128187782
152.7027599327417
155.10375028636113
157.53603647086268
159.99972294888653
162.4949982171133
165.02201892529027
167.58091796341685
170.17190614261656
172.79506496520662
175.450557971954
178.13851654863817
180.85907204586124
183.61234990454827
186.39847096051105
189.2175515105664
192.0697033898789
194.9550340600167
197.8736467071828
200.8256403500982
203.81110995691125
206.83014657055227
209.88283744207772
212.9692661712041
216.08951285361348
219.24365423438286