 0.17137388887898E-06
 0.16531800491665E-06
-0.12742508101549E-06
 0.14913313676475E-06
 0.13888879082243E-06
 0.13195952700450E-06
 0.12587980374889E-06
 0.12016590217452E-06
 0.12107383150791E-06
 0.10325191969437E-06
 0.97690335911991E-07
 0.90483518012111E-07
 0.84433599059450E-07
 0.78803336328797E-07
 0.73457957649657E-07
 0.68137537535051E-07
 0.63697305574445E-07
 0.59642116331798E-07
 0.54555015889618E-07
 0.50662635256044E-07
 0.46789027545056E-07
 0.45849308230843E-07
 0.41055425263989E-07
 0.39000090601379E-07
 0.34664487936062E-07
 0.31868311962410E-07
 0.30732026025331E-07
 0.27349203472093E-07
 0.28253715571130E-07
 0.24161985330677E-07
 0.21422324020939E-07
 0.21583409263314E-07
 0.20651648252927E-07
 0.16294880427739E-07
 0.15297931379584E-07
 0.18976267184413E-07
 0.13491423187945E-07
 0.11983372785134E-07
 0.15822934063959E-07
 0.19761072975482E-08
 0.21119788269468E-09
 0.88615920488724E-08
 0.17670664842094E-07
 0.10511777702186E-07
-0.35465723103287E-08
 0.45605024918763E-08
 0.51712184673412E-08
 0.42280874883756E-08
 0.11690601732234E-06
 0.15265758649368E-08
 0.31566041214602E-08
 0.25677280493400E-08
 0.27006232933688E-08
 0.16724035154122E-08
 0.92606283151226E-09
 0.15108718736319E-08
 0.22091339285378E-09
 0.29168919058044E-08
 0.14871900088891E-06
 0.54434769916877E-08
 0.42863119742107E-09
 0.11552686452150E-08
 0.54552630621183E-09
 0.74067770497629E-09
 0.56070306854809E-09
-0.55327328283995E-10
 0.17245266859566E-08
 0.51395210923803E-09
-0.37138013891531E-09
-0.15200635947159E-08
-0.65037493187120E-09
-0.45193723939261E-09
 0.17803009911613E-09
-0.12467112774080E-08
-0.93260336905514E-09
-0.85592662197940E-09
-0.12273946373877E-08
-0.12758355153567E-08
-0.12826216529754E-08
-0.13942135739480E-08
-0.61447272930054E-08
-0.19074834936205E-08
-0.11581303804701E-08
-0.14124159287029E-08
-0.14574750220899E-08
-0.15744240326361E-08
-0.16110902769828E-08
-0.16591042235115E-08
-0.17070327492097E-08
-0.17549771564517E-08
-0.18030254459352E-08
-0.18512512074265E-08
-0.18997172919804E-08
-0.19484730671666E-08
-0.19975613293930E-08
-0.20470130548437E-08
-0.20968556064303E-08
-0.21471061602057E-08
-0.21977813672723E-08
-0.22488920196602E-08
-0.23004464705355E-08
-0.23524520683228E-08
-0.24049152649135E-08
-0.24578430881054E-08
