-0.71393847395032E-04
-0.60345302032969E-04
-0.51499032481047E-04
-0.44314666232498E-04
-0.38432420707551E-04
-0.33565125645227E-04
-0.29502281160624E-04
-0.26083574030605E-04
-0.23185455595166E-04
-0.20711931050377E-04
-0.18587697114234E-04
-0.16752688789847E-04
-0.15158978679611E-04
-0.13767826566684E-04
-0.12547773889453E-04
-0.11473055325003E-04
-0.10522440944643E-04
-0.96783271155478E-05
-0.89260778771351E-05
-0.82533024440739E-05
-0.76497055213724E-05
-0.71064819877559E-05
-0.66161756028560E-05
-0.61723939145853E-05
-0.57696754083711E-05
-0.54032984592780E-05
-0.50691845240450E-05
-0.47638168891787E-05
-0.44841097498981E-05
-0.42273713723851E-05
-0.39912414032144E-05
-0.37736743830857E-05
-0.35728443731334E-05
-0.33871128782875E-05
-0.32150951579934E-05
-0.30554927215552E-05
-0.29072174025607E-05
-0.27692271192411E-05
-0.26406355473248E-05
-0.25206567006484E-05
-0.24085161794613E-05
-0.23036187802509E-05
-0.22053587924532E-05
-0.21132016419954E-05
-0.20266436522814E-05
-0.19453104373119E-05
-0.18687643714134E-05
-0.17966549829990E-05
-0.17283324449714E-05
-0.16644746220596E-05
-0.16038399399935E-05
-0.15464954577893E-05
-0.14922165066752E-05
-0.14407962115713E-05
-0.13920398194201E-05
-0.13457722095347E-05
-0.13018307153832E-05
-0.12600651983728E-05
-0.12205818497713E-05
-0.11825198532367E-05
-0.11464966602990E-05
-0.11121549299191E-05
-0.10793940449923E-05
-0.10481219236415E-05
-0.10182481544967E-05
-0.98969477663554E-06
-0.96238371266672E-06
-0.93624582996257E-06
-0.91121526927295E-06
-0.88722980168082E-06
-0.86423511264998E-06
-0.84217529752784E-06
-0.82100142772961E-06
-0.80066550925044E-06
-0.78112549855164E-06
-0.76233993935240E-06
-0.74426982335387E-06
-0.72687903256657E-06
-0.71013390002598E-06
-0.69400254384209E-06
-0.67845317327449E-06
-0.66346261120917E-06
-0.64899933670654E-06
-0.63503979591326E-06
-0.62156048299675E-06
-0.60853907420776E-06
-0.59595455954450E-06
-0.58378705159642E-06
-0.57201777854916E-06
-0.56062899114720E-06
-0.54960390039395E-06
-0.53892661776583E-06
-0.52858209966474E-06
-0.51855609576960E-06
-0.50883510097688E-06
-0.49940631064650E-06
-0.49025757889302E-06
-0.48137737969092E-06
-0.47275477057450E-06
-0.46437935873678E-06
-0.45624126934721E-06
-0.44833111592368E-06
-0.44063997260683E-06
-0.43315934819872E-06
