0.
0.
0.
0.
0.
0.
0.
0.
0.
1.9859446137283985e-12
0.
6.08195537954322e-12
1.365336921938274e-12
1.0798573837148167e-11
6.764623840512358e-11
3.4058950125442034e-10
1.4322384311132493e-9
5.1810812541406755e-9
1.6469686924726323e-8
4.698720131773719e-8
1.2205417001513364e-7
2.92328192345438e-7
6.522678690652593e-7
1.3676465755240401e-6
2.7143969177008918e-6
5.131085719097755e-6
9.286888684735019e-6
0.00001616676632441895
0.000027174911931792342
0.00004425693359953415
0.0000700409387036357
0.00010799662594046182
0.0001626117674119437
0.00023958406874876654
0.00034602707122731327
0.0004906875772061077
0.000684172868131027
0.0009391850651144376
0.0012707606627759306
0.0016965129423303802
0.002236875527587128
0.0029153450256769456
0.0037587214164625294
0.004797344822813186
0.006065327531368849
0.007600780545874451
0.009446034054711155
0.01164785139272126
0.014257636445692263
0.017331634365682937
0.020931125855860783
0.02512261520408231
0.029978012442669757
0.035574810062355314
0.041996254615645136
0.04933151367245234
0.05767583858116673
0.06713072325969717
0.07780405936154433
0.08981028794623863
0.1032705477931594
0.11831282027408441
0.13507207063453083
0.1536903855163238
0.17431710618841448
0.19710895720034388
0.2222301697511085
0.24985259925807407
0.2801558363270925
0.313327310559068
0.3495623862742248
0.3890644496587087
0.43204498648812856
0.478723649864776
0.5293283174747669
0.5840951378904642
0.6432685654485059
0.7071013837049284
0.7758547171426818
0.8497980311640594
0.9292091206180184
1.0143740867395168
1.1055873030951544
1.203151370626973
1.3073770621553578
1.4185832567233367
1.5370968640011018
1.6632527389064022
1.79739358641462
1.9398698564771026
2.0910396284614055
2.251268484523986
2.4209293705029773
2.600402443065492
2.790074900707086
2.99034079619555
3.201600827069519
3.4242621004084164
3.6587378674851854
3.90544722304599
4.164814763975487
4.437270201220536
4.7232479190968
5.023186475978332
5.3375280409855
5.666717762161303
6.011203063072999
6.371432866824355
6.747856748955315
7.140924024018443
7.551082773976747
7.978778830734369
8.424454728695286
8.888548647234265
9.37149336563609
9.873715255371408
10.395633335212583
10.937658413942735
11.500192343202546
12.083627399233798