0.
0.
0.
0.
0.
0.
3.971889227456797e-12
5.9578338411851955e-12
3.971889227456797e-12
6.57844153297532e-12
1.5266949218037063e-11
9.445649069045696e-11
6.100573610296924e-10
3.2231881080811908e-9
1.380293567310416e-8
4.985589831226786e-8
1.5633082931885564e-7
4.354038343399635e-7
1.0969353902990358e-6
2.5367854506305525e-6
5.449760693904298e-6
0.000010982701684982302
0.00002093139275887309
0.00003798271544653281
0.00006600106537894636
0.00011035609707098486
0.0001782869459153203
0.00027929671721346896
0.00042557061191962717
0.0006324101453625632
0.000918676686005581
0.0013072375457729485
0.001825408849918891
0.002505390164605831
0.003384686994084681
0.004506518176379936
0.005920206184335887
0.007681549353946247
0.00985317572258841
0.012504878901906252
0.015713936938470747
0.019565415491560118
0.024152456884171194
0.029576556694586635
0.03594782968652263
0.04338526641464601
0.05201698202371546
0.06198045819484847
0.0734227788524468
0.08650085992222484
0.1013816729016552
0.11824246156252131
0.13727095066649725
0.15866554518170625
0.1826355180704163
0.20940118441343666
0.23919405946698127
0.27225699797755226
0.30884431219992586
0.34922186583729736
0.3936671415389461
0.4424692794997998
0.4959290852372694
0.5543590045924266
0.6180830647952356
0.6874367802741788
0.7627670226306297
0.8444318542822298
0.9328003255147409
1.0282522349211451
1.1311778531349044
1.2419776097568385
1.3610617431103331
1.4888494456873878
1.6257707684356546
1.7722614886843389
1.9287672609211128
2.0957407246320527
2.273641357619522
2.462934804728069
2.664092141581275
2.8775890660986176
3.1039050101069754
3.343522163929163
3.596924407568769
3.864596144479949
4.147021036979952
4.444680646988075
4.758052991487655
5.087611029175329
5.433821102582935
5.797141367690446
6.178020250657837
6.576894976956562
6.994190221451753
7.430316927991368
7.88567134290951
8.360634299073654
8.855570775753522
9.370829745735373
9.906744306575558
10.463632078451267
11.041795838961514
11.641524355899502
12.263093373298318
12.906766704195478
13.572797384764389
14.261428848502606
14.972896084860222
15.707426753501766
16.465242232396523
17.24655858446778
18.051587433692163
18.88053674640997
19.733611517710568
20.611014365867696
21.51294603992234
22.439605846983167
23.3911920067134
24.367901940672546