0.
0.
0.
0.
0.
0.
0.
0.
1.9859446137283985e-12
3.971889227456797e-12
5.9578338411851955e-12
6.702563071333345e-12
1.141918152893829e-11
5.78406368748396e-11
3.0769729358954376e-10
1.3947537265291258e-9
5.394818543193194e-9
1.8104864071054946e-8
5.391752741195751e-8
1.4496439944371952e-7
3.5689845078697303e-7
8.14103364488755e-7
1.7373918537741454e-6
3.497179577321921e-6
6.685120023304815e-6
0.00001220649673477554
0.000021395049510138723
0.000036151306616435536
0.00005910441954003796
0.00009379693415641624
0.00014489102015557918
0.00021839421746232745
0.0003219021745227435
0.0004648555679729247
0.0006588082852202295
0.0009177037616854708
0.001258156477653339
0.0016997359920429462
0.002265250729672995
0.002981029522795956
0.0038771987718866675
0.004987953889517002
0.006351823648946916
0.00801192669580568
0.010016219629934722
0.012417736461031793
0.01527481934004044
0.018651340937904687
0.02261691860462306
0.027247121114150792
0.03262366824264851
0.03883462403974317
0.045974584257139996
0.054144858451923863
0.06345364741035464
0.07401621603936447
0.0859550621441709
0.09940008104123992
0.1144887260631985
0.1313661646121282
0.15018542941928478
0.17110756445915173
0.19430176477682148
0.2199455095281628
0.24822468714807602
0.2793337118153462
0.31347563016477037
0.35086221714920035
0.39171406016874927
0.43626063047840896
0.4847403410018767
0.537400589928873
0.5944977893479949
0.656297378632851
0.7230738221702655
0.7951105913038211
0.8727001305337027
0.9561438080687858
1.045751850988773
1.1418432652816235
1.2447457411125042
1.3547955436412733
1.4723373896120329
1.5977243098664327
1.7313174976495236
1.873486142423059
2.0246072483538797
2.1850654365678235
2.3552527293506538
2.5355683142564405
2.726418285270959
2.9282153575648797
3.141378551734903
3.366332842657724
3.603508767504159
3.853341987157427
4.11627279460609
4.3927455642587425
4.683208136229187
4.988111130566054
5.307907187769618
5.6430501339814825
5.993994071921413
6.361192402014368
6.745096782157677
7.146156038745188
7.564815046332986
8.001513597264413
8.456685286396228
8.930756438557799
9.424145107330068
9.937260173298341
10.470500567048987
11.024254638270818
11.598899686047675
12.194801659001627
12.812315026344855
13.451782814021856
14.113536793752
14.797897807638398