0.
0.
0.
0.
0.
0.
0.
0.
0.
0.
0.
0.
0.
0.
0.
0.
0.
0.
0.
0.00001525971701512921
-0.00001525971701512921
0.00001525971701512921
0.00003051943403025842
0.00003051943403025842
0.000045779151045387627
0.
0.00003051943403025842
0.00003147316634370399
0.00006390006500085357
0.0000543627418663978
0.00006962245888152701
0.00009251203440422082
0.00016881061947986688
0.0003624182791093187
0.0008478680266531167
0.0017958779462180188
0.0036957127146016056
0.0073694895859939625
0.014239223439742443
0.026711180902670235
0.04864702411191847
0.08633280274540694
0.14939262957811494
0.25262080025621025
0.4178902116562537
0.6774560906189747
1.0773159928895397
1.6827500341263584
2.5843437094604913
3.9063664318692695
5.816755202033445
8.539693383819221
12.370806521228381
17.695493073462718
25.010803987926774
34.95129456831613
48.3195439086476
66.12141056195816
89.60652229193985
120.31515773853961
160.13156005428078
211.34320087648845
276.70888730552474
359.5333361418418
463.7509325652134
594.01804474655
755.8140813238315
955.5526040778209
1200.7017862307164
1499.9155153511558
1863.174644924765
2301.939340692714
2829.3117940605125
3460.210610144064
4211.556466070459
5102.46854931511
6154.473553832263
7391.725173917073
8841.235700930749
10533.119386221237
12500.84680343868
14781.510974185245
17416.105001399017
20449.810749819295
23932.298871097777
27918.03991604783
32466.62630990488
37643.104926413966
43518.32074047183
50169.2704529941
57679.46665547829
66139.3122433742
75646.48468532405
86306.33021026493
98232.26779699209
111546.20292517221
126378.95038013779
142870.6673885097
161171.29540703332
181441.01166904977
203850.69021106607
228582.37200460857
255829.74487241503
285798.6329429046
318707.4954025833
354787.9356937265
394285.22018834506
437458.8073560686
484582.88719418796
535946.9319880385
591856.257228631
652632.5948486902
718614.6779216029
790158.837813246
867639.6138057751
951450.3767689345
1.0420039656390393e6
1.1397333396898566e6
1.2450922440069567e6
1.3585558932479753e6