-0.00000000000000E+00
-0.00000000000000E+00
-0.00000000000000E+00
-0.00000000000000E+00
-0.00000000000000E+00
-0.00000000000000E+00
-0.00000000000000E+00
-0.00000000000000E+00
-0.00000000000000E+00
 0.64479729377117E-17
-0.41318870364949E-16
-0.12600128758704E-31
 0.19955406741598E-16
-0.66191271251693E-17
-0.30856220853098E-16
-0.84831807611823E-16
-0.28554177554058E-15
-0.10089707373504E-14
-0.31176793145994E-14
-0.87917110095250E-14
-0.22287349880245E-13
-0.51578238867290E-13
-0.11057568906305E-12
-0.22205295264368E-12
-0.42067081919212E-12
-0.75720499755334E-12
-0.13021494956208E-11
-0.21503929596745E-11
-0.34245043887183E-11
-0.52785544967259E-11
-0.79006269476499E-11
-0.11514802355559E-10
-0.16382113202314E-10
-0.22800585791974E-10
-0.31104168312156E-10
-0.41660907329955E-10
-0.54870171149278E-10
-0.71159289535124E-10
-0.90979467221781E-10
-0.11480143197445E-09
-0.14311069215516E-09
-0.17640275342952E-09
-0.21517827740202E-09
-0.25993838174133E-09
-0.31118012046793E-09
-0.36939231396389E-09
-0.43505166778775E-09
-0.50861940853056E-09
-0.59053820798673E-09
-0.68122969475262E-09
-0.78109233376462E-09
-0.89049980571517E-09
-0.10097997973540E-08
-0.11393131836702E-08
-0.12793336482398E-08
-0.14301275702521E-08
-0.15919342754852E-08
-0.17649665358151E-08
-0.19494112984124E-08
-0.21454306312702E-08
-0.23531627604860E-08
-0.25727233185651E-08
-0.28042065887360E-08
-0.30476868407333E-08
-0.33032196918632E-08
-0.35708434420616E-08
-0.38505803970773E-08
-0.41424381227390E-08
-0.44464106500290E-08
-0.47624795858448E-08
-0.50906151331764E-08
-0.54307770050836E-08
-0.57829152406326E-08
-0.61469709051889E-08
-0.65228766778192E-08
-0.69105573367239E-08
-0.73099301474927E-08
-0.77209051428202E-08
-0.81433853383969E-08
-0.85772668542057E-08
-0.90224389786662E-08
-0.94787841864166E-08
-0.99461781104845E-08
-0.10424489487361E-07
-0.10913580093680E-07
-0.11413304669412E-07
-0.11923507770010E-07
-0.12444039177231E-07
-0.12974722949091E-07
-0.13515388357668E-07
-0.14065854472779E-07
-0.14625933337209E-07
-0.15195430086925E-07
-0.15774143928218E-07
-0.16361864290398E-07
-0.16958379145921E-07
-0.17563467178977E-07
-0.18176902100690E-07
-0.18798452124843E-07
-0.19427880236227E-07
-0.20064944450276E-07
-0.20709398028028E-07
-0.21360989645895E-07
-0.22019463487366E-07
-0.22684559247510E-07
-0.23356012022172E-07
-0.24033552057148E-07
-0.24716904340340E-07
-0.25405788006286E-07
-0.26099915531389E-07
-0.26798991700937E-07
-0.27502712315640E-07
-0.28210762633710E-07
-0.28922815529569E-07
-0.29638529360944E-07
-0.30357545555322E-07
-0.31079485931707E-07
-0.31803949782986E-07
-0.32530510782618E-07
-0.33258713774703E-07
