 0.17194594500564E-13
-0.47213789712689E-13
-0.56424736833752E-15
-0.31026633099856E-14
-0.21002941296161E-12
-0.44718614402653E-11
-0.37537940784043E-10
-0.18035166143177E-09
-0.59898979680208E-09
-0.15396251350642E-08
-0.32896867817595E-08
-0.61271926902861E-08
-0.10279179743722E-07
-0.15899215258694E-07
-0.23063527889077E-07
-0.31780302451334E-07
-0.42005847671879E-07
-0.53662565500124E-07
-0.66655512792108E-07
-0.80885934456353E-07
-0.96261120515629E-07
-0.11270137768722E-06
-0.13014343672401E-06
-0.14854210709305E-06
-0.16786996062779E-06
-0.18811578310786E-06
-0.20928213352119E-06
-0.23138230618121E-06
-0.25443691387309E-06
-0.27847024500402E-06
-0.30350648196983E-06
-0.32956579929321E-06
-0.35666026801969E-06
-0.38478937016345E-06
-0.41393476805928E-06
-0.44405377025091E-06
-0.47507072390175E-06
-0.50686542475978E-06
-0.53925777332436E-06
-0.57198872274757E-06
-0.60469964719131E-06
-0.63691591431553E-06
-0.66804480256075E-06
-0.69740031361428E-06
-0.72426336566298E-06
-0.74797160686166E-06
-0.76801396580258E-06
-0.78409678744534E-06
-0.79616069919611E-06
-0.80435085931206E-06
-0.80896023967014E-06
-0.81036801599169E-06
-0.80898761682789E-06
-0.80522980532427E-06
-0.79948004450433E-06
-0.79208684470643E-06
-0.78335750919757E-06
-0.77355836871677E-06
-0.76291745792835E-06
-0.75162831959936E-06
-0.73985415161247E-06
-0.72773186118215E-06
-0.71537580765906E-06
-0.70288114314022E-06
-0.69032673205319E-06
-0.67777766850907E-06
-0.66528742786468E-06
-0.65289969523645E-06
-0.64064991392764E-06
-0.62856659384261E-06
-0.61667241581642E-06
-0.60498516324196E-06
-0.59351850798552E-06
-0.58228267355925E-06
-0.57128499499755E-06
-0.56053039176911E-06
-0.55002176751482E-06
-0.53976034808683E-06
-0.52974596760750E-06
-0.51997731060990E-06
-0.51045211709450E-06
-0.50116735619848E-06
-0.49211937328105E-06
-0.48330401447019E-06
-0.47471673208185E-06
-0.46635267377564E-06
-0.45820675789174E-06
-0.45027373701348E-06
-0.44254825151271E-06
-0.43502487455062E-06
-0.42769814978724E-06
-0.42056262288855E-06
-0.41361286771629E-06
-0.40684350800706E-06
-0.40024923518484E-06
-0.39382482287860E-06
-0.38756513864029E-06
-0.38146515326449E-06
-0.37551994807943E-06
-0.36972472050055E-06
-0.36407478812218E-06
-0.35856559156231E-06
-0.35319269625526E-06
-0.34795179335987E-06
-0.34283869992141E-06
-0.33784935841239E-06
-0.33297983575309E-06
-0.32822632190244E-06
-0.32358512810026E-06
-0.31905268481503E-06
-0.31462553946810E-06
-0.31030035396906E-06
-0.30607390211213E-06
-0.30194306686221E-06
-0.29790483756399E-06
-0.29395630709837E-06
-0.29009466900487E-06
-0.28631721459231E-06
-0.28262133004766E-06
-0.27900449355982E-06
