-0.10565891778981E-13
 0.21276543563547E-13
 0.53662662597788E-14
 0.41535488684728E-14
-0.25550921727327E-12
-0.44537080466112E-11
-0.37539050047005E-10
-0.18036804937723E-09
-0.59910482947424E-09
-0.15402593699822E-08
-0.32936270063130E-08
-0.61436044415912E-08
-0.10333352875419E-07
-0.16049647702588E-07
-0.23427054801016E-07
-0.32566120599747E-07
-0.43556931030998E-07
-0.56503309767121E-07
-0.71542960253984E-07
-0.88865686202255E-07
-0.10873534348537E-06
-0.13147059944167E-06
-0.15748316608114E-06
-0.18726265593896E-06
-0.22138039308012E-06
-0.26048692327069E-06
-0.30530686851313E-06
-0.35663067941160E-06
-0.41530222381914E-06
-0.48220022202899E-06
-0.55821005660901E-06
-0.64417887910133E-06
-0.74084191869204E-06
-0.84869944766208E-06
-0.96781114978990E-06
-0.10974590581658E-05
-0.12356184952531E-05
-0.13781888189962E-05
-0.15180176066658E-05
-0.16439532234416E-05
-0.17404870849249E-05
-0.17889384625393E-05
-0.17713339205249E-05
-0.16771606000894E-05
-0.15102140679106E-05
-0.12903682521686E-05
-0.10476018326663E-05
-0.81166778192885E-06
-0.60376944156988E-06
-0.43386518502410E-06
-0.30271389846054E-06
-0.20571208740253E-06
-0.13624228315247E-06
-0.87733337541015E-07
-0.54590118314579E-07
-0.32427618395640E-07
-0.17973960940242E-07
-0.88606538861067E-08
-0.34054982140077E-08
-0.42812443386826E-09
 0.89312702419207E-09
 0.11269558914196E-08
 0.66511139439518E-09
-0.22390142350235E-09
-0.13572035039400E-08
-0.26113239040797E-08
-0.39039571996569E-08
-0.51812858528676E-08
-0.64091557754602E-08
-0.75669340589861E-08
-0.86432300725784E-08
-0.96329069711389E-08
-0.10534996866779E-07
-0.11351255620177E-07
-0.12085142457250E-07
-0.12741148443494E-07
-0.13324286933104E-07
-0.13839801163044E-07
-0.14292918438647E-07
-0.14688730739453E-07
-0.15032097823329E-07
-0.15327596685167E-07
-0.15579496056454E-07
-0.15791751814481E-07
-0.15968003772457E-07
-0.16111590181427E-07
-0.16225559087937E-07
-0.16312692667394E-07
-0.16375520716520E-07
-0.16416336295329E-07
-0.16437225929705E-07
-0.16440073109427E-07
-0.16426589861600E-07
-0.16398324046036E-07
-0.16356672891611E-07
-0.16302905745119E-07
-0.16238167398482E-07
-0.16163496107616E-07
-0.16079828256446E-07
-0.15988014876512E-07
-0.15888825666974E-07
-0.15782957016962E-07
-0.15671042009936E-07
-0.15553653542016E-07
-0.15431314162672E-07
-0.15304496649305E-07
-0.15173631912456E-07
-0.15039116411533E-07
-0.14901305182968E-07
-0.14760529373240E-07
-0.14617089072150E-07
-0.14471261753241E-07
-0.14323299076844E-07
-0.14173436206889E-07
-0.14021890216493E-07
-0.13868860648735E-07
-0.13714534954699E-07
-0.13559085096969E-07
-0.13402673880646E-07
-0.13245452063219E-07
