 0.00000000000000E+00
 0.00000000000000E+00
 0.00000000000000E+00
 0.00000000000000E+00
 0.00000000000000E+00
 0.00000000000000E+00
 0.00000000000000E+00
 0.00000000000000E+00
 0.00000000000000E+00
 0.00000000000000E+00
 0.00000000000000E+00
-0.48021727432262E-08
 0.68946726266993E-08
-0.92567814803764E-08
-0.51547151976713E-08
-0.93231626319198E-08
-0.54879306000584E-09
-0.74634963481614E-09
 0.19996032320200E-07
-0.84501990125933E-08
-0.93176276211296E-08
-0.14611422236943E-07
-0.66615960524480E-07
-0.98698580783288E-07
-0.26382658526476E-06
-0.37301652428742E-06
-0.67253065760867E-06
-0.14252002503399E-05
-0.24165735234350E-05
-0.40294242081989E-05
-0.62352310107463E-05
-0.10024207080112E-04
-0.15166947696399E-04
-0.22464074006561E-04
-0.32224123839502E-04
-0.45817179243456E-04
-0.63906890844188E-04
-0.86743943412412E-04
-0.11618093221272E-03
-0.15325469300528E-03
-0.19944106018835E-03
-0.25601450539484E-03
-0.32498907404472E-03
-0.40759880755107E-03
-0.50537460638318E-03
-0.62098482352363E-03
-0.75555732419800E-03
-0.91198682884952E-03
-0.10911999300623E-02
-0.12965864132681E-02
-0.15297689289350E-02
-0.17927701343139E-02
-0.20879293266194E-02
-0.24184112602583E-02
-0.27855293634486E-02
-0.31919455871912E-02
-0.36409533953517E-02
-0.41346199441904E-02
-0.46760968445379E-02
-0.52672436466851E-02
-0.59123234385939E-02
-0.66125655077807E-02
-0.73726474061468E-02
-0.81955472575191E-02
-0.90842463751068E-02
-0.10044022975683E-01
-0.11076558155005E-01
-0.12186296891456E-01
-0.13378886470007E-01
-0.14657093894583E-01
-0.16026997306506E-01
-0.17490215537593E-01
-0.19056195244338E-01
-0.20726799118732E-01
-0.22505594612227E-01
-0.24398911326384E-01
-0.26412916566674E-01
-0.28553544702207E-01
-0.30821801362144E-01
-0.33223042882043E-01
-0.35763495568018E-01
-0.38447449092251E-01
-0.41276688409418E-01
-0.44255097672567E-01
-0.47385144635254E-01
-0.50671327750194E-01
-0.54113584169091E-01
-0.57713297053103E-01
-0.61473267186592E-01
-0.65392221217690E-01
-0.69469554937108E-01
-0.73706013812360E-01
-0.78098761524673E-01
-0.82647104482355E-01
-0.87346473301894E-01
-0.92195298517991E-01
-0.97189583837510E-01
-0.10232516783485E+00
-0.10759663480618E+00
-0.11299812619930E+00
-0.11852438114182E+00
-0.12416821875654E+00
-0.12992101874688E+00
-0.13577310310006E+00
-0.14171496770027E+00
-0.14773422641347E+00
-0.15381678005144E+00
-0.15994524868331E+00
-0.16610200025176E+00
-0.17226056085935E+00
-0.17839653967576E+00
-0.18447391067867E+00
-0.19045297790138E+00
-0.19628730815082E+00
-0.20191762840874E+00
-0.20727551868249E+00
-0.21227893385288E+00
-0.21682989947694E+00
-0.22081424358447E+00
-0.22409460380568E+00
