 0.00000000000000E+00
 0.00000000000000E+00
 0.00000000000000E+00
 0.00000000000000E+00
 0.00000000000000E+00
 0.00000000000000E+00
 0.00000000000000E+00
 0.00000000000000E+00
 0.00000000000000E+00
 0.00000000000000E+00
 0.00000000000000E+00
 0.11412691386096E-08
-0.20244037996432E-08
-0.72102162896485E-08
-0.19969903185830E-07
-0.13216616772125E-07
-0.76601851361382E-09
 0.48449725831676E-07
 0.35613611727792E-08
 0.38042752131825E-07
 0.16300968127863E-07
 0.40190049373061E-07
 0.26186291142830E-07
 0.16246333734908E-06
-0.38378668736142E-08
 0.76336138146186E-06
 0.98795731037532E-06
 0.10860628533122E-05
 0.24188824054301E-05
 0.40462903566086E-05
 0.63755647884977E-05
 0.99482391800652E-05
 0.15308044627189E-04
 0.22618793349655E-04
 0.32190580498027E-04
 0.45810951438316E-04
 0.63875541826077E-04
 0.86966072331041E-04
 0.11597439739731E-03
 0.15358604897969E-03
 0.19914333222827E-03
 0.25640731553209E-03
 0.32590038659742E-03
 0.40756712232903E-03
 0.50526025694252E-03
 0.62250566177533E-03
 0.75712974034113E-03
 0.91536445067559E-03
 0.10965309724806E-02
 0.13040045971645E-02
 0.15407813057617E-02
 0.18078764899487E-02
 0.21082073447367E-02
 0.24487266320603E-02
 0.28263715948831E-02
 0.32482488386113E-02
 0.37162045054533E-02
 0.42336747150452E-02
 0.48028937703568E-02
 0.54317451738345E-02
 0.61253696687126E-02
 0.68835233369413E-02
 0.77147247029622E-02
 0.86225506545028E-02
 0.96171982924215E-02
 0.10699241761925E-01
 0.11877991335982E-01
 0.13157966911004E-01
 0.14555200615940E-01
 0.16070440232076E-01
 0.17701974683650E-01
 0.19488600312619E-01
 0.21409672687366E-01
 0.23469959411314E-01
 0.25693259998017E-01
 0.28098261025910E-01
 0.30684763973855E-01
 0.33452053290198E-01
 0.36387663869884E-01
 0.39535660524437E-01
 0.42900403590127E-01
 0.46460382816942E-01
 0.50245676411591E-01
 0.54239506998083E-01
 0.58454168260641E-01
 0.62888922821352E-01
 0.67550244775611E-01
 0.72426704434975E-01
 0.77524192987560E-01
 0.82829775096149E-01
 0.88352187925476E-01
 0.94079224325272E-01
 0.99999337263641E-01
 0.10611981491050E+00
 0.11241039463295E+00
 0.11889122013579E+00
 0.12550971424794E+00
 0.13228900123658E+00
 0.13919853780959E+00
 0.14621613254909E+00
 0.15333348220265E+00
 0.16050956687093E+00
 0.16772484655655E+00
 0.17494652105304E+00
 0.18211631669377E+00
 0.18920453921673E+00
 0.19611616224060E+00
 0.20278940783183E+00
 0.20912713398666E+00
 0.21500339067326E+00
 0.22026672055033E+00
 0.22474999020497E+00
 0.22823463328402E+00
 0.23045196211905E+00
 0.23110184850866E+00
 0.22980054933780E+00
 0.22610525315791E+00
 0.21949403619402E+00
 0.20937147672707E+00
 0.19501939611111E+00
