0.04868424757481914
0.06891866763125722
0.09525106411140151
0.1290031119233372
0.1717310314263669
0.2252725271442495
0.2918029062816387
0.37389928196841665
0.474603137249613
0.5974414325681487
0.7462806412374792
0.9247382917704957
1.1349844529322974
1.3767630658002794
1.647918524272465
1.9457745441313916
2.2679766357016304
2.6126842997128
2.9785056210779697
3.364388853709288
3.7695313404609427
4.1933129612673765
4.635249241037317
5.094958400035804
5.572137975785818
6.0665480002749455
6.577998708361536
7.106341421063721
7.651461686509001
8.213274049715995
8.791718013533751
9.386754881439371
9.998365260421803
10.626547062694712
11.271313887694028
11.932693695961191
12.610727708709778
13.305469482640177
14.01698412171756
14.745347596323528
15.490646147003064
16.252975755064565
17.0324416662591
17.82915795673831
18.643247132801918
19.474839757830956
20.32407410114087
21.19109580459713
22.0760575638087
22.97911882120204
23.90044546901513
24.840209560510967
25.798589028137904
26.77576740757394
27.771933566816205
28.78728143963889
29.822009762864564
30.876321816993357
31.950425169852018
33.04453142293492
34.158855960221885
35.29361769926924
36.449038844439045
37.62534464214443
38.82276313802918
40.04152493606991
41.281862959525164
42.54401221381278
43.82820955130651
45.134693438135116
46.46370372310098
47.815481408801546
49.190268425143074
50.58830740537803
52.009841464907424
53.455113983042295
54.92436838797637
56.41784794524682
57.93579554995216
59.47845352305833
61.046063412082646
62.6388657965306
64.2571000983933
65.90100439810658
67.570815256298
69.26676754172006
70.98909426573087
72.7380264236928
74.51379284365458
76.31662004269285
78.14673209122549
80.00435048569743
81.8896940298912
83.80297872522256
85.74441767028237
87.7142209698936
89.71259565392685
91.73974560608787
93.79587150286297
95.88117076279343
97.99583750619159
100.14006252542151
102.31403326580012
104.51793381717383