0.
0.
0.
0.
5.9578338411851955e-12
4.096010765814822e-12
1.5639313833111137e-11
2.975193274441857e-10
3.725880338431191e-9
2.9290324743265075e-8
1.6190214868959395e-7
6.861473394462357e-7
2.3669365445691246e-6
6.937935613372436e-6
0.000017835856081579288
0.000041185304840594255
0.00008700425338688727
0.0001705751807771317
0.00031391373142873786
0.0005472662070984767
0.0009105758025753139
0.0014548710314426698
0.002243546302884245
0.0033535199526744147
0.0048762684059623276
0.006918745520433972
0.009604203406017227
0.013072935001968657
0.017482960317304112
0.02301067738546192
0.029851496695038025
0.03822047393184764
0.048352951561791646
0.06050521441612204
0.0749551591619356
0.0920029720500847
0.11197180424644182
0.13520842938051938
0.1620838637183639
0.1929939264495383
0.22835971495482268
0.2686279688666018
0.3142712960724652
0.3657882343631482
0.4237031231182922
0.4885657605999262
0.5609508234256058
0.6414570246561146
0.7307059863653981
0.8293407997126784
0.9380242410072587
1.0574366057371605
1.1882731138874307
1.3312408307980568
1.487055039276839
1.6564349945649528
1.840098998185822
2.038758745890642
2.2531129453780325
2.4838402672490405
2.7315917904639013
2.9969832249112702
3.280587324164292
3.582927011432703
3.9044697963136423
4.245624025671914
4.606737374395685
4.988097753946408
5.389936544045537
5.8124337956812235
6.255724868913586
6.719907887800487
7.205051416879259
7.7112018630987915
8.238390245956104
8.786638122635956
9.35596257941478
9.946380294510755
10.557910739053058
11.190578616699378
11.844415655405912
12.519461863940364
13.21576635671685
13.933387837551276
14.672394818858745
15.432865639123774
16.21488832936812
17.018560368732867
17.84398836057411
18.691287653353175
19.560581924885966
20.45200274400065
21.36568912013278
22.301787048742902
23.260449058187454
24.241833762268918
25.24610542135076
26.273433514086097
27.32399232111222
28.397960521616493
29.49552080322692
30.616859485551434
31.762166157417536
32.931633327780844
34.12545609021987
35.34383180083688
36.58695976943696
37.855040963778876
39.14827772675884
40.46687350637031
41.811032598319116
43.18095990119324
44.57686068407674
45.99894036659698
47.44740431130588
48.92245762842125
50.424304992891734
51.95315047380354
53.50919737612675
55.09264809484369