76.2639323416529
76.30878884989171
76.3835312830889
76.48813164911233
76.62255066862609
76.78673721039185
76.9806275097399
77.20414525814289
77.45719959132455
77.7396843138524
78.05147366168528
78.39243414878528
78.76239849822265
79.16119123681571
79.58861668181741
80.04446401211688
80.52850820036792
81.04051800290875
81.58024879994798
82.14745696724577
82.7418960695442
83.3633235618032
84.01150065832276
84.68619713674153
85.38719187844117
86.11427354068277
86.86725604217138
87.64594770346775
88.45018490415255
89.27981706417818
90.13586064082236
91.014752022284
91.91983376239588
92.84987357753029
93.8048034873295
94.78457102786139
95.78913869375067
96.81848607373429
97.8726054420452
98.95150307942909
100.05520227981592
101.1837371069762
102.3371512906601
103.51550658363048
104.71887666143199
105.9473298683777
107.20097044160767
108.47989581229723
109.78421722603588
111.11405445311462
112.46953241121913
113.85079524592877
115.25797957271145
116.69123735125544
118.15072538251627
119.63660657261038
121.14905067884561
122.68822861992162
124.25432158416079
125.84751043782882
127.4679814516279
129.11592680817654
130.79153670140923
132.4950093435551
134.22654006330475
135.98633278443077
137.7745859550979
139.59150054522465
141.43728872468185
143.31214499153657
145.2177339398589
147.14989083454876
149.11318596690367
151.10636557925494
153.12963491592726
155.18318844872059
157.26721555927045
159.38194501903808
161.5275348380221
163.7041869402317
165.91209546507488
168.15143253410665
170.4223862663099
172.72513164329453
175.05984458553033
177.42667236438334
179.8258378918698
182.2574433050947
184.72166225171
187.2186469654841
189.74854464591652
192.31149538739385
194.90763296908221
197.5370897344901
200.1999907631008
202.8964543290644
205.62660500551513
208.39054246925255
211.1883756180996
214.02013335915174
216.88611876861552
219.78621472602498
222.72057158974962
225.68927285784517
228.69239571578476
231.72999663585819
234.8021629280716
237.90894417283482
241.05039670019903
244.22657199718617
247.43752241437335
250.68329463797113
253.96392774120446
257.2794628098362
260.6299323367097
264.0153694264793
267.43580328387185
270.89126043323705
274.3817649067022
277.9073384327035