80.62308325795955
80.66831181879719
80.74367478854826
80.8491449061601
80.98468379882783
81.1502416116897
81.34575648217152
81.57115385380636
81.82634556416684
82.11122840712247
82.42568277472665
82.76957244430274
83.14275040886456
83.54501917537635
83.97621436640931
84.43612226946182
84.92452544775284
85.44119733400234
85.98590195050464
86.55840182261198
87.15845809563348
87.7858341907266
88.44030012485496
89.12163137724276
89.82961559545265
90.56404944542416
91.32474652023546
92.1115300516507
92.92424141562576
93.7627363071689
94.62688749608505
95.51658395403962
96.43172944763697
97.37224508222086
98.33806840653212
99.32915239204542
100.34546373278923
101.38698402412038
102.45371746512217
103.54566554486007
104.66286413612414
105.80533633210418
106.97314227097041
108.1663306896146
109.38500424539782
110.62921686914191
111.89907102364101
113.19467756290747
114.51612722142323
115.86356247441421
117.2371052585058
118.63689212999154
120.06306736576138
121.51578081548784
122.99518993359038
124.50145670844911
126.03475045483343
127.59524303949298
129.1831088812533
130.79853908144142
132.44170844384973
134.11281149052365
135.8120360199091
137.5395765990758
139.29563419954084
141.0803994236238
142.89407514606037
144.73686130657865
146.608954634177
148.51056317443857
150.44188207221242
152.40311350588914
154.3944542379138
156.41610811833675
158.46826740874482
160.55112814502502
162.66488174217986
164.8097243782309
166.98583675177596
169.19341070786868
171.43261850423139
173.70365473089004
176.00667840001572
178.34185736255665
180.70938623707906
183.10939755614984
185.54206001985227
188.00752606132258
190.505944671728
193.0374516506931
195.60220829301528
198.20032433578828
200.83193745256233
203.49716847594073
206.1961380128937
208.92894300529628
211.69573198079254
214.49656611404853
217.33155705007042
220.20078946925918
223.10436326998726
226.0423473019891
229.0148276112227
232.0218680467201
235.063541626299
238.1399053585302
241.25102074629177
244.39694104974458
247.57771572286902
250.79338877656
254.0440054037129
257.32960248548267
260.6502131378785
264.0058660400112
267.39659394193484
270.8224205286449
274.28336832453215
277.77945731395783
281.31070513151457
284.8771272519718