103.76433535612027
103.81134768982949
103.88968544596399
103.99932445821541
104.14023043575772
104.31235906522669
104.51565529229504
104.75005240784544
105.0154756853751
105.31183171961732
105.63901745962437
105.99691454405921
106.38539024695547
106.8042948812952
107.25346648600107
107.73272992269982
108.24190037975434
108.78078341430236
109.3491844054372
109.94690135842791
110.5737365525905
111.22936659513445
111.91399047076769
112.62703996234542
113.36847590211994
114.13813798975758
114.93588071523948
115.7615713661938
116.6150939235436
117.49634769313901
118.4052257628674
119.34167179657803
120.30561864062119
121.2970246446603
122.315854279714
123.36209007708185
124.43572933513467
125.53678065600695
126.66526387017214
127.82121245800617
129.0046719751313
130.21526079258788
131.45435620217063
132.72072323357906
134.01488639128291
135.33692717329507
136.68698621504151
138.065140067217
139.47151916790068
140.90625004599207
142.369468015148
143.86131256115496
145.38192797119856
146.93146776008513
148.51008654338727
150.11794547639556
151.755208928283
153.42204794656004
155.1186243607043
156.8451373644515
158.60174016893393
160.38861835146741
162.2059613573911
164.05394365962093
165.93274875399973
167.84256349912934
169.7835713647141
171.7559545927488
173.75989671075033
175.7955810158114
177.8631860678775
179.96289383539852
182.09487877451832
184.25931616859228
186.4579181873267
188.68623372516095
190.9490447181357
193.2449815835996
195.57419768862954
197.93684664026767
200.33307502147773
202.76303815255372
205.22686648544123
207.7246996001286
210.25666701454472
212.82289615472467
215.42350373210803
218.0586009624683
220.72831586384837
223.43273360009962
226.17195427032988
228.946071042492
231.75517542949328
234.5993417392068
237.47865213898706
240.39317413321243
243.34296226660766
246.32810060325647
249.34861939543794
252.40457609728412
255.49601310628205
258.6229720241518
261.78548611674074
264.983578056453
268.21728009287597
271.48663363063804
274.7916233958142
278.13227640950635
281.5086018209639
284.9206082937118
288.3682931419347
291.85167024158557
295.3707265816824
298.92545887440605
302.5158574557484
306.14192358009257
309.80363756036655
313.50098676013477
317.233957964676
321.0025352267801