105.51757471013879
105.56471123445702
105.64325611214946
105.75318514613005
105.89446475442196
106.06705051496125
106.2708879607593
106.50591215700675
106.77204573047479
107.06919909632646
107.39726945540642
107.75613931189577
108.1456764882368
108.56573491208326
109.01615288077879
109.49675767510527
110.00733992641987
110.54779054528731
111.117833507944
111.71729909138831
112.3459926203101
113.0037229251989
113.69030521597008
114.40556275698867
115.14932932172748
115.92144978229497
116.72177905607015
117.55019636104835
118.40657842435313
119.29082738018516
120.20285693011193
121.14259535788824
122.10998543935783
123.10498426709607
124.12756335833453
125.17770367906387
126.2554116050443
127.36068991124198
128.4935642207425
129.65406956298767
130.84225160095738
132.05816787126946
133.30188690431424
134.57348320486636
135.87304965196353
137.2006991837414
138.55647333710237
139.94054803500782
141.35302380558363
142.7940269947425
144.26399517290074
145.76215733457627
147.28957092483225
148.84608332935716
150.43185017278665
152.04703280480743
153.69179503064822
155.36630720118225
157.07073796265726
158.80526471159365
160.57006088595637
162.3653340731367
164.1911853710464
166.04787230039386
167.93555687016246
169.85441604819889
171.80463338567787
173.78639348653056
175.79987727246746
177.84526362670894
179.92273414626465
182.0324635089819
184.17462921842366
186.3494024384769
188.55712895855896
190.79744843726866
193.07105227480707
195.37792269594772
197.71821782712536
200.0920865070823
202.49967734604417
204.94113493278385
207.41659434154147
209.92618901675496
212.47004650098063
215.04829078150954
217.66103464886865
220.30839730316302
222.9904771816755
225.70737837981994
228.45919476752596
231.24601522552922
234.0679199764874
236.92498382042294
239.8173056750938
242.74492063709866
245.70790175509993
248.7063045521438
251.74017903861767
254.809571712306
257.9145229747945
261.05501812613045
264.2312405950452
267.4430651817839
270.69056324994904
273.9737588065543
277.29265995514834
280.64728002428274
284.0376261360894
287.46370025795943
290.9255040960668
294.4230406971918
297.9562972401759
301.52527079655283
305.12994963545594
308.7703246722105
312.44639200704427
316.1581027523872
319.9054729066725
323.68847360608135