67.6372997490515
67.68137708826232
67.75481995309377
67.85759852884456
67.98967197298911
68.15098547081405
68.34147218871883
68.5610507342396
68.80962431371972
69.08708045371473
69.39328702129336
69.72809289458995
70.09132819186568
70.4828024377957
70.90230768299767
71.34961947805861
71.82450075650283
72.32670420698655
72.85597444436719
73.41205296252424
73.99468070536315
74.60360095781489
75.23856259090908
75.89932175841712
76.58564521286877
77.29731084630212
78.03411047511639
78.7958427479141
79.5823522266519
80.3942864189289
81.22900762216483
82.08888783751013
82.97298101341116
83.88119291274317
84.8134453933051
85.76967693168862
86.74984273881101
87.75391080180415
88.78186900055206
89.83371614996292
90.90946730200704
92.00914866061419
93.13280644263317
94.28048821087395
95.45226505217286
96.64821220022671
97.8684157273886
99.11297727095952
100.38200157656205
101.67561092289945
102.99392913735197
104.33709119999567
105.70522871770295
107.09852359098251
108.51710135159941
109.96113557942655
111.43079591459734
112.92625653191382
114.44769679483251
115.99530258521828
117.56926386854386
119.16976576647512
120.79701827834899
122.45120800334335
124.13254556651441
125.84122986015639
127.57746941378622
129.34147101722172
131.13355900433447
132.95359859191265
134.80215080611848
136.67930310285902
138.5852605506964
140.5202589686145
142.48448547885457
144.4781463377168
146.50142985201666
148.55463595738865
150.63786008220526
152.75133624375547
154.89528140448977
157.06987138869084
159.27529937459906
161.51176938493907
163.77945174497435
166.07853419324329
168.40919279369766
170.77160281113416
173.16593226057606
175.5923435555803
178.05098214132667
180.54206578278234
183.06567573983406
185.62198472481123
188.2111303306438
190.83315513732367
193.4884760769001
196.1769306086102
198.89873510743743
201.65400796249153
204.44285653165443
207.26538712092528
210.1217017864795
213.0118937720644
215.9360540218447
218.8942699361242
221.88662295864575
224.91318874178006
227.97403972557947
231.0692452713811
234.19886550634266
237.3629689224466
240.5616043317539
243.79482682455983
247.0626856014126
250.36522655781374
253.70249246046833
257.0745231266807
260.48135560642106
263.92302436620395