 0.00000000000000E+00
 0.00000000000000E+00
 0.00000000000000E+00
 0.00000000000000E+00
 0.00000000000000E+00
 0.00000000000000E+00
 0.00000000000000E+00
 0.00000000000000E+00
 0.00000000000000E+00
 0.00000000000000E+00
 0.00000000000000E+00
 0.00000000000000E+00
 0.00000000000000E+00
 0.00000000000000E+00
 0.00000000000000E+00
 0.00000000000000E+00
 0.00000000000000E+00
 0.00000000000000E+00
-0.17180726009207E-13
-0.14387402319289E-13
-0.25066452075230E-13
-0.84258382942682E-13
-0.73936615689349E-13
-0.28649055854710E-13
-0.69771272872497E-14
-0.10297973271340E-12
-0.27226570357326E-14
-0.16666410687373E-12
-0.37440042101556E-13
-0.72161712181053E-13
 0.10367124425836E-12
-0.32224308135124E-12
-0.11900649442201E-12
 0.80601328553903E-12
 0.26191559353659E-13
 0.83658900920146E-12
 0.84137973192147E-12
-0.16139531568256E-11
 0.56574273410959E-12
-0.26949701971935E-11
 0.65138994982785E-12
 0.12015311137091E-11
-0.10388686166502E-12
-0.16253417524510E-12
 0.40426621573608E-11
-0.92641644682791E-12
-0.30035383160344E-11
-0.10129722576638E-10
 0.14587021070243E-11
 0.24878067504279E-11
 0.17791096196268E-11
 0.97060039452954E-11
 0.13182894862213E-10
 0.69055922401872E-11
 0.87057599289421E-13
 0.12746511482467E-11
-0.21699031115540E-11
 0.69816234623183E-11
-0.43487615524206E-11
 0.15854000577495E-10
 0.19112843457728E-10
 0.12306024124459E-10
 0.75528238496427E-11
 0.15393563491150E-10
 0.22052759358019E-10
 0.25782982387487E-10
-0.19129299008241E-11
 0.43224191696951E-10
 0.24911390630355E-10
 0.56966068887795E-10
 0.54032879919995E-10
 0.36402730850023E-10
 0.16764484812666E-10
 0.56458646439914E-10
 0.72183925694386E-10
 0.10803391468622E-09
 0.10164463774165E-09
 0.15801777333780E-09
 0.77212036482080E-10
 0.14420438297556E-09
 0.18066516973025E-09
 0.18554674121987E-09
 0.20259875603221E-09
 0.22264891372662E-09
 0.29917387825576E-09
 0.25340831775165E-09
 0.26291005504105E-09
 0.33048361559701E-09
 0.42449919662451E-09
 0.45798629705576E-09
 0.41037856918480E-09
 0.46048638123879E-09
 0.50857502481630E-09
 0.57166673105885E-09
 0.67824360949135E-09
 0.64527616672815E-09
 0.70516887838911E-09
 0.77904932223506E-09
 0.80898035102679E-09
 0.92796318101040E-09
 0.11060600000744E-08
 0.11815668888592E-08
 0.12004417130129E-08
 0.13859909746757E-08
 0.15136295421789E-08
 0.16493549008418E-08
 0.17275910898805E-08
 0.19586803886290E-08
 0.21939086558216E-08
 0.22820855039661E-08
 0.26586686338356E-08
 0.25535161807631E-08
 0.26318050288698E-08
 0.30433295337200E-08
 0.29750526223719E-08
 0.25334216335623E-08
 0.34201601873106E-08
 0.34989692725632E-08
 0.39801116159927E-08
-0.52320674266307E-07
