 0.55191176166641E+02
 0.34522155248297E+01
 0.68280012750630E+00
 0.21643231385133E+00
 0.88855981011373E-01
 0.42971990353466E-01
 0.23272274601166E-01
 0.13693846201354E-01
 0.85857978177993E-02
 0.56600765010591E-02
 0.38862098104323E-02
 0.27595927965569E-02
 0.20158721344873E-02
 0.15086165739569E-02
 0.11528247636900E-02
 0.89714506007687E-03
 0.70946719624342E-03
 0.56909929086026E-03
 0.46235178681941E-03
 0.37995158427647E-03
 0.31548485174442E-03
 0.26443097691420E-03
 0.22354903395061E-03
 0.19047935358172E-03
 0.16347948489500E-03
 0.14124596847002E-03
 0.12279224964144E-03
 0.10736319474631E-03
 0.94374733494385E-04
 0.83371517422212E-04
 0.73994589182710E-04
 0.65959245394936E-04
 0.59037617379667E-04
 0.53046132008616E-04
 0.47835878047509E-04
 0.43285279500240E-04
 0.39294490876774E-04
 0.35781041811449E-04
 0.32676447502457E-04
 0.29923546641903E-04
 0.27474397324115E-04
 0.25288609256015E-04
 0.23331996833091E-04
 0.21575532294025E-04
 0.19994386464796E-04
 0.18567384147679E-04
 0.17276272276075E-04
 0.16105313270635E-04
 0.15040899584230E-04
 0.14071212133755E-04
 0.13185960264552E-04
 0.12376158237866E-04
 0.11633936157263E-04
 0.10952383433097E-04
 0.10325415158253E-04
 0.97476607981786E-05
 0.92143697903094E-05
 0.87213273007887E-05
 0.82647944704644E-05
 0.78414159863572E-05
 0.74482292504784E-05
 0.70825758605861E-05
 0.67420551206366E-05
 0.64245316969696E-05
 0.61280691766651E-05
 0.58509508636308E-05
 0.55915796987409E-05
 0.53485408596932E-05
 0.51205716283935E-05
 0.49064888420812E-05
 0.47052415041774E-05
 0.45158661800223E-05
 0.43374813152293E-05
 0.41692879465372E-05
 0.40105542737228E-05
 0.38606112738753E-05
 0.37188450113202E-05
 0.35846939831261E-05
 0.34576411091430E-05
 0.33372093680727E-05
 0.32229684725784E-05
 0.31145087006136E-05
 0.30114608449996E-05
 0.29134815955551E-05
 0.28202538604211E-05
 0.27314837502759E-05
 0.26468994468553E-05
 0.25662487039614E-05
 0.24892974049064E-05
 0.24158282204929E-05
 0.23456388758318E-05
 0.22785412063018E-05
 0.22143599548276E-05
 0.21529318410628E-05
 0.20941042645042E-05
 0.20377350521864E-05
 0.19836911344970E-05
 0.19318478646831E-05
 0.18820897250459E-05
 0.18343067983820E-05
 0.17883973447898E-05
 0.17442654556010E-05
 0.17018211893944E-05
 0.16609800769439E-05
 0.16216628169585E-05
 0.15837947506752E-05
 0.15473056910530E-05
 0.15121294608962E-05
 0.14782038318225E-05
 0.14454700493899E-05
 0.14138727487593E-05
 0.13833596677103E-05
 0.13538814563928E-05
 0.13253914915354E-05
 0.12978457000980E-05
 0.12712023992941E-05
 0.12454221461313E-05
 0.12204675980738E-05
 0.11963033835097E-05
 0.11728959812558E-05
