0.
0.
0.
0.
0.
0.
0.
0.
0.
0.
3.971889227456797e-12
1.9859446137283985e-12
2.482430767160498e-13
4.5924969192469216e-12
1.7873501523555587e-11
9.954547376313597e-11
4.43610378091581e-10
1.70431284319404e-9
5.7501785075122194e-9
1.7286903133275562e-8
4.709431820534017e-8
1.177793001125449e-7
2.7338650086277325e-7
5.943742322935408e-7
1.2196559688536136e-6
2.3775864208033195e-6
4.427606668642896e-6
7.914264711401285e-6
0.00001363487759259816
0.000022722008052416695
0.00003674131102584964
0.00005780506835856465
0.00008870111670359215
0.00013303671344515455
0.00019539633861645776
0.00028151217868742134
0.0003984458982133499
0.0005547800887434642
0.0007608176085079906
0.0010287871191212955
0.0013730530773793958
0.0018103284789560985
0.002359888925979465
0.0030437864442551354
0.00388706193118084
0.0049179551050943454
0.006168111049843479
0.007672782697851176
0.009471028685929583
0.01160590619012968
0.014124658593659516
0.017078897861018818
0.020524781712806504
0.024523185629749
0.029139870025049457
0.03444564282237821
0.040516517694574296
0.04743386826293552
0.05528457869772879
0.06416119083833241
0.07416204816913156
0.08539143680954617
0.09795972365584163
0.11198349165163624
0.12758567223998057
0.14489567482088098
0.1640495130063628
0.18518992739417323
0.20846650450389387
0.23403579146598716
0.2620614059573598
0.2927141408591547
0.3261720632097922
0.36262060673534324
0.4022526575730764
0.4452686326604157
0.4918765502675014
0.54229209234108
0.5967386582773062
0.6554474099892806
0.7186573078986961
0.7866151379695088
0.8595755297405638
0.9378009653569264
1.0215617799014103
1.1111361531952337
1.2068100933542731
1.3088774123553661
1.4176396940604938
1.533406254775051
1.6564940967598625
1.7872278546714975
1.9259397349838836
2.072969448170162
2.2286641333062973
2.393378274167775
2.5674736061169736
2.7513190120842257
2.94529040588414
3.1497706006159887
3.365149159084343
3.591822223069776
3.8301923171789722
4.080668122987096
4.343664218232497
4.619600775623141
4.908903215505315
5.212001806489429
5.529331208340298
5.861329951902065
6.208439851904897
6.57110534961744
6.949772784550412
7.344889596544894
7.756903462718781
8.18626137695179
8.63340868321972
9.098788077516652
9.582838596685434
10.085994614974478