0.
0.
0.
0.
0.
0.
0.
0.
0.
1.9859446137283985e-12
3.971889227456797e-12
6.08195537954322e-12
2.730673843876548e-12
1.0426209222074092e-11
4.542848303903712e-11
2.2155694596907445e-10
9.311597807619028e-10
3.4514476171215987e-9
1.1208547278344724e-8
3.258835813897615e-8
8.614071998508435e-8
2.0959771162674038e-7
4.7449218919967267e-7
1.0081768229484422e-6
2.025504630433868e-6
3.87221081952608e-6
7.081865956280095e-6
0.000012448136545650944
0.000021113645378505712
0.000034676027304195104
0.000055311647870397934
0.00008591671784480963
0.00013026499186381376
0.00019318102099936835
0.0002807274668067296
0.00040040472264331166
0.0005613609399719852
0.0007746103825989925
0.0010532581422648243
0.0014127291423860042
0.0018709995467758006
0.0024488288464409027
0.003169990992007586
0.004061503232505976
0.005153851515491203
0.006481211449323088
0.008081664194460369
0.009997406692950956
0.012274956002893847
0.014965347460212818
0.01812432686708108
0.021812536627062635
0.026095696244515167
0.031044777349984877
0.03673617370401622
0.04325186658202681
0.05067958567144407
0.05911296624172024
0.06865170250964987
0.07940169762920218
0.09147521046735019
0.1049909991460373
0.120074461423389
0.13685777175231503
0.15548001472630593
0.1760873146774619
0.1988329609975417
0.22387752860809365
0.25138899310589663
0.28154283992065415
0.3145221668719046
0.3505177794825714
0.3897282783361983
0.4323601379857274
0.47862777678365676
0.5287536171264143
0.5829681357489022
0.6415099037363152
0.7046256160551384
0.7725701103728257
0.8456063753951687
0.9240055485607385
1.0080469033691943
1.0980178266250886
1.1942137858513706
1.2969382871323745
1.4065028238418193
1.5232268163692648
1.6474375431826378
1.7794700632111846
1.9196671294936227
2.0683790938016595
2.225963801503216
2.392786476046235
2.5692195913158145
2.7556427305199342
2.9524424289905205
3.1600119983372355
3.3787513283878554
3.6090666629288264
3.8513703447896623
4.106080524947239
4.373620830250823
4.654419983735773
4.948911371706732
5.2575325516322176
5.580724695823074
5.918931966481149
6.272600819550734
6.642179236622963
7.028115886872764
7.430859224087336
7.850856527432056
8.288552898292263
8.744390229324729
9.218806165388967
9.71223307859005
10.225097081713198
10.757817104802497
11.3108040586578