0.
0.
0.
0.
0.
0.
0.
0.
0.
3.971889227456797e-12
3.971889227456797e-12
6.08195537954322e-12
3.5995246123827223e-12
1.6880529216691386e-11
8.403028146838286e-11
4.050085796622353e-10
1.6623597632290275e-9
5.963295188872948e-9
1.8818190551998515e-8
5.333068077860077e-8
1.3769944168208597e-7
3.2799873652492066e-7
7.281969859680906e-7
1.5198641411832491e-6
3.0038111086902984e-6
5.656093760829145e-6
0.000010200244968521
0.00001769736921285786
0.000029655084555805493
0.000048155771964441104
0.00007600401196319806
0.00011689244675611529
0.0001755849138611491
0.00025811526138376284
0.0003719996369317483
0.0005264604999334666
0.0007326597634675996
0.0010039387561990704
0.001356062845947579
0.0018074685700147266
0.0023795111170233376
0.003096710661129037
0.0039869957308441535
0.005081942588471265
0.006417009387123005
0.008031764528659488
0.009970108539998999
0.0122804892226619
0.01501611000492263
0.018235131439722097
0.022000866194018972
0.026381967643771684
0.031452612665866145
0.03729267882061878
0.04398791661993547
0.05163011705998565
0.060317274954472255
0.07015374842447837
0.0812504145860987
0.09372482191781997
0.10770133899213315
0.12331129976550363
0.14069314509268857
0.15999256023130753
0.18136260781870805
0.20496385593523161
0.23096450051498482
0.2595404815051053
0.2908755920212213
0.3251615797427088
0.3625982398581268
0.40339349870662544
0.4477634876152434
0.4959326060935267
0.5481335741089284
0.6046074727670223
0.6656037732842003
0.731380353882352
0.8022035046541802
0.8783479203357285
0.9600966811847127
1.0477412220963522
1.1415812903864075
1.2419248923412178
1.3490882291169959
1.463395622094995
1.5851794279699662
1.71477994370744
1.8525453012362838
1.9988313515550558
2.15400153772886
2.31842675567488
2.492485201445716
2.676562203126501
2.871050034905798
3.076347710378735
3.29286075140924
3.521000928410439
3.7611859671576684
4.013839216765467
4.2793892731245515
4.558269551633778
4.85091780335353
5.1577755688229185
5.479287564585225
5.815900998899785
6.168064814637838
6.536228860012502
6.9208429906764914
7.3223561101545185
7.741215159563847
8.177864071402785
8.632742706177385
9.106285793720561
9.59892190384348
10.111072471871893
10.643150904649573
11.195561790747146
11.768700235245849
12.362951334856971