0.
0.
0.
5.9578338411851955e-12
5.9578338411851955e-12
6.57844153297532e-12
3.711233996904945e-11
7.357924793863717e-10
8.37770735301325e-9
6.069468752784403e-8
3.139849183581462e-7
1.2591988567867899e-6
4.145564552302726e-6
0.000011674661015462153
0.000028989876519880254
0.00006494120087202256
0.00013356744088325193
0.00025571591422309767
0.0004607140265720448
0.0007880161726677679
0.0012887651425598663
0.002027228724154266
0.0030820914725546425
0.0045475994739498276
0.0065345692649317975
0.009171281082455582
0.012604282068712079
0.01699912650343487
0.022541079142320963
0.02943580448503397
0.037910060158208615
0.04821240639577759
0.06061393776026446
0.07540903599192075
0.09291613660407512
0.11347849542386909
0.13746493572174953
0.16527055162461055
0.19731733976769558
0.23405472857217194
0.27595997281297896
0.32353838086587755
0.37732334222445074
0.43787612395852993
0.5057854053187493
0.5816665203081927
0.6661603769330725
0.7599320190147811
0.8636687912804608
0.978078060425775
1.1038844339111866
1.2418264063347728
1.392652350601946
1.5571157640781057
1.735969681992017
1.9299601917501783
2.1398190313908785
2.366255342022125
2.609946772961653
2.8715303015724065
3.15159330606802
3.4506655758669846
3.7692130093160783
4.107633684731675
4.466256781028667
4.845344496904949
5.24509674593223
5.665658079849903
6.107126088312034
6.5695604709541895
7.0529920591516815
7.557431232455578
8.08287537195864
8.62931517622675
9.196739809638897
9.785140950681148
10.394515863562003
11.024869639760245
11.676216757654895
12.348582097111544
13.042001528328703
13.756522174924338
14.492202432602499
15.249111808064788
16.02733062877921
16.826949662434693
17.64806967570417
18.49080095451807
19.355262802302725
20.24158302826552
21.14989743447144
22.080349307862644
23.033088921572006
24.008273048389523
25.006064488275058
26.026631611022744
27.070147914672145
28.13679159985717
29.226745160090545
30.34019498769991
31.477330995174817
32.63834625150044
33.823436633099135
35.03280048899696
36.26663831984249
37.52515247040904
38.808546835319945
40.11702657767411
41.45079786038349
42.810067590026755
44.19504317304026
45.6059322841693
47.04294264706466
48.50628182699209
49.99615703559357
51.51277494771885
53.0563415303123
54.62706188338175
56.2251400930749
57.85077909689642