0.
0.
0.
0.
0.
5.9578338411851955e-12
5.9578338411851955e-12
4.964861534320996e-12
2.755498151548153e-11
3.074490505128277e-10
2.576018407082449e-9
1.5394173794854038e-8
7.112151735760991e-8
2.6776354693207803e-7
8.551322354791536e-7
2.3873518069551754e-6
5.962646157348874e-6
0.000013565592577522096
0.000028518634453162486
0.0000560400188747628
0.00010389691014672701
0.00018313571942961044
0.0003088677137712907
0.0005010870543724657
0.0007854986147605229
0.0011943363258834802
0.0017671557997457755
0.0025515896287045003
0.0036040575120970834
0.00499042757468057
0.0067866284927263305
0.009079214688271657
0.011965889025521969
0.015555988662767318
0.019970940468580604
0.025344692504280158
0.031824127682663524
0.03956946483858309
0.04875465146500862
0.0595677507679229
0.07221132416930819
0.08690280885830388
0.10387488803632218
0.12337585014501196
0.14566993162776276
0.17103763672649014
0.19977602650695378
0.23219896876692472
0.2686373399239635
0.30943916996368376
0.3549697215772868
0.40561149532601054
0.46176415299384554
0.5238443524720036
0.5922854880012101
0.6675373306592536
0.7500655643110177
0.8403512128590755
0.9388899541680921
1.0461913159843987
1.1627777477782155
1.289183561059121
1.4259537287609467
1.5736425318860612
1.732812039238328
1.9040304041692693
2.087869960918087
2.2849051039622887
2.4957099366756488
2.7208556824650834
2.9609078629960655
3.2164232643648343
3.4879467343959245
3.776007880182721
4.0811177635846
4.403765719406173
4.744416441336723
5.103507489982684
5.4814473703034565
5.8786143006907885
6.295355754114409
6.73198879755348
7.188801197334139
7.666053203798633
8.163979886016556
8.682793861923484
9.22268826177756
9.783839771835467
10.36641162617923
10.97055644251988
11.596418827881166
12.244137708511005
12.913848362679753
13.605684154239555
14.31977797879591
15.05626344343127
15.81527580618343
16.596952703672443
17.40143469534624
18.228865651449198
19.07939300959898
19.953167922356243
20.850345315263755
21.771083872368713
22.715545963604846
23.68389752629468
24.67630791098674
25.69294970021341
26.73399850721408
27.799632760554235
28.89003347942229
30.005384043624286
31.145869961548996
32.311678638775845
33.502999149577555
34.72002201309651
35.96293897572358
37.231942800914936
38.52722706746014
39.84898597704872