0.
0.
0.
0.
0.
5.9578338411851955e-12
5.9578338411851955e-12
5.9578338411851955e-12
4.778679226783959e-11
5.364532887833836e-10
4.2658090302886e-9
2.4481359861121757e-8
1.0912120220438088e-7
3.9845930669077406e-7
1.239248305440351e-6
3.3804488559654246e-6
8.272023076206002e-6
0.000018480549185523174
0.000038224374123882046
0.0000740207594215151
0.0001354281955204201
0.0002358609714634684
0.0003934503304998976
0.0006319262688403344
0.0009814964865672421
0.00147970276654713
0.0021722397328492187
0.0031137258046224528
0.004368420827607883
0.0060108890106263186
0.008126609039662896
0.010812536043593347
0.01417762139085882
0.018343297827559422
0.0234439371761234
0.029627287891408963
0.0370548986726201
0.045902533095649733
0.05636057887145672
0.0686344533142676
0.08294500473089624
0.09952890777452977
0.11863904852063026
0.14054489364683947
0.1655328364509355
0.1939065110822566
0.22598706572005017
0.26211338461188616
0.30264224898270936
0.347948426672932
0.39842468114369956
0.45448169100082947
0.5165478721497475
0.5850690954225874
0.66050829364763
0.7433449523719282
0.8340744789172712
0.9332074443138454
1.0412686917856184
1.158796304358894
1.2863404220777617
1.4244618971761507
1.5737307726325034
1.7347245671080076
1.9080263471741474
2.094222567106912
2.2939006581404358
2.5076463542752836
2.7360407518486363
2.9796571155689895
3.2390574661344225
3.5147890125745778
3.8073805249163715
4.117338775776996
4.445145207741949
4.791253001006105
5.156084716035729
5.540030665605658
5.943448128595594
6.3666614586508175
6.809963072852694
7.2736152387673325
7.757852523270196
8.262884730760469
8.788900144031022
9.336068887854369
9.904546257347757
10.494475885395959
11.10599265856993
11.739225325245778
12.39429876883985
13.0713359425496
13.770459478650299
14.491792996516955
15.235462139757331
16.001595375355198
16.790324587745424
17.601785498985738
18.436117943592848
19.29346602339425
20.173978164481365
21.077807095372997
22.005109762336744
22.956047195503565
23.93078433694096
24.929489840027127
25.95233584778853
26.99949775644412
28.07115396934187
29.1674856454468
30.28867644579445
31.434912280702097
32.6063810599733
33.80327244798995
35.025777625121265
36.27408905674282
37.54840027083749
38.84890564501602
40.17580020363307
41.5292794255604