0.
0.
0.
0.
5.9578338411851955e-12
5.9578338411851955e-12
6.206076917901245e-12
1.5266949218037063e-11
2.0951715674834604e-10
2.159714767429633e-9
1.511825161508415e-8
7.807170289796752e-8
3.183161394391495e-7
1.0767908369881434e-6
3.1341969369677143e-6
8.067841283783976e-6
0.00001875758113596752
0.00004004362227038023
0.00007952346403348448
0.00014846272702114972
0.00026278671896436546
0.0004441170201175246
0.0007208183716032411
0.0011290262593825497
0.0017136314120396179
0.002529205187421514
0.0036408563609032544
0.005125016388616364
0.007070155295674255
0.009577434357738375
0.012761304192318213
0.01675005870202605
0.021686355252677272
0.027727711405700933
0.03504698703759748
0.04383285877416321
0.054290291796565235
0.06664101106888601
0.08112397175813306
0.09799582553453082
0.11753137725562032
0.14002402371752734
0.1657861644293598
0.1951495724762006
0.22846571248994083
0.26610599199911855
0.308461932195828
0.3559452445337272
0.4089878001493317
0.46804147997520323
0.5335778946789373
0.6060879641588781
0.6860813474726353
0.7740857140008723
0.8706458466704328
0.976322566627889
1.0916914670567395
1.2173414409090364
1.3538729838099612
1.501896249630998
1.6620288324854555
1.8348932467819674
2.0211140772360863
2.2213147754296667
2.436114090872032
2.666122144249283
2.9119361801839734
3.174136076851616
3.4532797377072946
3.7498985413752557
4.064493071326448
4.39752937647378
4.749436016701054
5.120602116231248
5.511376581749197
5.922068548860065
6.3529490142798775
6.8042535111596
7.276185607369148
7.768920962787945
8.282611673713912
8.817390655671208
9.373375860108075
9.95067417462426
10.549384911003576
11.16960283339007
11.811420717317908
12.474931457717743
13.160229761782682
13.867413472092112
14.59658456892475
15.347849900071468
16.121321683282112
16.917117821919135
17.735362069182028
18.57618407125995
19.439719314810894
20.326108999981056
21.23549985623984
22.16804391521239
23.123898251928
24.10322470362103
25.10618957347131
26.13296332508204
27.183720272377553
28.258638268520208
29.357898396803844
30.481684665775504
31.63018371035837
32.803584500428535
34.00207805791445
35.225857183328635
36.47511619239133
37.7500506633378
39.05085719529662
40.377733178142044
41.730876574090615
43.110485711262335
44.51675908942267
45.9498951980845