0.
0.
0.
0.
5.9578338411851955e-12
5.9578338411851955e-12
6.454319994617295e-12
2.1100661520864233e-11
3.0273243205522274e-10
3.021738851326116e-9
2.0533674333644775e-8
1.0336258343226031e-7
4.1244234271603573e-7
1.3696301618285397e-6
3.92313465955438e-6
9.957983184616886e-6
0.00002286731465494167
0.000048283007215710375
0.00009494747192954133
0.00017569608071042717
0.00030851290714078967
0.0005176209482518907
0.0008345708834077919
0.0012992983130211343
0.001961127211062094
0.002879704821269813
0.004125861171002304
0.005782392408843471
0.007944772605754465
0.010721802132601373
0.014236203090910051
0.018625173356783438
0.024040910703460233
0.030651117369766428
0.03863949400376314
0.04820622944956413
0.059568490285041416
0.07296091120157133
0.08863608417012031
0.10686504182922466
0.12793772724504618
0.15216344031051293
0.17987124864880313
0.2114103494569222
0.24715036782251096
0.2874815763615004
0.33281502129568125
0.3835825404223998
0.4402366594450219
0.5032503540151873
0.5731166660255962
0.6503481634394048
0.7354762334782627
0.8290501986077408
0.9316362440825554
1.0438161435784465
1.166185766706269
1.299353348536687
1.4439374969194851
1.6005649093401078
1.7698677682923558
1.9524807836198856
2.1490378548228786
2.3601683374521296
2.5864929182488376
2.8286191353052335
3.0871366228752315
3.3626122129249927
3.655585082789674
3.9665621895642156
4.296014266586826
4.644372662175484
5.012027267318064
5.399325705810339
5.806573856010288
6.234037654658067
6.681946021565595
7.150494658950027
7.639850432413181
8.150156034905276
8.681534663545309
9.234094490657231
9.807932771699976
10.403139493292446
11.0198005170172
11.658000215368844
12.317823624940864
12.99935815953634
13.702694934932381
14.427929759565005
15.175163843842636
15.944504276575719
16.736064311597175
17.54996350185499
18.386327712494396
19.245289039247318
20.126985653759693
21.031561593524458
21.95916651064193
22.909955390802175
23.884088251667215
24.881729827807714
25.90304924793015
26.94821970887046
28.017418149860422
29.110824929819444
30.2286235098162
31.37100014231978
32.53814356860618
33.73024472524113
34.94749646048657
36.190093261185645
37.4582309906289
38.75210663778832
40.07191807816654
41.41786384656752
42.79014292193002
44.18895452441272
45.61449792486937
47.06697226680712