 0.00000000000000E+00
 0.00000000000000E+00
 0.00000000000000E+00
 0.00000000000000E+00
 0.00000000000000E+00
 0.00000000000000E+00
 0.00000000000000E+00
 0.00000000000000E+00
 0.11342294580468E-14
 0.27782743297812E-15
-0.10636987339310E-14
 0.23261281757900E-14
 0.90712433297075E-15
 0.24654160897202E-14
 0.19574055091312E-14
-0.46119317101399E-15
 0.15282141769006E-13
 0.85219627538217E-14
 0.75255273580413E-13
 0.19504894076799E-12
 0.40462924872330E-12
 0.82135131215393E-12
 0.14976713511450E-11
 0.26802036139625E-11
 0.46206821493359E-11
 0.76120881876304E-11
 0.11965033354090E-10
 0.18307531238042E-10
 0.27090021735754E-10
 0.38971338318482E-10
 0.54753064813220E-10
 0.75169421861155E-10
 0.10112247936989E-09
 0.13365932918563E-09
 0.17363350752617E-09
 0.22231103555726E-09
 0.28068680643579E-09
 0.35000607628129E-09
 0.43149894837818E-09
 0.52670992149810E-09
 0.63691951500904E-09
 0.76376047672709E-09
 0.90882660243865E-09
 0.10742470567259E-08
 0.12620474064739E-08
 0.14740908935355E-08
 0.17135770079500E-08
 0.19826250576616E-08
 0.22850819850134E-08
 0.26237937779477E-08
 0.30031012461740E-08
 0.34269690334017E-08
 0.38999239817662E-08
 0.44265285589577E-08
 0.50125136746836E-08
 0.56632389109855E-08
 0.63839597734689E-08
 0.71807376047195E-08
 0.80597086256071E-08
 0.90267889503768E-08
 0.10087539724089E-07
 0.11246830621989E-07
 0.12511089886907E-07
 0.13885261264751E-07
 0.15371568069022E-07
 0.16975404569047E-07
 0.18698317551835E-07
 0.20543003310375E-07
 0.22509770131123E-07
 0.24599061539645E-07
 0.26808579124669E-07
 0.29137847952827E-07
 0.31581178008548E-07
 0.34134474969207E-07
 0.36790935939684E-07
 0.39542045549361E-07
 0.42377356722042E-07
 0.45283709706159E-07
 0.48244858172663E-07
 0.44627334344910E-07
 0.54250116499507E-07
 0.57239448943421E-07
 0.60173942481272E-07
 0.63007156273027E-07
 0.65683809101579E-07
 0.68134041791389E-07
 0.70272585608252E-07
 0.71994884558685E-07
 0.73172751352004E-07
 0.73650164366718E-07
 0.73238740280893E-07
 0.71714632484698E-07
 0.68812013601552E-07
 0.64220521157244E-07
 0.57583129846529E-07
 0.48497791079637E-07
 0.36521630756067E-07
 0.21182825233070E-07
 0.19966993453008E-08
-0.21504309621155E-07
-0.49728518800833E-07
-0.82973623848660E-07
-0.12135481755303E-06
-0.16472814489515E-06
-0.21259917002151E-06
-0.26403393280924E-06
-0.31758455961825E-06
-0.37124738921452E-06
-0.42246190031672E-06
-0.46818867322346E-06
-0.50506359760002E-06
-0.52964527999768E-06
-0.53873289231168E-06
-0.52973655921152E-06
-0.50104912613228E-06
-0.45235996427105E-06
-0.38485393253499E-06
-0.30124076358868E-06
-0.20560068104306E-06
-0.10304148525657E-06
