 0.00000000000000E+00
 0.00000000000000E+00
 0.00000000000000E+00
 0.00000000000000E+00
 0.00000000000000E+00
 0.00000000000000E+00
 0.00000000000000E+00
 0.00000000000000E+00
-0.17299244687564E-14
-0.18393293013880E-15
 0.17090542815948E-14
-0.75630109006809E-14
-0.43704640056012E-14
-0.91933489638434E-14
-0.52484100446812E-14
 0.14042172118132E-13
-0.20420326610869E-13
 0.13496680484319E-12
 0.68155046768126E-13
 0.72095867302538E-13
 0.29501972326455E-12
 0.55057696210269E-12
 0.15918931489407E-11
 0.30203906157221E-11
 0.50303226657720E-11
 0.79308057176445E-11
 0.13117973464357E-10
 0.19336624745224E-10
 0.28549389524942E-10
 0.41470768699784E-10
 0.57599396907158E-10
 0.79342588934246E-10
 0.10738992176393E-09
 0.14110324892248E-09
 0.18520515552831E-09
 0.23665152780630E-09
 0.30107815613489E-09
 0.37966426206600E-09
 0.47576267772648E-09
 0.58715376689557E-09
 0.72158859939932E-09
 0.88201231574587E-09
 0.10760508598701E-08
 0.13018491185991E-08
 0.15671271413123E-08
 0.18924356477420E-08
 0.22672760860848E-08
 0.27266708920069E-08
 0.32534602587447E-08
 0.38887778836142E-08
 0.46240453188902E-08
 0.54841055662203E-08
 0.64875746423514E-08
 0.76647679121052E-08
 0.90134920598895E-08
 0.10555161637658E-07
 0.12326107546429E-07
 0.14344154997352E-07
 0.16611909334743E-07
 0.19142381930447E-07
 0.21964250437517E-07
 0.25136269187075E-07
 0.28588227991696E-07
 0.32311287954686E-07
 0.36446346959417E-07
 0.40863065937951E-07
 0.45630913067407E-07
 0.50686976336839E-07
 0.56059772501341E-07
 0.61681065873809E-07
 0.67599314217727E-07
 0.73608141573254E-07
 0.79800004883586E-07
 0.85991185867461E-07
 0.92075036985425E-07
 0.97876576968398E-07
 0.10314976212466E-06
 0.10759492968147E-06
 0.11083729270591E-06
 0.91647075783974E-06
 0.11120781417727E-06
 0.10683232882086E-06
 0.97908268230561E-07
 0.83079884001628E-07
 0.60467232323155E-07
 0.27917394744134E-07
-0.17284198831967E-07
-0.78398231915830E-07
-0.15921290861816E-06
-0.26396924066483E-06
-0.39734761081683E-06
-0.56444215712410E-06
-0.77016590031466E-06
-0.10188055966727E-05
-0.13132686257106E-05
-0.16541879087955E-05
-0.20384063555346E-05
-0.24576534865627E-05
-0.28961651407795E-05
-0.33291714422394E-05
-0.37213691399741E-05
-0.40255992891677E-05
-0.41835905620407E-05
-0.41275573954030E-05
-0.37854112339896E-05
-0.30885773499588E-05
-0.19828535028592E-05
-0.44084141189367E-06
 0.15230490964664E-05
 0.38413612261750E-05
 0.63858838934734E-05
 0.89692933804362E-05
 0.11356154356506E-04
 0.13286257171003E-04
 0.14507732748895E-04
 0.14814754953292E-04
 0.14084392012554E-04
 0.12303096007056E-04
 0.95789275353160E-05
 0.61330163339551E-05
