68.6091046258176
69.10765390816596
69.63263660870155
70.18435410903736
70.76235375082432
71.36637420444133
71.99616055227177
72.65146304544447
73.33204669681662
74.03768296737535
74.76815992306781
75.52328004370395
76.30286064592042
77.10673667188394
77.93475672427112
78.78679005119471
79.66272069635929
80.56245114946267
81.4859003342373
82.4330003076003
83.4037076404669
84.39799031275018
85.41582538839836
86.45721442814781
87.52216914373165
88.61071543507582
89.72289352135465
90.85875365852615
92.01831982403502
93.20179225960162
94.40913391072338
95.64048288976296
96.89594701964852
98.17564253896283
99.47969673758209
100.80824290987543
102.161412396595
103.53938831874694
104.94229364753508
106.37029626690729
107.82358880961704
109.30232182222962
110.80668435691805
112.33685962936545
113.89304352903214
115.47542416199755
117.08420052735704
118.71957218506824
120.38174390258237
122.0709193125362
123.7873098085959
125.53112209227343
127.30257066714358
129.10186551474368
130.92921735160155
132.78484525639487
134.66895660219532
136.58176640887032
138.5234817297338
140.4943301688087
142.49450869575182
144.5242234456972
146.58368860959243
148.6730773557199
150.79267376985433
152.94259565165922
155.12306621730403
157.33428081349388
159.57642823113832
161.84968640233376
164.1542596667562
166.49030487700807
168.85800473283282
171.25752969454186
173.689042917293
176.15270582393615
178.6486751488771
181.17709139555663
183.73811373906776
186.33197535104804
188.95856852456117
191.61823870140555
194.3103874977483
197.03712112787315
199.79657277743829
202.58951094196308
205.41604392693444
208.27627551303567
211.17029968420147
214.09820618600872
217.0600878647464
220.05602180280775
223.08607452431357
226.1503639295922
229.24891523584634
232.3818083276544
235.5491053628002
238.75086441227504
241.9871399857748
245.25798319963934
248.5634419490732
251.90356108423592
255.27838258930063
258.6879457640213