73.01693433029025
73.52052999556838
74.05128649798517
74.6089459903078
75.19325264509537
75.80394799597246
76.4407861003985
77.10352384148277
77.79192912395297
78.50578263818062
79.24487658669952
80.00901908529222
80.79803290357981
81.611771337682
82.45005052665584
83.31278200031598
84.1998422169439
85.11113881168802
86.04659419818148
87.00614802592233
87.98975551673934
88.99738711561523
90.02903309778104
91.08469193202554
92.16437811977687
93.26812162290398
94.39595439373025
95.5479585745825
96.72417642349788
97.92468864951563
99.14958943434937
100.39897434271988
101.67295345613972
102.9716449728038
104.29517440305877
105.64367677973806
107.01729675720462
108.41618164315983
109.84048794720205
111.29038561109911
112.76610620133393
114.26761591163206
115.79530520839843
117.34927507951276
118.92975583042286
120.5368968786031
122.17090849102023
123.83199064751794
125.5203429839944
127.23616972013012
128.9796737877851
130.75107535835295
132.55178853938733
134.37836681756028
136.23468032019335
138.11971897879033
140.03369231717676
141.97681008699877
143.94928032676964
145.95130889188772
147.9831026791839
150.04486612331647
152.1367986661176
154.259101591825
156.41196984667005
158.5955941669173
160.81018104018233
163.05590040185288
165.3329374881347
167.6414851327807
169.98170639562042
172.3537772573789
174.75786455893527
177.19413373575097
179.66274198384622
182.1638418234377
184.6975803884055
187.26410711536676
189.8635530492778
192.49605897607265
195.1617488582207
197.86075024562925
200.5931770826582
203.35914592966765
206.15876236353148
208.99213458572478
211.85935728702378
214.76052365451335
217.6957211019407
220.66503812798254
223.66854927291195
226.70633094647548
229.7784539448699
232.88498418383688
236.02598163185857
239.20150863294927
242.41161611844893
245.6563557567672
248.93577479482073
252.2499172079643
255.59882387761917
258.98253277185296
262.40107912842655
265.8544956394603