81.79517505156494
82.30854563312731
82.84972946807169
83.41848331052337
84.01456304211928
84.63772804899087
85.28774129126401
85.96437527031085
86.6674109772416
87.39664164091131
88.15187298416886
88.93292574661182
89.73963515557176
90.57185398558873
91.42952757269596
92.31230300020985
93.2203184907271
94.15341143300112
95.11151537513638
96.09458009163103
97.10256835933225
98.13546112268133
99.19325285575336
100.27595074576517
101.38357768493916
102.51616851045978
103.67376811199651
104.85644396712915
106.06425934631393
107.29729741464038
108.55565405621137
109.83942703958864
111.14872935960753
112.48368137977832
113.84441240173757
115.23105606371021
116.6437587869581
118.08266705773734
119.5479449133075
121.03973855654556
122.55824731833788
124.10361535495389
125.67603235650911
127.27567974937962
128.90274250506212
130.5574101210958
132.2398779605498
133.95033762128068
135.68898566321536
137.4560290745613
139.25166381917703
141.07608880591062
142.92951072950376
144.81213057471072
146.72436346554588
148.6657828004203
150.63721861958652
152.63866134403733
154.67031176460665
156.73237135175566
158.82503481383097
160.94848416219318
163.1029431192973
165.28856682735298
167.50555864709736
169.7540951804009
172.03435558731042
174.34651158070088
176.6907495115987
179.06722028337643
181.47608503633816
183.91752593221156
186.39166968187732
188.89867761419157
191.43869011811586
194.01184714620487
196.61828107907667
199.25812274799767
201.93149172667398
204.63851253088202
207.37928461781163
210.15394005277787
212.96255545718503
215.80524579921797
218.6820956753472
221.59318983211318
224.53861872181326
227.51845251773833
230.5327704260137
233.58163114697507
236.66510692839776
239.78325089069
242.93612512093347
246.12377429104305
249.3462469213584
252.60358080643755
255.89583102733596
259.22302125009776
262.5851864574772
265.98235787910824
269.4145627835604
272.88182579920186
276.384169103023
279.9216126096395