123.95339079897886
124.50541773682897
125.08784486909887
125.70050180951742
126.34321936288227
127.01583537522544
127.71819324933867
128.45014713028743
129.21155926055064
130.00230310011773
130.8222664201831
131.6713484090121
132.54946116059003
133.45653037385327
134.3924955352126
135.35730843686517
136.35093564925012
137.3733544668291
138.42455404776305
139.50454548281004
140.61333786114906
141.7509577924997
142.91744464583493
144.11284740585722
145.3372237674629
146.59064357643916
147.8731828231957
149.18492935665125
150.52597914115702
151.89643257419925
153.29640294633649
154.72600218019213
156.18536554098586
157.674615064938
159.19388769103628
160.7433256500855
162.3230777812961
163.9332927742548
165.57412491334773
167.24573703329386
168.94828660117875
170.68194192092275
172.4468690098658
174.24323714282028
176.07121667610764
177.93098063191246
179.8227046886397
181.74655682317479
183.7027127568426
185.69134931271705
187.71263315845502
189.76673841791833
191.85383277570259
193.97408562948584
196.1276604327901
198.31472305187305
200.53542962668124
202.78993787084605
205.07840531833094
207.40097443986613
209.75779592835673
212.14900646038762
214.57474312251063
217.03513821021534
219.53031854856306
222.06040166491326
224.62550731879142
227.22574275336862
229.86120972687598
232.53201560530383
235.238246322933
237.9799885908636
240.75732539585138
243.57033145377906
246.41907528912458
249.3036193502537
252.22402630229186
255.18034410416226
258.17261572130275
261.2008883525253
264.26519454292014
267.3653766884759
270.5020177478617
273.67455314682303
276.88327474816987
280.12809758014373
283.40906203599525
286.72618944767044
290.0794172744026
293.4688005184952
296.8943116085819
300.3559375986252
303.85366056798534
307.3874654158211
310.9573306211415
314.5632310662605
318.2051411548042
321.8830361744704
325.59688432168804
329.3466565509034
333.13231474518005
336.9538314408522
340.81116929809826
344.70429222833707