 0.00000000000000E+00
 0.23420366526334E-09
 0.41027557889564E-08
 0.61541336834346E-08
 0.12674088383322E-07
 0.15842610479153E-07
 0.14052219915801E-08
 0.14359645261347E-07
-0.51512538165718E-08
 0.20440497832492E-07
 0.34899262060264E-07
 0.44671613026803E-07
 0.17320453169882E-07
 0.35038700080146E-07
 0.33258724801428E-07
 0.36596488084529E-07
 0.16780261040959E-07
-0.13113875504213E-08
 0.50380601893072E-07
-0.12314007780106E-08
-0.94072152670640E-07
-0.90459781036806E-07
-0.16062138342774E-06
-0.31387018459776E-06
-0.88918800413716E-06
-0.15707397326726E-05
-0.32853538446072E-05
-0.54677933809585E-05
-0.91404711525748E-05
-0.14932863101696E-04
-0.23265878172418E-04
-0.35289147373301E-04
-0.52442711623646E-04
-0.75873168288105E-04
-0.10713799802598E-03
-0.14822893013119E-03
-0.20083382678152E-03
-0.26817806602123E-03
-0.35178000003101E-03
-0.45501219192661E-03
-0.58065754050003E-03
-0.73134431671066E-03
-0.91108765738366E-03
-0.11228362563759E-02
-0.13695568904333E-02
-0.16563064866327E-02
-0.19852347904032E-02
-0.23610500718454E-02
-0.27873901264764E-02
-0.32692072662631E-02
-0.38099596344281E-02
-0.44134873901157E-02
-0.50864928711127E-02
-0.58320349444980E-02
-0.66560850386128E-02
-0.75633564689848E-02
-0.85601277184964E-02
-0.96524405386800E-02
-0.10845372490567E-01
-0.12148088020658E-01
-0.13563994792806E-01
-0.15102565018176E-01
-0.16770766006413E-01
-0.18574729570327E-01
-0.20521787033416E-01
-0.22618274022867E-01
-0.24874948064673E-01
-0.27296808087916E-01
-0.29886744795255E-01
-0.32651964756308E-01
-0.35597135998993E-01
-0.38724769712401E-01
-0.42038261643633E-01
-0.45535445931346E-01
-0.49217320750589E-01
-0.53081132400616E-01
-0.57122048645563E-01
-0.61333170506533E-01
-0.65708147566814E-01
-0.70235855810630E-01
-0.74905402314994E-01
-0.79703092304334E-01
-0.84614213920956E-01
-0.89623389806237E-01
-0.94712098191141E-01
-0.99861081850635E-01
-0.10505159134641E+00
-0.11026393341581E+00
-0.11547700405050E+00
-0.12066955830621E+00
-0.12582141972420E+00
-0.13091239043626E+00
-0.13592219641518E+00
-0.14083197268140E+00
-0.14562407695893E+00
-0.15028363231963E+00
-0.15479385875351E+00
-0.15914241682655E+00
-0.16331636953216E+00
-0.16730738690021E+00
-0.17110595372859E+00
-0.17470404473107E+00
-0.17809630416461E+00
-0.18127623735960E+00
-0.18423756411574E+00
-0.18697152255054E+00
-0.18947081783143E+00
-0.19171889623786E+00
-0.19369920410519E+00
-0.19538738594906E+00
-0.19674969532014E+00
-0.19773946996020E+00
-0.19830183392497E+00
-0.19835850704068E+00
-0.19781719046273E+00
-0.19655958595299E+00
-0.19444173934314E+00
-0.19128811485003E+00
-0.18689242905333E+00
-0.18100510544625E+00
