16.553501798332398
16.951539806836458
17.369707404774342
17.807512282053715
18.26486264550106
18.741426355666597
19.236952778830467
19.75121001777067
20.283983694352447
20.835076943763696
21.404310476661152
21.991521842405284
22.596564707624328
23.219308979949197
23.85964165927423
24.51746320204533
25.19268933006638
25.885251167979852
26.595093875923222
27.32217580624488
28.06646916019171
28.827959204602767
29.606644220898186
30.402536722462475
31.215656971307883
32.04604265626096
32.89373759542957
33.758799922346384
34.64129747636083
35.54131185417995
36.458928855840774
37.394248425342525
38.347379617301655
39.31843864965932
40.30754991875574
41.314858038029755
42.340493987282585
43.38461523273701
44.44737670627245
45.528947145946404
46.629495271912994
47.749201527373614
48.888252611349564
50.04683724776116
51.2251528846784
52.423401557460075
53.64178861271246
54.88052874809553
56.13983186890922
57.41992669136331
58.72103403134444
60.043376189836444
61.38719061464669
62.75271082973147
64.14016963623148
65.5498079240536
66.98186687097399
68.43658996109579
69.91422478441164
NaN
72.93920543405524
74.4870510631569
76.05879710457702
77.65465748159151
79.27499334036796
80.91994315152958
82.58979178799873
84.28479083412662
86.00518767047276
87.75122486400909
89.52316095400971
91.32122570162005
NaN
94.99673905852251
96.8746622981177
98.77968055405819
100.71202809825083
102.67193656871386
104.65963479470693
106.67534862997152
108.719300794492
110.79171072519513
112.89279443597894
115.02276438745133
117.18182936671944
119.3701943775455
121.58806054117127
123.8356250080433
126.11308088067483
128.42061714780183
130.7584186299863
133.12666593675
135.52553543528873
137.95519923080627
140.41582515837968
142.90757678635725
145.43061343107453
147.9850901828947
150.57115794320163
153.18896347226578
155.83864944766174
158.52035453297378
161.2342134564937
163.98035709955437