13.706194664375081
14.093130129996236
14.499421190982078
14.924777672174558
15.368926095466776
15.831614936392572
16.312608369185696
16.81169326692104
17.328671427392937
17.863364797215844
18.41561098600391
18.98526573241696
19.57219963392996
20.17629941650362
20.7974690953246
21.435619762515284
22.090685686744767
22.76260958917135
23.451348498950857
24.156868386704247
24.879162722612364
25.618215787546763
26.374037200330626
27.14664256663031
27.936066205900104
28.74235156932971
29.565538693901022
30.405701565308007
31.262903263700625
32.13723009453172
33.028772183313194
33.93763061472356
34.86391511285201
35.80774691856231
36.769249791023455
37.74856164817448
38.74582337643743
39.76118760335389
40.79481241371625
41.84686144062166
42.91750853462503
44.00692962955071
45.115311497905275
46.242842155889875
47.389734276838006
48.55614156544887
49.74231821282097
50.94845541310177
52.17477192951076
53.42148868543229
54.68882464971054
55.97700813859711
57.28627225080986
58.61684595715629
59.96896919955673
61.34287775372567
62.73881793474906
64.15702492686735
65.59775167089761
67.06123810999017
68.54773919248426
70.0575005464471
71.59077259437339
73.14780472116625
74.72884566375221
76.33414863441614
77.96397698425726
79.61856111238586
81.29816178835686
83.00302393225276
84.73339952116514
86.48953338375713
88.27167144852773
90.08005751494495
91.91493351279543
93.77653930474301
95.6651124950735
97.58088824505433
99.52409909537417
101.49497479605665
103.4937421443299
105.52062483082935
107.575843294573
109.65961458708095
111.77215224601706
113.91366617868955
116.0843625557578
118.28444371523122
120.514108077592
122.77355007129242
125.06296006976311
127.38252433949134
129.73242499946875
132.11283999201132
134.5239430650101
136.96590376551003
139.43888744468507
141.94305527394712
144.47856427216948
147.04556734379193
149.64421332761987
152.27464705607034
154.93700942461206
157.6314374710872