30.2493038733819
30.68592397160845
31.145182464515294
31.62676865734768
32.130378891710606
32.65571970902559
33.20264040489004
33.77048618144273
34.359390519220106
34.968986699219165
35.59905101238708
36.24938074720143
36.91978722352814
37.61009649952002
38.32015509444564
39.049825481962955
39.79898681213037
40.56753540968181
41.355382900893595
42.162460879265396
42.9887120690598
43.83409773716251
44.698594182718196
45.58219136568184
46.48489523184252
47.406724306481465
48.34771071623177
49.307897176239166
50.287352684622356
51.28613703323797
52.3043534174776
53.34203407885303
54.39934626231888
55.476373985772
56.5732590104001
57.69011736955488
58.82709363358303
59.984340424761776
61.16201163001227
62.360276934867585
63.579303762988296
64.81927733477526
66.08037458671494
67.36279253422639
68.6667259828601
69.99237958459206
71.33995725786393
72.70967214619151
74.1017385116713
75.51637419883355
76.95381358798511
78.41426962283892
79.89797828972743
81.40516896624206
82.93607654582252
84.49093753487985
86.06998870582981
87.67346597493223
89.30162411951979
90.95468823252538
92.63290386224227
94.33651943928388
96.06576923495516
97.82089818454537
99.60214591424884
101.40975506455003
103.24395346877373
105.10500953597561
106.9931265594089
108.90855360016737
110.8515224858474
112.82226142937797
114.82099914351478
116.84796104218925
118.9033680018066
120.98744150166434
123.10039845617712
125.24244729366387
127.4138024507725
129.61466540740136
131.84523792811765
134.10570252743472
136.39630716232514
138.71718353259243
141.06853672909955
143.45054761463805
145.8633926526345
148.30724385550903
150.78226874566167
153.28863032908023
155.82648708150384
158.39599294700272
160.99729734884593
163.63054521241486
166.29587699992504
168.99342875668643
171.72333216852468
174.48571463001895
177.28069932324178
180.10840530644862
182.9689476123829
185.8624373557097
188.7889818491007
191.74868472750947