31.427823909283156
31.86706658936829
32.32912511194145
32.81368947081225
33.32045610447073
33.8491313496363
34.39943568702483
34.971097916961206
35.56386462921614
36.17732492448244
36.81176956268724
37.466476854501195
38.14142827043972
38.83645030675787
39.55138557458106
40.28609637457895
41.040459427931786
41.814369330176504
42.60773844692522
43.42049249809484
44.25257937515441
45.10405528739232
45.97459425926229
46.864487754910904
47.773643368041235
48.702074577485156
49.64981504747512
50.61690959751258
51.603418116891554
52.60940700217791
53.63495287814646
54.680167503010644
55.74513414640783
56.82997228939569
57.93480641020959
59.059767296653085
60.204996775543904
61.37064429558439
62.55686767752034
63.76383134159069
64.99170711628652
66.24067377805767
67.51091926205605
68.80263062492813
70.11600895088475
71.45125172578011
72.80856824367045
74.18816977182883
75.59027188553898
77.01509220976126
78.4628576535841
79.93379074795142
81.42811577635699
82.94607972631704
84.4879033909542
86.05382431641374
87.64408013220118
89.25891233439815
90.8985545927887
92.56325779536175
94.25325310695716
95.96878662664449
97.71009537974048
99.4774247166168
101.27101076251093
103.0910941596229
104.93791900989478
106.8117429995806
108.7127134466652
110.64114978522045
112.59726761687938
114.58128879458256
116.59343266651385
118.63392983495571
120.70299839653327
122.80085726380649
124.92771667992793
127.08379612503177
129.26929515645028
131.4844259897866
133.72938063545598
136.00435517661492
138.30954546711948
140.64513562744264
143.0113099028416
145.4082470493056
147.83612138951688
150.29510276441215
152.78535649747707
155.3070433717386
157.86031961936007
160.4453369237139
163.0622424337381
165.71117879036007
168.39228416471315
171.10569230782485
173.85153261147656
176.6299301797805
179.44100591110305
182.28487658998915
185.1616549884663
188.0714499764025
191.014366640368
193.99050641054893