35.86272958964763
36.31120755988977
36.783127001324246
37.27818090375358
37.796069398721635
38.336497935328865
38.899183956645615
39.48385317488643
40.090256618960424
40.71814245404188
41.36728546460777
42.03747415570668
42.72851213049861
43.44022127453652
44.172441635215854
44.92503007957478
45.69785440199584
46.49081449013611
47.303811639733595
48.13677072749895
48.98963457325196
49.86235512243421
50.754909877339664
51.66728430973414
52.59948254812567
53.55151964255834
54.523426976215966
55.51524759349553
56.52703824477899
57.55886991704105
58.61082007992054
59.682982466471366
60.77545859266732
61.88836298463451
63.02181662337436
64.17595236673708
65.35091141034859
66.54684263380705
67.76390285161322
69.00225762229805
70.26207528823008
71.54354259969222
72.84683731712788
74.17217938512267
75.51968135272656
76.88962991490504
78.28220078381928
79.6976048854545
81.13606241273555
82.59778432279735
84.08299190832453
85.59191620836862
87.12478603424115
88.68182213707871
90.26326232219739
91.86933907556512
93.50028669242784
95.15633832639107
96.83774483904205
98.54472979198519
100.2775365565051
102.03640004738917
103.82156164003712
105.63325872652241
107.47172163212174
109.33518404062846
111.22990802318544
113.15009087390857
115.09797596040879
117.07380143386526
119.07776533551254
121.11011971338377
123.1710737569062
125.26084670206471
127.37965413909205
129.52770786501435
131.7052152094907
133.91237911924043
136.14940143072613
138.41647772330435
140.71378648052058
143.0415424355126
145.39993253333716
147.78912256178702
150.20927655702505
152.66057655147281
155.1431884524522
157.6572739243816
160.2029900228296
162.78048918423727
165.38991922842771
168.03142337368368
170.7051402641468
173.4112040092418
176.14974423479066
178.92088614542297
181.72475059791446
184.56145418495987
187.43110932892338
190.3338243851888
193.26970375443142
196.238848003447
199.24135399394123
202.2773150187959