38.72580448981607
39.179787415623466
39.65758502524009
40.15889342103252
40.68341321971088
41.230852525542986
41.80092828113692
42.39336888407981
43.008185900981644
43.644324898913254
44.30236562259021
44.98182362650561
45.68250473097044
46.40422603619167
47.14682472938878
47.910155570349495
48.69409075721332
49.49851842875151
50.32334358270937
51.16848878167236
52.03390398197359
52.919531605787284
53.82534738376658
54.751340511241146
55.69751063874904
56.66387437570526
57.65046242348458
58.65731767573813
59.68449680481016
60.732067245255266
61.800113739273485
62.888720396094776
63.99799616802197
65.12805334397572
66.27901203440979
67.45100544641258
68.6441741966163
69.85866772925094
71.09464226084715
72.35226255987033
73.63170086809791
74.9331378141304
76.25675061004652
77.60273686615169
78.9712901643241
80.36261029448711
81.77690380578213
83.21438171407263
84.67522672561111
86.15974383018842
87.66806833301514
89.2004498505986
90.75711968990173
92.3383034048263
93.94423163822341
95.57513536914026
97.23125188096103
98.91283318464575
100.62005722845538
102.3532110737912
104.11252799425415
105.89822883274478
107.71055475338191
109.54973847673372
111.41601444276229
113.30961609505943
115.23077350921669
117.17971667655215
119.15666933040274
121.1618556994643
123.1955175192293
125.25785496730822
127.34908114796308
129.4694190018301
131.6190974869262
133.79829434030088
136.00722234080303
138.2460859880452
140.5150746557809
142.81439323591457
145.14421712774202
147.50473337622094
149.89612201700737
152.3185588339142
154.77221092071355
157.2572445216296
159.7738247288845
162.32210366398158
164.90223440819014
167.51436402567697
170.1586349307096
172.83518491106182
175.54414716372435
178.28565034256926
181.0598186175999
183.86677174535262
186.70662515002763
189.57949001484008
192.48547338308347
195.4246782684929
198.39720377422364
201.4031452200257
204.44259427702104
207.51563910956276