 0.12898394961150E-03
 0.13133760391224E-03
 0.13243509026295E-03
 0.13228112644360E-03
 0.13089593141275E-03
 0.12831378218506E-03
 0.12458161525969E-03
 0.11975767259981E-03
 0.11391019216319E-03
 0.10711614298369E-03
 0.99460004804007E-04
 0.91032592259223E-04
 0.81929923611587E-04
 0.72252134036223E-04
 0.62102433457940E-04
 0.51586108939048E-04
 0.40809571618201E-04
 0.29879448200367E-04
 0.18901716997710E-04
 0.79808885216265E-05
-0.27807693742690E-05
-0.13283961800017E-04
-0.23433052584256E-04
-0.33136705478038E-04
-0.42308480807631E-04
-0.50867387576357E-04
-0.58738391015204E-04
-0.65852875582597E-04
-0.72149063412997E-04
-0.77572388214609E-04
-0.82075824615784E-04
-0.85620172960626E-04
-0.88174299553545E-04
-0.89715332352549E-04
-0.90228812111774E-04
-0.89708798972781E-04
-0.88157934504954E-04
-0.85587459194648E-04
-0.82017185383505E-04
-0.77475425655746E-04
-0.71998876674112E-04
-0.65632458465219E-04
-0.58429109153445E-04
-0.50449535144070E-04
-0.41761916755311E-04
-0.32441569299138E-04
-0.22570559611278E-04
-0.12237278030188E-04
-0.15359658244979E-05
 0.94338019293393E-05
 0.20567678022626E-04
 0.31757149338301E-04
 0.42890187628249E-04
 0.53851944840177E-04
 0.64525492996328E-04
 0.74792608622666E-04
 0.84534601729444E-04
 0.93633189342830E-04
 0.10197141358737E-03
 0.10943460431976E-03
 0.11591138631328E-03
 0.12129473099360E-03
 0.12548305272563E-03
 0.12838134965091E-03
 0.12990238907679E-03
 0.12996793741627E-03
 0.12851003467900E-03
 0.12547231351220E-03
 0.12081136279526E-03
 0.11449813578308E-03
 0.10651940280000E-03
 0.96879248487735E-04
 0.85600613601862E-04
 0.72726881358795E-04
 0.58323508336695E-04
 0.42479699925332E-04
 0.25310130326283E-04
 0.69567071069566E-05
-0.12409619697323E-04
-0.32587003928335E-04
-0.53340805100088E-04
-0.74401645641543E-04
-0.95463423588152E-04
-0.11618128072689E-03
-0.13616952618206E-03
-0.15499951545834E-03
-0.17219748492668E-03
-0.18724234176242E-03
-0.19956340933198E-03
-0.20853812802726E-03
-0.21348971154938E-03
-0.21368475864422E-03
-0.20833082028133E-03
-0.19657392228553E-03
-0.17749604341968E-03
-0.15011254891074E-03
-0.11336957942846E-03
-0.66141395511894E-04
-0.72276774458070E-05
 0.64649219415157E-04
 0.15084705387120E-03
 0.25280653265631E-03
 0.37205418876814E-03
 0.51020530434098E-03
