-0.40843171046630E-03
-0.42541621236157E-03
-0.43532974556287E-03
-0.43739358066314E-03
-0.43095808149285E-03
-0.41551318793369E-03
-0.39069651029197E-03
-0.35629914275088E-03
-0.31226930342039E-03
-0.25871390850400E-03
-0.19589818810130E-03
-0.12424345116514E-03
-0.44323107132661E-04
 0.43142948250988E-04
 0.13729547539713E-03
 0.23714445410738E-03
 0.34157896005771E-03
 0.44937824701382E-03
 0.55922392725862E-03
 0.66971314271335E-03
 0.77937261923253E-03
 0.88667349655465E-03
 0.99004682638908E-03
 0.10878996311194E-02
 0.11786314156073E-02
 0.12606510245727E-02
 0.13323937380371E-02
 0.13923384973054E-02
 0.14390251539740E-02
 0.14710716344374E-02
 0.14871909123830E-02
 0.14862076817497E-02
 0.14670746226322E-02
 0.14288881526147E-02
 0.13709035560106E-02
 0.12925493834933E-02
 0.11934410145966E-02
 0.10733932755661E-02
 0.93243200504494E-03
 0.77080446007009E-03
 0.58898845486535E-03
 0.38770012490725E-03
 0.16790020875051E-03
-0.69201259909477E-04
-0.32214195746133E-03
-0.58920608039242E-03
-0.86842506763546E-03
-0.11575803427443E-02
-0.14542081834295E-02
-0.17556068259718E-02
-0.20588459120367E-02
-0.23607783853895E-02
-0.26580549460545E-02
-0.29471411694293E-02
-0.32243373978564E-02
-0.34858015122075E-02
-0.37275746909502E-02
-0.39456102642640E-02
-0.41358057707052E-02
-0.42940383239145E-02
-0.44162033969352E-02
-0.44982571316343E-02
-0.45362622807220E-02
-0.45264378899346E-02
-0.44652128279054E-02
-0.43492832711293E-02
-0.41756742517421E-02
-0.39418053754198E-02
-0.36455608170700E-02
-0.32853637017781E-02
-0.28602549784873E-02
-0.23699768940286E-02
-0.18150611749198E-02
-0.11969220245229E-02
-0.51795404304459E-03
 0.21836482209713E-03
 0.10073651880148E-02
 0.18430729026642E-02
 0.27180903582655E-02
 0.36234723442609E-02
 0.45485963323051E-02
 0.54810270857641E-02
 0.64063754862161E-02
 0.73081514694835E-02
 0.81676109634627E-02
 0.89635967206425E-02
 0.96723729372923E-02
 0.10267453552200E-01
 0.10719424117320E-01
 0.10995757132624E-01
 0.11060620737924E-01
 0.10874680654041E-01
 0.10394895265627E-01
 0.95743037385735E-02
 0.83618070637015E-02
 0.67019419203011E-02
 0.45346472508472E-02
 0.17950234402721E-02
-0.15869160080845E-02
-0.56865004075718E-02
-0.10584665541478E-01
-0.16368225142194E-01
-0.23130150303750E-01
-0.30969856935376E-01
