-0.31198254231218E-03
-0.35567508876456E-03
-0.39901977270180E-03
-0.44089896533862E-03
-0.48013437321625E-03
-0.51551052916763E-03
-0.54579909242613E-03
-0.56978356334890E-03
-0.58628403981076E-03
-0.59418166390947E-03
-0.59244242920887E-03
-0.58014004033078E-03
-0.55647753829196E-03
-0.52080742656777E-03
-0.47265005444868E-03
-0.41171003584131E-03
-0.33789050325006E-03
-0.25130501826275E-03
-0.15228698144406E-03
-0.41396406131916E-04
 0.80576057789274E-04
 0.21260794247358E-03
 0.35344669381264E-03
 0.50161436541407E-03
 0.65541530244363E-03
 0.81294682132925E-03
 0.97211286973569E-03
 0.11306406296436E-02
 0.12861000047698E-02
 0.14359259119909E-02
 0.15774432748356E-02
 0.17078945955407E-02
 0.18244699605714E-02
 0.19243393129145E-02
 0.20046868028899E-02
 0.20627470076161E-02
 0.20958427876994E-02
 0.21014245281138E-02
 0.20771104886753E-02
 0.20207279679118E-02
 0.19303549625412E-02
 0.18043619832141E-02
 0.16414536655487E-02
 0.14407097939466E-02
 0.12016253340559E-02
 0.92414904817747E-03
 0.60872024633593E-03
 0.25630320413934E-03
-0.13158124305851E-03
-0.55282744166169E-03
-0.10047205307779E-02
-0.14839164776054E-02
-0.19864271142905E-02
-0.25076107744618E-02
-0.30421691495258E-02
-0.35841510061900E-02
-0.41269634284335E-02
-0.46633912685959E-02
-0.51856255139193E-02
-0.56853012964247E-02
-0.61535462956096E-02
-0.65810403050311E-02
-0.69580867554412E-02
-0.72746970086513E-02
-0.75206882580433E-02
-0.76857958930553E-02
-0.77598012066542E-02
-0.77326753462950E-02
-0.75947404308108E-02
-0.73368487765847E-02
-0.69505811984944E-02
-0.64284653728057E-02
-0.57642152700912E-02
-0.49529926884027E-02
-0.39916919386491E-02
-0.28792487550533E-02
-0.16169745256242E-02
-0.20891695932297E-03
 0.13377516724510E-02
 0.30123175601641E-02
 0.48000784652213E-02
 0.66818657108850E-02
 0.86335338307309E-02
 0.10625416629268E-01
 0.12621748385814E-01
 0.14580048914253E-01
 0.16450471166520E-01
 0.18175110048449E-01
 0.19687271093787E-01
 0.20910697620844E-01
 0.21758754974816E-01
 0.22133570437666E-01
 0.21925127364098E-01
 0.21010312083156E-01
 0.19251912081914E-01
 0.16497563964956E-01
 0.12578649664906E-01
 0.73091393546544E-02
 0.48437949223329E-03
-0.81201755934732E-02
-0.18750290188468E-01
-0.31674333385940E-01
-0.47184726641256E-01
-0.65599454365207E-01
