0.
0.
0.
0.
0.
0.
0.
0.
5.9578338411851955e-12
3.971889227456797e-12
0.
3.971889227456797e-12
0.
0.
1.9859446137283985e-12
0.
3.971889227456797e-12
5.9578338411851955e-12
5.9578338411851955e-12
5.9578338411851955e-12
3.971889227456797e-12
3.971889227456797e-12
5.9578338411851955e-12
5.9578338411851955e-12
3.971889227456797e-12
5.9578338411851955e-12
7.943778454913594e-12
5.9578338411851955e-12
6.08195537954322e-12
4.344253842530871e-12
7.074927686407419e-12
8.936750761777794e-12
1.3529247681024715e-11
2.4576064594888932e-11
4.542848303903712e-11
1.0091081068507425e-10
2.137372890525189e-10
4.347977488681612e-10
8.62272326973199e-10
1.6535471340056078e-9
3.0865302943490054e-9
5.613644815318392e-9
9.943376437861374e-9
1.7186612930282276e-8
2.904928071577379e-8
4.805663249222994e-8
7.792275705193788e-8
1.2399046601351884e-7
1.9382968375835198e-7
2.980083663053163e-7
4.510189444730948e-7
6.725328202683591e-7
9.888872187937598e-7
1.4348891706864233e-6
2.056054416426852e-6
2.9112603800997905e-6
4.075901835385438e-6
5.645565647824079e-6
7.740381607100144e-6
0.000010510054190085707
0.000014139567683229573
0.00001885576350699641
0.000024934837405026647
0.00003271063684485418
0.00004258409189651233
0.000055033671851532835
0.00007062694391708391
0.0000900333337789642
0.00011403806792576344
0.0001435575196635005
0.00017965569940672343
0.00022356227737412206
0.00027669191080150894
0.00034066505490366964
0.00041733018993884405
0.000508787590235079
0.0006174145497828337
0.000745892159470935
0.0008972335895444301
0.0010748139544879305
0.0012824015772551795
0.0015241910355115469
0.0018048374284877302
0.0021294924443404934
0.0025038417728667573
0.0029341440502498417
0.003427271310268813
0.003990750854465265
0.004632808642302454
0.005362414018858128
0.006189325894987611
0.007124140332046196
0.008178339465510593
0.00936434176017622
0.010695553645337776
0.012186422430159348
0.013852490524182498
0.015710450954780308
0.01777820416306326
0.020074916056888065
0.02262107732307951
0.025438564084509136
0.028550699664213957
0.03198231781141864
0.03575982710609167
0.03991127664108459
0.044466423150783516
0.0494567993339341
0.05491578366431131
0.060878671529117294
0.06738274791306482
0.07446736144643226
0.0821740000959912
0.09054636843227774
0.09963046646973178
0.10947467034619345
0.12012981471204957
0.13164927699584966
0.1440890636577281
0.15750789840903598