0.
0.
0.
0.
0.
0.
0.
0.
0.
0.
0.
0.
0.
0.
0.
0.
3.971889227456797e-12
1.9859446137283985e-12
5.9578338411851955e-12
5.9578338411851955e-12
3.971889227456797e-12
1.9859446137283985e-12
0.
1.9859446137283985e-12
1.9859446137283985e-12
3.971889227456797e-12
3.971889227456797e-12
3.971889227456797e-12
6.08195537954322e-12
4.468375380888897e-12
3.2271599973086477e-12
7.447292301481495e-12
1.489458460296299e-11
2.1721269212654357e-11
5.237928918708651e-11
1.1580539528803724e-10
2.402992982611362e-10
4.927625072813589e-10
9.724922530351251e-10
1.8619471969087317e-9
3.459391395576512e-9
6.2680135655418995e-9
1.105414008462734e-8
1.9035527365663416e-8
3.2047064110196806e-8
5.2826002603637044e-8
8.534807984113001e-8
1.3536608088249345e-7
2.109490228148442e-7
3.23364038282632e-7
4.880051769591724e-7
7.257288291778413e-7
1.0643713599815777e-6
1.5406518923059128e-6
2.2024818364431976e-6
3.1116946950357115e-6
4.347311204263706e-6
6.009361284254531e-6
8.223315798609699e-6
0.000011145245790268283
0.000014967741589428132
0.000019926591421160294
0.000026308433622370344
0.00003445931382889584
0.00004479423786558452
0.00005780784868102387
0.00007408620846044823
0.00009431972712517408
0.00011931743010343446
0.0001500223888717844
0.00018752862184024996
0.00023309917339911935
0.0002881858467611111
0.00035445013333517176
0.00043378578224228213
0.0005283427501868907
0.0006405527143908802
0.0007731560521476316
0.0009292304235298765
0.0011122207811228775
0.0013259710057497594
0.0015747570235874024
0.001863321434710307
0.0021969096808656555
0.0025813077535966652
0.0030228812775084666
0.003528616206245125
0.004106160865061238
0.0047638694773906405
0.005510847116454492
0.0063569960444240445
0.0073130633791873845
0.008390690248340441
0.009602462132758827
0.010961960633967838
0.012483816542926787
0.01418376411179929
0.016078696735495973
0.01818672381162708
0.020527228890077853
0.023120929108979543
0.025989935840368922
0.029157816657369832
0.032649658544079564
0.036492132367398906
0.04071355869322261
0.045343974877730384
0.050415203560134195
0.05596092243300854
0.0620167355399363
0.06862024588983583
0.07581112970509983
0.08363121205542717
0.09212454424425073
0.10133748270460732
0.11131876972207666
0.12211961589964197
0.13379378450075777
0.14639767775664086
0.1599904251542931