0.
0.
0.
0.
0.
0.
0.
0.
0.
0.
0.
0.
0.
0.
0.
0.
3.971889227456797e-12
3.971889227456797e-12
5.9578338411851955e-12
5.9578338411851955e-12
3.971889227456797e-12
3.971889227456797e-12
5.9578338411851955e-12
5.9578338411851955e-12
1.9859446137283985e-12
3.971889227456797e-12
3.971889227456797e-12
3.971889227456797e-12
6.08195537954322e-12
4.344253842530871e-12
3.1030384589506225e-12
9.184993838493843e-12
1.4273976911172864e-11
2.4203699979814856e-11
4.8903886113061813e-11
1.0848222452491376e-10
2.252805921198152e-10
4.63345702690507e-10
9.166375607740139e-10
1.759050441609929e-9
3.275319154191561e-9
5.94753175350148e-9
1.0509991260465758e-8
1.8133536146415647e-8
3.058242995757211e-8
5.0498475516347356e-8
8.173552246721969e-8
1.298220682501939e-7
2.026128961771809e-7
3.1101940656369625e-7
4.700110293003329e-7
6.998571839655714e-7
1.0276708552768002e-6
1.4892357862564846e-6
2.1313282957286915e-6
3.0143160109676915e-6
4.2154758846613454e-6
5.832683335274182e-6
7.988821912940645e-6
0.000010836885439420832
0.00001456576703664952
0.000019406928052870603
0.000025641949368787706
0.000033610965952581795
0.0000437221756868432
0.00005646238945108902
0.0000724087012770426
0.00009224139165139659
0.00011675795300140437
0.00014688854319877022
0.00018371264738671544
0.00022847718321641395
0.00028261596298008543
0.000347770642347753
0.0004258130706844126
0.0005188691670691513
0.0006293443208991215
0.0007599502308139018
0.0009137333692396452
0.0010941049182699438
0.001304872246763835
0.0015502719049537345
0.0018350042359846518
0.002164269327966018
0.0025438047008702557
0.0029799242651806315
0.0034795588915125545
0.004050298428857349
0.0047004350899006505
0.005439008359187955
0.006275851216109628
0.007221637776595089
0.008287932332291408
0.009487239647093072
0.01083305670179775
0.012339925587506895
0.014023487888112434
0.015900540169326974
0.017989090874259293
0.02030841837915384
0.0228791304274999
0.025723224718843488
0.028864150829547387
0.032326873397108526
0.036137936566419
0.040325529763631046
0.04491955476125844
0.04995169413455615
0.05545548101981086
0.061466370360724595
0.06802181153664341
0.07516132250593775
0.08292656551281766
0.0913614243477773
0.10051208327176461
0.11042710771541299
0.12115752665838225
0.13275691700482203
0.1452814897780847
0.15879017848955096