0.
0.
0.
0.
0.
0.
0.
0.
0.
0.
0.
0.
0.
0.
0.
0.
3.971889227456797e-12
3.971889227456797e-12
5.9578338411851955e-12
5.9578338411851955e-12
3.971889227456797e-12
3.971889227456797e-12
5.9578338411851955e-12
5.9578338411851955e-12
1.9859446137283985e-12
5.9578338411851955e-12
7.943778454913594e-12
3.971889227456797e-12
6.08195537954322e-12
4.344253842530871e-12
2.9789169205925978e-12
8.564386146703719e-12
1.290863998923459e-11
2.097653998250621e-11
4.195307996501242e-11
9.37117614603088e-11
1.968567598358275e-10
4.0351912120193895e-10
8.02445745484631e-10
1.5484161910163606e-9
2.901837445272264e-9
5.285467467899775e-9
9.391532078321597e-9
1.6274940231042582e-8
2.756987610008449e-8
4.5706391163420735e-8
7.424962836730886e-8
1.1837371815974149e-7
1.853686908531005e-7
2.8545868580501314e-7
4.3269972250529555e-7
6.461749909903406e-7
9.514622166695866e-7
1.3824123219701875e-6
1.983348115267487e-6
2.8116947986474403e-6
3.9409855709579545e-6
5.464623999879594e-6
7.500062573514408e-6
0.00001019380231595099
0.000013727028401592079
0.000018322124177609142
0.000024250006126251622
0.0000318384298299508
0.00004148126892516282
0.00005364887825784925
0.0000688995490602522
0.00008789213782093604
0.00011139997025539276
0.0001403259567028617
0.0001757190848998603
0.00021879220461068632
0.0002709413231894063
0.00033376625965208145
0.00040909272080945846
0.0004989960052536357
0.0006058260328386381
0.0007322340531530408
0.000881200813413641
0.001056066207501447
0.0012605605902122265
0.0014988375009071216
0.0017755080392209408
0.0020956766229879007
0.0024649784352132635
0.0028896181816442964
0.00337641048860736
0.0039328216931162965
0.004567013073659506
0.005287885560639892
0.006105125819971372
0.007029253721871773
0.008071671236308673
0.009244712600318658
0.010561695892864813
0.012036975891621473
0.013685998230428566
0.015525354853691914
0.017572840796525685
0.019847512123445273
0.022369745326729498
0.025161297747171886
0.02824536950464635
0.03164666655333815
0.0353914650778598
0.03950767719438086
0.044024917972410864
0.04897457377040878
0.054389872022124926
0.060305952349802246
0.06675993915578914
0.07379101572284959
0.08144049985333221
0.08975192103826128
0.098771099394415
0.10854622617998153
0.1191279462419184
0.13056944222769973
0.1429265207583078
0.1562577006761644