0.
0.
0.
0.
0.
0.
0.
3.971889227456797e-12
3.971889227456797e-12
4.344253842530871e-12
1.141918152893829e-11
5.83371230282717e-11
3.917275750579266e-10
2.1203682397701395e-9
9.34535886605241e-9
3.4589693823460946e-8
1.1081794363373508e-7
3.1459435511148413e-7
8.062439886799249e-7
1.8934588007024518e-6
4.124756693490848e-6
8.418373044382412e-6
0.000016230707907268702
0.000029766412266597264
0.00005223048322603061
0.00008812024664642888
0.00014355384132171126
0.00022663007698360362
0.0003478138241068262
0.0005203404068459259
0.0007606326075892557
0.0010887238367538869
0.001528681845860494
0.0021090277896500757
0.002863146665601528
0.0038296855288430273
0.005052937302262398
0.0065832085725807225
0.008477170560261977
0.010798193153907593
0.013616662695031595
0.017010284044952972
0.021064368644820673
0.025872109562612416
0.031534845338288785
0.038162314014160766
0.045872898621103005
0.05479386540762892
0.06506159557443043
0.07682181101620578
0.09022979433291986
0.10545060266974192
0.1226592748960007
0.14204103085724173
0.1637914614740658
0.18811670773916503
0.21523362672429458
0.24536994221193767
0.2787643777370865
0.3156667696129357
0.35633815742206204
0.40105085000142043
0.4500884645426143
0.5037459372565424
0.5623295038858206
0.6261566488675789
0.695556022347042
0.7708673242360968
0.8524411551726175
0.9406388340759544
1.0358321825135635
1.1384032757144422
1.2487441603387213
1.3672565388063058
1.4943514195462122
1.6304487321798324
1.7759769060624018
1.9313724096514628
2.0970792475894786
2.2735484111732216
2.46123727716738
2.6606089488187346
2.872131532326514
3.0962773414635105
3.3335220230875855
3.5843435969257826
3.849221404314918
4.1286349630865535
4.423062729425235
4.732980771998743
5.0588613698876514
5.401171552345324
5.7603716060164745
6.136913582169499
6.531239843029208
6.943781690728823
7.374958124255114
7.825174768561525
8.294823014918537
8.784279403317907
9.293905266514193
9.82404664229751
10.375034447322642
10.947184893079045
11.540800114359524
12.156168972828784
12.793567994175055
13.453262396151327
14.13550716675945
14.840548155674394
15.568623147547667
16.319962891944606
17.094792070956053
17.893330191418862
18.71579239405091
19.562390176016336
20.433332027181837
21.328823982873075
22.249070097892368
23.19427284782594