0.
0.
0.
0.
0.
0.
0.
3.971889227456797e-12
3.971889227456797e-12
4.5924969192469216e-12
1.5266949218037063e-11
9.333939684523473e-11
6.114226979516307e-10
3.245033498832203e-9
1.3902232903790579e-8
5.020952057504988e-8
1.57364761733378e-7
4.3811576583154797e-7
1.1034078320382532e-6
2.551010027169459e-6
5.47886074032926e-6
0.000011038681988240232
0.00002103343543386645
0.00003816014917156022
0.00006629702536750416
0.0001108318935293096
0.00017902712460162918
0.0002804148181808534
0.00042721553633036304
0.0006347731488679463
0.0009219988007174351
0.0013118174796065691
0.0018316112599141847
0.0025136541453510803
0.0033955348558399817
0.004520564338013054
0.005938166176726287
0.007704248943538769
0.009881560014218653
0.012540021511009886
0.015757049167637094
0.01961785553426834
0.02421573906265991
0.029652360688290292
0.03603800983510493
0.043491861103077664
0.05214222306635898
0.06212678038239041
0.07359282951645525
0.08669750860235545
0.10160802109825283
0.11850185248698744
0.1375669790836315
0.15900206717521667
0.18301666077739928
0.20983135561562047
0.23967795701204736
0.27279961895717836
0.3094509617485135
0.34989816557211234
0.3944190374418364
0.44330304929696535
0.4968513450123339
0.5553767147467537
0.6192035351181693
0.6886676741279257
0.7641163601864799
0.8459080146604118
0.9344120478709815
1.030008618285188
1.1330883550647837
1.2440520436249614
1.3633102739794183
1.4912830510129993
1.628399365431644
1.7750967233690633
1.9318206317576168
2.0990240357939847
2.2771667035521537
2.4667145520934506
2.6681389083493436
2.881915697401584
3.108524550670194
3.3484478266471576
3.6021695380826837
3.8701741815442983
4.152945468589879
4.4509649623044725
4.764710628943811
5.0946553213706895
5.441265218683634
5.804998254603515
6.1863025742920525
6.58561506525116
7.003360010827907
7.4399479150586165
7.895774542945236
8.371220212744735
8.866649364961786
9.382410419185481
9.918835915061504
10.476242919479395
11.054933669800043
11.65519641392502
12.277306402296523
12.921526985100243
13.588110769457673
14.277300795286028
14.989331694450934
15.724430804589792
16.482819215916457
17.264712736073452
18.070322764004803
18.899857068792883
19.753520473491506
20.631515446956907
21.5340426089246
22.461301154918473
23.413489208465286
24.390804108408457