0.
0.
0.
0.
0.
0.
5.9578338411851955e-12
3.971889227456797e-12
4.096010765814822e-12
6.08195537954322e-12
3.3264572279950676e-11
2.426576074899387e-10
1.5212335741159532e-9
7.526233599877197e-9
3.05118048022464e-8
1.0489238139252297e-7
3.1484594946973584e-7
8.434439584550552e-7
2.052263372280783e-6
4.599754553837792e-6
9.605545413675424e-6
0.000018865450324214486
0.0000351190649855087
0.00006236917185530448
0.00010624892740650703
0.00017443117151814667
0.0002770719704554751
0.0004272801881366553
0.0006416039072706482
0.000940525477810866
0.0013489571178737926
0.001896730260297408
0.0026190731417868917
0.003557072136483054
0.004758113826985109
0.006276306086917801
0.008172877276899417
0.010516553866324628
0.013383917395986102
0.016859742274096423
0.02103731636832006
0.026018746456467096
0.03191525072895223
0.038847440306497616
0.046945591606975284
0.05634991107778198
0.06721079308378002
0.07968907158072099
0.09395626542992293
0.11019481666942278
0.12859832055947013
0.14937174556337793
0.17273164105722139
0.1989063300668799
0.22813608406455163
0.260673276664855
0.2967825127878116
0.3367407301851755
0.38083727001569173
0.42937391355702037
0.4826648824927052
0.5410368003901858
0.6048286135226747
0.6743914696238881
0.7500885534642435
0.8322948784702845
0.9213970339988294
1.0177928878484275
1.1218912437015371
1.234111453020059
1.3548829805746474
1.4846449222034892
1.6238454728051728
1.772941341619374
1.9323971107507334
2.102684531960764
2.284281755390389
2.477672483139549
2.6833450395850877
2.901791350270714
3.133505821548386
3.3789841144377397
3.638721808826737
3.9132129581396593
4.20294854024507
4.508414817470203
4.830091627311339
5.168450634741109
5.523953586506453
5.897050616439788
6.2881786569245035
6.697760014464891
7.126201165740488
7.573891823708918
8.041204312069457
8.528493270910177
9.036095698785633
9.56433131830892
10.113503235760952
10.68389885179775
11.275790971422063
11.889439056839993
12.525090567152294
13.18298233268054
13.863341918361192
14.566388938809178
15.29233629652521
16.041391323165268
16.81375681157433
17.609631932749004
18.429213037236558
19.272694344400076
20.14026852582145
21.032127190987854
21.94846128437875
22.889461403578615
23.855318047939274
24.846221807025206
25.862363497445497
26.90393425612683