 0.00000000000000E+00
 0.00000000000000E+00
 0.00000000000000E+00
 0.00000000000000E+00
 0.00000000000000E+00
 0.00000000000000E+00
 0.00000000000000E+00
 0.00000000000000E+00
 0.00000000000000E+00
 0.00000000000000E+00
 0.00000000000000E+00
 0.00000000000000E+00
 0.49155685339607E-15
-0.19979976867661E-14
-0.71883231078947E-15
-0.14020136464648E-14
 0.71046728091966E-15
-0.12429856772415E-14
-0.39603190570742E-14
 0.31534887441517E-14
 0.58830933074732E-15
 0.60862538658752E-15
-0.21763540334824E-14
 0.21631264180309E-14
 0.48436936521822E-14
-0.81012603485694E-14
-0.90522199411285E-14
-0.30846775618770E-13
-0.70162513115035E-13
-0.13838026549248E-12
-0.21014635177070E-12
-0.36712496074347E-12
-0.58868332328984E-12
-0.88730524117513E-12
-0.13481296504217E-11
-0.19289973553775E-11
-0.28232710164381E-11
-0.39399809397554E-11
-0.54172558881143E-11
-0.73228936699600E-11
-0.97898351102112E-11
-0.12858883979139E-10
-0.16663061710531E-10
-0.21371167367454E-10
-0.27005679616728E-10
-0.33840163238408E-10
-0.41928901432612E-10
-0.51488912403544E-10
-0.62605083042386E-10
-0.75570534937156E-10
-0.90549904959311E-10
-0.10758335340360E-09
-0.12705714820709E-09
-0.14905857281622E-09
-0.17381292464666E-09
-0.20155527686405E-09
-0.23247858505350E-09
-0.26681232155682E-09
-0.30471427073770E-09
-0.34649728443660E-09
-0.39242334581097E-09
-0.44254377866116E-09
-0.49739324492154E-09
-0.55693858738697E-09
-0.62168051659693E-09
-0.69172035976333E-09
-0.76747897170122E-09
-0.84912550267494E-09
-0.93705918998099E-09
-0.10316506258424E-08
-0.11330622712575E-08
-0.12418469332202E-08
-0.13582305310449E-08
-0.14825999462012E-08
-0.16155089981911E-08
-0.17571877289437E-08
-0.19081338440887E-08
-0.20687311827198E-08
-0.22393826283167E-08
-0.24206687123471E-08
-0.26128675217696E-08
-0.28164723760596E-08
-0.30319055847261E-08
-0.32597291135602E-08
-0.35000338833331E-08
-0.37535266977321E-08
-0.40204964548751E-08
-0.43011334223551E-08
-0.45958657152288E-08
-0.49048904522526E-08
-0.52284603375055E-08
-0.55669315138541E-08
-0.59204559192665E-08
-0.62888700181584E-08
-0.66725468956408E-08
-0.70713178870723E-08
-0.74853286810319E-08
-0.79143215006459E-08
-0.83584005651670E-08
-0.88172161683293E-08
-0.92907934586514E-08
-0.97788153180571E-08
-0.10280947669688E-07
-0.10741279364960E-07
-0.11326478576758E-07
-0.11869173582312E-07
-0.12424451270773E-07
-0.12992006288577E-07
-0.13571103244963E-07
-0.14161325477795E-07
-0.14761731548006E-07
-0.15371538347121E-07
-0.15989771506048E-07
-0.16615299513996E-07
-0.17246794298032E-07
-0.17882660865185E-07
-0.18520724465738E-07
-0.19158767957906E-07
-0.19793798013845E-07
-0.20422337284061E-07
