-0.99764336393077E-04
-0.84187143046624E-04
-0.71711937823036E-04
-0.61602857518037E-04
-0.53323758989117E-04
-0.46477937593217E-04
-0.40767966059307E-04
-0.35966731953404E-04
-0.31900637628161E-04
-0.28433602527077E-04
-0.25458988158036E-04
-0.22891982679856E-04
-0.20665161612250E-04
-0.18723585250580E-04
-0.17022924765994E-04
-0.15526773385070E-04
-0.14205186046060E-04
-0.13033299668272E-04
-0.11990391001257E-04
-0.11059096726583E-04
-0.10224801899270E-04
-0.94751357549823E-05
-0.87995341908357E-05
-0.81890340428392E-05
-0.76359261431535E-05
-0.71335640489581E-05
-0.66762253144120E-05
-0.62589053993001E-05
-0.58773166303340E-05
-0.55276528059628E-05
-0.52066356495513E-05
-0.49113546738226E-05
-0.46392476498946E-05
-0.43880609598584E-05
-0.41558052126578E-05
-0.39407019846876E-05
-0.37411830180858E-05
-0.35558346624568E-05
-0.33834287088587E-05
-0.32227752301984E-05
-0.30729541747995E-05
-0.29323089615610E-05
-0.28021316475990E-05
-0.26795587184336E-05
-0.25647055901700E-05
-0.24569139361233E-05
-0.23556269401985E-05
-0.22604013733095E-05
-0.21707056359082E-05
-0.20861875729519E-05
-0.20064447222756E-05
-0.19311864916578E-05
-0.18600196707123E-05
-0.17927430043000E-05
-0.17290285310912E-05
-0.16686562060478E-05
-0.16114028829147E-05
-0.15570636240693E-05
-0.15054491583427E-05
-0.14563859193010E-05
-0.14097131427926E-05
-0.13652804027432E-05
-0.13229500946233E-05
-0.12825977131566E-05
-0.12441009308030E-05
-0.12073526227969E-05
-0.11722485363443E-05
-0.11386949072046E-05
-0.11066023073964E-05
-0.10758893908386E-05
-0.10464864079853E-05
-0.10182967439386E-05
-0.99128062453317E-06
-0.96536763695573E-06
-0.94048983540161E-06
-0.91660277041935E-06
-0.89364958626806E-06
-0.87158650314211E-06
-0.85036458065964E-06
-0.82994191885454E-06
-0.81028073104504E-06
-0.79134038966471E-06
-0.77308785629276E-06
-0.75548878075562E-06
-0.73851250354709E-06
-0.72212946010300E-06
-0.70631189443823E-06
-0.69103345383754E-06
-0.67626961090932E-06
-0.66199719237254E-06
-0.64819312771836E-06
-0.63483751902934E-06
-0.62191048704192E-06
-0.60939321661661E-06
-0.59726812357961E-06
-0.58551843556078E-06
-0.57412829227896E-06
-0.56308266252203E-06
-0.55236728692475E-06
-0.54196863519436E-06
-0.53187386314934E-06
-0.52207077257847E-06
-0.51254777372303E-06
-0.50329385018591E-06
