 0.33752397605531E-07
 0.30386194706462E-07
 0.31991680706129E-07
 0.31674013546768E-07
 0.31099376111511E-07
 0.30313245335238E-07
 0.27652663316897E-07
 0.17981829691623E-07
 0.26088617574094E-07
 0.28279538772428E-07
 0.20976572592071E-07
 0.22282351957598E-07
 0.25967510170606E-07
 0.21491834217337E-07
 0.20314968920173E-07
 0.18804748183002E-07
 0.19099789640478E-07
 0.17185948623090E-07
 0.16034585716792E-07
 0.16435615314583E-07
 0.15232834143319E-07
 0.13547773622918E-07
 0.93371956028391E-08
 0.13290335819150E-07
 0.12412627265333E-07
 0.12259870281346E-07
 0.82224851269291E-08
 0.10567764041139E-07
 0.11576997557076E-07
 0.90696574993360E-08
 0.81401086870918E-08
 0.90246339068750E-08
 0.80251862885262E-08
 0.72893569274310E-08
 0.73817066637551E-08
 0.67818519691539E-08
 0.50927500445393E-08
 0.58313906269727E-08
-0.56974768030259E-08
 0.97933765948828E-08
 0.68147428140339E-08
 0.63998706235309E-06
 0.25415945346796E-08
-0.60957011355375E-08
 0.45898700038228E-08
 0.42129369746009E-08
 0.40075238643038E-08
-0.10245271492876E-08
-0.35995711696062E-07
 0.49180202124418E-08
 0.28556036123785E-07
-0.15560079971791E-07
-0.14504914063713E-07
 0.22626839035749E-08
 0.62208143241165E-09
 0.12404869266775E-08
 0.11878928096916E-08
 0.14161619891861E-08
 0.13057544986265E-08
 0.20293567168022E-08
 0.19062038701857E-08
 0.78909453943969E-09
 0.25443105497504E-08
 0.59941639869014E-09
 0.12373765783503E-08
 0.13476467756305E-08
 0.91363260563392E-09
 0.95765768980000E-09
-0.32659122068286E-09
 0.85877308086365E-09
-0.68954726960168E-08
 0.10498274688099E-08
 0.74926728475713E-09
-0.16407636484715E-07
 0.22380346959728E-09
-0.92173614138197E-09
-0.14496253092729E-08
 0.12301518966401E-09
-0.49601611193342E-10
-0.34449438604061E-08
 0.59017870488641E-09
-0.90322002148988E-10
-0.24185789635308E-08
-0.12096713115165E-08
-0.19175859173491E-08
-0.30815682179746E-09
-0.12505509748185E-08
-0.10387762759701E-08
-0.10995729518234E-08
-0.20979696633699E-09
-0.67017069022676E-09
-0.14471453298601E-08
-0.13052526813271E-08
-0.15755564453002E-08
-0.16883194213950E-08
-0.17695513412030E-08
-0.18732435934389E-08
-0.19782284148275E-08
-0.20845092261818E-08
-0.21920985803574E-08
-0.23010137452845E-08
-0.24112836755939E-08
-0.25229453197264E-08
-0.26360461813415E-08
