 0.76020344435672E-05
 0.67715110610896E-05
 0.60688646395487E-05
 0.54687312137258E-05
 0.49521223189650E-05
 0.45043423231915E-05
 0.41138564932318E-05
 0.37713106830687E-05
 0.34691010743540E-05
 0.32006407424584E-05
 0.29612264754545E-05
 0.27486962905077E-05
 0.25566349739018E-05
 0.23843262806775E-05
 0.22275915679468E-05
 0.20859255088181E-05
 0.19570945597879E-05
 0.18395493908872E-05
 0.17321977276669E-05
 0.16336563042903E-05
 0.15431980503222E-05
 0.14598991681549E-05
 0.13830711446310E-05
 0.13120429911748E-05
 0.12462031429963E-05
 0.11851221743316E-05
 0.11285475209651E-05
 0.10758542089861E-05
 0.10265895272038E-05
 0.98101353212448E-06
 0.93763214991546E-06
 0.89762497482548E-06
 0.85994569209316E-06
 0.82461130146187E-06
 0.79142267295804E-06
 0.76019805790748E-06
 0.73072402231271E-06
 0.70305877227251E-06
 0.67690047928003E-06
 0.65212071050815E-06
 0.62888900066458E-06
 0.60660652155709E-06
 0.58542596233271E-06
 0.56598115113759E-06
 0.54714986330395E-06
 0.52920292267644E-06
 0.51222357209759E-06
 0.49594429982574E-06
 0.48061161273704E-06
 0.46617736891571E-06
 0.45214139822962E-06
 0.43856822598958E-06
 0.42585809172752E-06
 0.41387000740661E-06
 0.40204981913426E-06
 0.39091871061660E-06
 0.38025619398213E-06
 0.37004455130683E-06
 0.36026125787612E-06
 0.35087316037629E-06
 0.34186276934209E-06
 0.33319954491894E-06
 0.32489990736944E-06
 0.31689588910437E-06
 0.30922815411257E-06
 0.30183186228956E-06
 0.29470699583022E-06
 0.28759382734778E-06
 0.28122332309447E-06
 0.27484601964401E-06
 0.26868684805889E-06
 0.26274439651442E-06
 0.25699087481644E-06
 0.25142440430632E-06
 0.24606287263854E-06
 0.24088483070936E-06
 0.23586589475573E-06
 0.23099681202554E-06
 0.22628368649427E-06
 0.22171120164983E-06
 0.21728531691229E-06
 0.21298172364894E-06
 0.20880832203653E-06
 0.20476225573221E-06
 0.20082961874704E-06
 0.19700650599838E-06
 0.19329315663322E-06
 0.18968408837934E-06
 0.18616530467664E-06
 0.18274633926886E-06
 0.17941391990498E-06
 0.17617447258588E-06
 0.17301600542168E-06
 0.16993748462145E-06
 0.16693645917802E-06
 0.16401046535662E-06
 0.16115665994225E-06
 0.15837200718018E-06
 0.15565423643823E-06
 0.15300100530823E-06
 0.15041008420084E-06
 0.14787934985471E-06
 0.14540677915456E-06
 0.14299044331596E-06
