46.799054818792484
47.26704246369856
47.75979348886182
48.27701404913295
48.818412506080996
49.383701262642376
49.97260198458929
50.58484434726837
51.22017125421365
51.87833851937621
52.55911560943449
53.26228971495736
53.9876557891371
54.7350394010101
55.504273828112986
56.29521159699594
57.107723783885596
57.94169129872179
58.79703904895722
59.67366946861686
60.5715294237862
61.49057584679485
62.430776327564274
63.39212086120167
64.37460998172493
65.37826098732307
66.40310399756305
67.44918359304039
68.51655540542218
69.60528836938352
70.71546622024417
71.84718114467434
73.0005323617831
74.1756359168295
75.37261271408191
76.59159701661765
77.83272442840371
79.09615517502779
80.38203684216903
81.69052347656525
83.02182094483625
84.37607264218893
85.7534760464702
87.15421685393173
88.57849141016612
90.02649847508317
91.49844174285987
92.99452897697844
94.51497196186114
96.05998585112616
97.62978826477514
99.22459788166755
100.84464344950885
102.49014489154021
104.1613285343823
105.85842311112518
107.58165962021101
109.33126322998137
111.10746746457052
112.91050472897486
114.74059834432819
116.59798127111024
118.48287961857187
120.39552571066231
122.33611635041441
124.30494778275931
126.30217516226027
128.32803908597396
130.3827527782663
132.46654941645045
134.57962251523392
136.72219011741254
138.89445195664783
141.09664835292017
143.3288891103145
145.5914552342165
147.88450675236786
150.20823403437805
152.56281956654507
154.94844174566717
157.36527325854013
159.81348802505693
162.2932475817975
164.80471478635968
167.34803798920953
169.92338471857255
172.53088511278736
175.17068851302457
177.84292735762006
180.54773891537923
183.2852461189977
186.05557301186832
188.8588376048683
191.69515337509407
194.5646293472609
197.46737018569775
200.40347629637475
203.37304393842678
206.37616534452295
209.4129288495075
212.48341902681574
215.5877168318839
218.72589975210585
221.89804196268906