0.45185724632079286937678
0.31258155116269019255124
0.19393399043409364751552
0.09578414787985714148307
0.01800601996728019223131
-0.03952198411389207189836
-0.07691704245146891200055
-0.09429192041081397860592
-0.09175497063484531168111
-0.06941013304403534062882
-0.02735693483641088428774
0.03430950951244684906738
0.11549849824940226172581
0.21612374234376536654078
0.33610336548729178692948
0.47535990409418275687311
0.63382030730108512091684
0.8114159369670913341698
1.00808256767373946230512
1.22376038672501318155991
1.45839399414734177873522
1.71193240268960015119614
1.98432903782310880687168
2.27554173774163386425487
2.5855327533613870524027
2.91426874832102571093614
3.26172079898165279004014
3.62786439442681685046362
4.01267943646251206351949
4.41615023961717821108465
4.83826553114170068559994
5.27901845100941049007022
5.7384065519160842380643
6.21643179927994415371498
6.71310057124165807171905
7.22842365866433943733724
7.76241626513354730639431
8.31509800695728634527896
8.88649291316600683094388
9.47662942551260465090575
10.0855403984724213032452
10.71326309924324389660687
11.35983920774530515019936
12.02531481662128339379526
12.70974043123630256773112
13.41317096967793222290749
14.13566576275618752078888
14.8772885540035292334038
15.6381074996748637433447
16.4181951687475430437681
17.2176285429213647383943
18.0364890166185720415079
18.8748623969838537779571
19.7328389038843443831544
20.6105131699096239030761
21.5079842403717179942625
22.4253555733050979238179
23.3627350394666805694106
24.3202349223358284192729
25.297971918114349572201
26.2960671357264977375552
27.3146460968189722352595
28.3538387357609179958023
29.4137793996439255602356
30.4946068482820310801755
31.5964642542117163178023
32.7194992026919086458599
33.8638636917039810476565
35.029714131951752117064
36.2172113468614860585186
37.4265205725818926870201
38.6578114579841274281327
39.9112580646617913179842
41.1870388669309310032666
42.4853367518300387412358
43.8063390191200523997116
45.1502373812843554570781
46.5172279635287770022829
47.907511303781591734838
49.3212923526935199648192
50.7587804736377276128662
52.2201894427098262101828
53.7057374487278728985367
55.2156470932323704302597
56.7501453904862671682475
58.3094637674749570859597
59.89383806390627976742
61.5035085322105204072161
63.1387198375404098104995
64.7997210577711243929858
66.4867656835002861809547
68.2001116180479628112496
69.9400211774566675312781
71.7067610904913591990118
73.500602498639442282986
75.3218209561107668623002
77.1706964298376286266179
79.0475132994747688761665
80.9525603573993745217375
82.8861308087110780846861
84.8485222712319576969317
86.8400367755065371009577
88.8609807648017856498114
90.9116650951071183071041