0.36300617917838602531438
0.23835538792923641823244
0.13684524343882399740222
0.05822986845157874094804
0.00227007504565542560942
-0.03126663536706637325889
-0.04260607204098228168693
-0.03196735489676312708955
0.00043708547864506173365
0.05440150783202105459827
0.12972686024386841993511
0.22622078012841552479019
0.34369759423361553482477
0.48197831864114641431529
0.64089065876641092615341
0.82026900935853663184601
1.0199544545003758915152
1.23979476760850586389827
1.47964441143322850634774
1.73936453805857057483136
2.01882298890228362393207
2.31789429471584400684802
2.63645967558445287539261
2.97440704092703617999441
3.33163098949624466969723
3.70803280937845389216008
4.1035204779937641936572
4.51800866209600071907804
4.95141871777271341192724
5.40367869044517701432468
5.87472331486839106700546
6.36449401513107990931985
6.87293890465569267923339
7.40001278619840331332679
7.94567715184911054679599
8.50990018303143791345216
9.09265675050273374572165
9.69392841435407117464606
10.31370342401024812988216
10.95197671822978733970199
11.6087499251049363309927
12.2840313620616674292569
12.977836035859677758612
13.6901856425923892417911
14.4211085676869486001421
15.1706398859042273536283
15.9388213613388218208284
16.7257014474190531189359
17.5313352869069671637598
18.3557847118983346697243
19.1991182438226511498687
20.0614110934431369158476
20.9427451608567370779307
21.8432090354941215450032
22.7628979961196850245652
23.701914010831547022732
24.6603657370615518442345
25.6383685215752685924184
26.6360444004719911692447
27.6535220991847382752899
28.6909370324802534097453
29.7484313044590048704177
30.826153708555185753729
31.9242597275367139547164
33.0429115335052321670321
34.1822779878961078829439
35.3425346414784333933344
36.5238637343550257877016
37.7264541959624269541588
38.9505016450709035794343
40.1962083897844471488718
41.4637834275407739464302
42.7534424451113250546836
44.0654078186012663548211
45.3999086134494885266472
46.7571805844286070485818
48.1374661756449621976597
49.541014520538619049531
50.968081441883367478461
52.4189294517867221573304
53.8938277516899225576349
55.3930522323679329494855
56.9168854739294424016084
58.465616745816864781345
60.0395420068063387546519
61.638963905007727786101
63.2641917778646201388793
64.9155416521543288747891
66.5933362439878918542479
68.2979049588100717362884
70.0295838913993559785584
71.7887158258679568373211
73.5756502356618113674549
75.3907432835605814224533
77.234357821677653654425
79.106863391460139514094
81.0086362236888752507996
82.9400592384784219124961
84.9015220452770653457531
86.8934209428668161957555
88.9161589193634099063033
90.9701456522163067198119
93.0557975082086916773116
95.1735375434574746184481