0.48590387881686010644296
0.34844425497791923657924
0.22818494081490479323961
0.12513996543613359955033
0.03932506560208463522187
-0.02924231427460096345108
-0.08054302212911990358963
-0.11455619824450673573066
-0.13125927525163385382687
-0.13062797812921149524672
-0.11263632420378774077449
-0.07725662314974851461022
-0.02445947698931758436976
0.04578621990744343891525
0.1335132808226351007974
0.23875622669052010341346
0.36155128609752330548445
0.50193639528223172231555
0.6599511981353945257962
0.83563704619992304440002
1.02903699867089076318484
1.24019582239553332379272
1.4691599918732485244499
1.71597768925559631996687
1.98069880434629882173829
2.26337493460124029774306
2.56405938512846717254428
2.88280716868818802728924
3.21967500569277359970948
3.57472132420675678412071
3.94800625994683263142289
4.33959165628185834910015
4.74954106423285330122087
5.17791974247299900843759
5.62479465732763914798712
6.09023448277427955369043
6.57430960044258821595273
7.07709209961439528176343
7.59865577722369305469614
8.1390761378566359949087
8.69843039375154071914315
9.27679746479888600072573
9.87425797854131276956692
10.49089427017362411216138
11.12679038254278527158799
11.78203206614792364750984
12.45670677914032879617424
13.15090368732345243041269
13.86471366415290841964093
14.59822929073647278985887
15.35154485583408372365066
16.12475635585784156018466
16.91796149487200879521343
17.73125968459301008107374
18.56475204438943222668657
19.41854140128202419755711
20.29273228994369711577478
21.18743095269952426001318
22.10274533952674106553013
23.03878510805474512416767
23.99566162356509618435204
24.9734879589915161510937
25.97237889491988908598731
26.9924509195882612072117
28.0338222288868408895301
29.0966127263579986642896
30.1809440231962672194219
31.2869394382483413994426
32.4147239980130782054516
33.5644244366414967951331
34.7361691959367784827554
35.9300884253542667391712
37.146313982001467191817
38.384979430638047624714
39.6462200436758379784673
40.9301728011788303502663
42.2369763908631789938847
43.5667712080972003196801
44.9196993559013728945947
46.2959046449483374421547
47.6955325935628968424706
49.1187304277220161322369
50.5656470810548225047326
52.0364331948426053098208
53.5312411180188160539486
55.0502249071690684001477
56.5935403265311381680338
58.1613448479949633338067
59.7537976511026440302505
61.3710596230484425467337
63.0132933586787833292087
64.6806631604922529802124
66.3733350386396002588657
68.0914767109237360808737
69.8352576027997335185259
71.6048488473748278006959
73.4004232854084163128414
75.2221554653120585970045
77.0702216431494763518114
78.9447997826365534324726
80.8460695551413358507827
82.7742123396840317751206
84.7294112229370115304493
86.7118509992248075983161