-0.1763690676733053211832
-0.08172878086741706531446
0.03333212565915313890841
0.16859844793767787120197
0.32386217658469327382217
0.49892249680199905156429
0.69358578837665847176302
0.90766562568099836429239
1.1409827776726091215658
1.39336520789434469853603
1.66464807447432261269522
1.95467373012592394407487
2.26329172214779333524585
2.59035879242383899131842
2.93573887742323267994217
3.2993031082004097313061
3.68092981039506903813853
4.08050450423217305570719
4.49791990452194780181916
4.93307592065988285682088
5.38587965662673136359816
5.8562454109885100275762
6.34409467689649911671953
6.84935614208724246153208
7.37196568888254745505714
7.91186639418948505287735
8.46900852950038977311474
9.0433495608928596964307
9.63485414902975646602597
10.24349414915920528764069
10.86924861111459492955433
11.51210377931457772258578
12.17205309276306956009323
12.8490971850492498979743
13.54324388434756175466594
14.25450821341771171114447
14.9829123896046699109256
15.72848582483867006006439
16.49126512563520942715527
17.27129409309504884333203
18.06862372290421270226785
18.88331220533398896017525
19.71542492524092913580615
20.56503446206684831045179
21.43222058983882512794283
22.31707027716920179464926
23.21967768725558407948046
24.14014417788084131388517
25.07857830141310639185149
26.03509580480577576990689
27.0098196295975094671182
28.0028799119122310650917
29.0144139824591277079729
30.0445663665326501024467
31.0934887840125125177375
32.1613401493636927856089
33.2482865716364323003641
34.3545013544662360188453
35.4801649960738724604345
36.6254651892653737070526
37.7905968214320354031603
38.9757619745504167557575
40.1811699251823405343834
41.4070371444748930711165
42.653587298160424260575
43.9210512465565475599161
45.2096670445661399888366
46.5196799416773421295725
47.8513423819635581268994
49.204914004083455688132
50.5806616412809660831245
51.9788593213852841442706
53.399788266810868266503
54.8437368945574404072942
56.3110008162099860866558
57.8018828379387543871388
59.3166929604992579538335
60.8557483792322729943699
62.4193734840638392789169
64.0078998595052601401832
65.6216662846531024734165
67.2610187331891967364041
68.9263103733806369494727
70.6179015680797806954881
72.3361598747242491198557
74.0814600453369269305203
75.8541840265259623979659
77.6547209594847673552159
79.4834671799920171978331
81.3408262184116508839197
83.2272087996928709341174
85.1430328433701434316068
87.0887234635631980221085
89.0647129689770279138819
91.0714408629018898777261
93.1093538432133042469796
95.1789058023720549175199
97.2805578274241893477643
99.4147782000010185586693
101.5820423963191171337306
103.7828330871803232189836
106.0176401379717385230027
108.286960608665728316902
110.5912987538199214343347