-0.14663679724125688439737
0.024869396362843370353808
0.213836835341626755092098
0.420156309553269817651269
0.643724090123057574034291
0.884441929443383508413331
1.142217061173749573129758
1.41696220024076618869414
1.70859554283815224378624
2.01704076642673509525503
2.34222702973445056811868
2.68408897275634295556454
3.04256671675456501894919
3.41760586425837798779839
3.80915749906415155980711
4.2171781862353639008395
4.64162997210260164492894
5.08248038426355989427798
5.53970243158304221925838
6.01327460419296065841112
6.50318087349233571844634
7.00941069214729637424342
7.53195899409108006885091
8.07082619452403271348657
8.62601818991360868753737
9.19754635799437083855946
9.78542755776799048227819
10.38968412950324740258814
11.01034389473602985155305
11.64744015626933454940588
12.3010116981732666845488
12.97110278578503991355315
13.6577631657089763611595
14.36104806581650662027759
15.08101819524616975198639
15.81773974440361328553405
16.57128438496159321833791
17.34172926985997401598455
18.1291570333057286122297
18.93365579077293840899833
19.75531913900279327638458
20.59424615600359155265181
21.45054140105074004423256
22.32431491468675402572859
23.21568221872125723991085
24.12476431623098189771949
25.05168769155976867826386
25.99658431031856672882251
26.95959161938543366484318
27.94085254690553556994282
28.94051550229114699590759
29.95873437622165096269283
30.99566854064353895842308
32.05148284877041093939209
33.12634763508297533006281
34.22043871532904902306739
35.33393738652355737920716
36.46703042694853422745267
37.61991009615312186494367
38.7927741349535710569891
39.98582576543324103706711
41.19927369094259950682502
42.4333320960992226360794
43.688220646787795062816
44.9641644901601098931897
46.2613942546350687015247
47.5801460498986815303143
48.9206614669040668902211
50.2831875778714517600768
51.6679769362881715868823
53.0752875769086702858078
54.5053830157545002401926
55.9585322501143223015452
57.4350097585439057895435
58.9350955008661284920343
60.4590749181709766650337
62.0072389328155450327271
63.5798839484240367874691
65.1773118498877635897834
66.7998300033651455683628
68.4477512562817113200696
70.121393937330097909935
71.8210818564700508711597
73.5471443049284242051133
75.2999160551991803813347
77.0797373610433903375322
78.8869539574892334795829
80.7219170608319976815336
82.5849833686340792855998
84.4765150597249831021665
86.3968797942013224097879
88.3464507134268189551873
90.3256064400323029532572
92.3347310779157130870593
94.3742142122420965078245
96.4444509094436088349531
98.5458417172195141560142
100.6787926645361850267465
102.8437152616271024710577
105.0410264999928559810247
107.2711488524011435168935
109.5345102728867715070796
111.8315441967516548481675
114.1626895405648169049109