2.215578820654811745472397
2.527027471649370087097996
2.852239226752229902163372
3.191250439701092523920417
3.544100608447793628356042
3.910832375158303234192181
4.291491526212725702885794
4.686126992205299738628861
5.094790847944398388348387
5.517538312452529041706398
5.954427748966333431099946
6.405520664936587631661103
6.870881712028202061256966
7.350578686120221480489654
7.84468252730582499269631
8.3532673198923260439491
8.87641029240117242305521
9.41419181756794626155685
9.96669541234236403373126
10.5340077378882765565907
11.11621859958366898988244
11.71342094702066083608879
12.32571087400550594042708
12.95318761855859249084965
13.59595356291444301804389
14.25411423352171439543217
14.92777830104319783917193
15.61705758035581890815561
16.32206703055063750401066
17.04292475493284787109959
17.77975200102177859651989
18.5326731605508926101041
19.30181576946778718441978
20.08731050793419393476952
20.8892912003259788191909
21.70789481523314213845657
22.54326146545981853607416
23.39553440802427699828636
24.26486004415892085407085
25.15138791931028777514035
26.05527072313904977594261
26.97666428952001321366038
27.91572759654211878821147
28.87262276650844154224867
29.84751506593619086115982
30.84057290555671047306778
31.85196784031547844883042
32.88187456937210720204065
33.9304709361003434890264
34.99793792808806840885061
36.08445967713729740331125
37.19022345926418025694132
38.31541969469900109700884
39.46024194788617839351685
40.62488692748426495920341
41.8095544863659479495416
43.01444762161804886273955
44.23977247454152353974037
45.48573833065146216422223
46.7525576196770892625983
48.0404459155617637040168
49.34962193646297870036093
50.68030754475236180624895
52.03272774701567491903414
53.40711069405281427880478
54.80368768087781046838419
56.22269314671882841333072
57.66436467501816738193771
59.12894299343226098523358
60.61667197383167717698171
62.12779863230111825368054
63.66257312913942085456354
65.22124876885955596159917
66.80408200018862889949093
68.41133241606787933567736
70.043262753652681280332
71.70013889431254308636342
73.38222986363110744941522
75.089807831406151407866
76.82314811164958634282941
78.58252916258745797815412
80.3682325866599463804238
82.18054313052136595895717
84.01974868504016546580796
85.88614028529892799576492
87.78001211059437098635183
89.70166148443734621782749
91.6513888745528398131857
93.6294978928799722381554
95.6362952955719983012003
97.6720909829963071535195
99.7371979997344222890467
101.831932534582001544451
103.9566139205488370991363
106.1115646348588554752415
108.2971102989501175376408
110.5135796784748184939431
112.7613046832992878944924
115.0406203675039896323679
117.3518649293835219433837
119.6953797114466174060889
122.0715092004161429417676
124.4806010272290998144389
126.9230059670366236308572