5.75850064126035939692268
6.118837347880779677458424
6.493296723562907671877374
6.881918961389878644232274
7.284747387272715866175901
7.701828459950330616961062
8.133211770989522183440593
8.578950044784977860067363
9.039099138559272948894268
9.513718042362870759574236
10.00286887907412260936023
10.50661690439926782310523
11.02503050687243373326225
11.55818120785563567988436
12.10614366153877701062463
12.66899565493964908073616
13.24681810790393125307209
13.83969507310519089808561
14.4477137360448833938299
15.07096441505235212595821
15.70954056128482848772378
16.36353875872743187997991
17.03305872419316971117993
17.71820330732293739737718
18.41907849058551836222505
19.13579338927758403697696
19.86846025152369386048633
20.61719445827629527920666
21.38211452331572374719143
22.16334209325020272609419
22.9610019475158436851685
23.77522199837664610126795
24.60613329092449745884618
25.45387000307917324995682
26.31856944558833697425358
27.20037206202754013899016
28.09942142880022225902031
29.01586425513771085679781
29.94985038309922146237647
30.90153278757185761341011
31.87106757627061085515262
32.85861398973836074045788
33.86433440134587482977983
34.88839431729180869117242
35.93096237660270590028964
36.99221035113299804038552
38.07231314556500470231409
39.17144879740893348452944
40.28979847700287999308568
41.42754648751282784163695
42.58488026493264865143742
43.76199037808410205134128
44.95907052861683567780278
46.17631755100838517487618
47.41393141256417419421575
48.67211521341751439507583
49.95107518652960544431077
51.25102069768953501637496
52.57216424551427879332279
53.91472146144870046480872
55.27891110976555172808722
56.6649550875654722880128
58.07307842477698985703998
59.50350928415652015522334
60.95647896128836691021747
62.43222188458472185727698
63.93097561528566473925654
65.45298084745916330661084
66.99848140800107331739459
68.56772425663513853726253
70.16095948591299073946944
71.77844032121414970487013
73.42042312074602322191944
75.08716737554390708667223
76.7789357094709851027834
78.49599387921832908150788
80.23861077430489884170063
82.00705841707754220981663
83.80161196271099501991091
85.62254969920788111363851
87.47015304739871234025452
89.34470656094188855661403
91.24649792632369762717221
93.17581796285831542398421
95.1329606226878058267052
97.1182229907821207225905
99.1319052849391000064953
101.1743108557844715808749
103.2457461867718513557846
105.3465208941827432488799
107.476947727126539185416
109.6373425675405190982483
111.8280244301898509278324
114.0493154626675906222237
116.3015409453946821370777
118.5850292916199574356499
120.9001120474201364887959
123.2471238916998272749713
125.6264026361915257802318
128.0382892254556159982329
130.4831277368803699302303
132.9612653806819475850799
135.4730524999043969792372
138.0188425704196541367582