6.654680672087450887490965
7.023479904180561538929306
7.406551008514688127798031
7.803933349476252687920271
8.215669442597686606789021
8.641804954557430625567141
9.082388703179934839087351
9.537472657435658695852236
10.00711193744107099803424
10.49136481445864990147568
10.99029271089688291568873
11.50396020031026690385542
12.03243500739930808282765
12.57578800801052202312719
13.13409322913643364894566
13.70742784891557723814455
14.29587219663249642225521
14.89950975271774418647885
15.51842714874788286968656
16.15271416744548416441927
16.8024637426791291168878
17.46777195946340812697279
18.1487380539589209482248
18.8454644134722766878642
19.55805657645609380678125
20.28662323250900011953608
21.03127622237563279435866
21.79213053794663835314884
22.56930432225867267147633
23.3629188694944009785807
24.17309862498249785737138
24.99997118519764724442767
25.84366729776054242999873
26.70432086143788605800359
27.58206892614239012603112
28.47705169293277598534009
29.38941251401377434085909
30.31929789273612525118662
31.26685748359657812859099
32.23224409223789173901043
33.21561367544883420205298
34.21712534116418299099658
35.23694134846472493278902
36.27522710757725620804796
37.3321511798745823510609
38.40788527787551824978523
39.50260426524488814584819
40.61648615679352563454688
41.74971211847827366484828
42.90246646740198453938922
44.07493667181351991447639
45.26731335110775080008635
46.47979027582555755986551
47.71256436765382991113017
48.96583569942546692486647
50.23980749511937702573042
51.53468612986047799204789
52.85068112991969695581462
54.18800517271397040269621
55.54687408680624417202812
56.92750685190547345681567
58.33012559886662280373406
59.75495560969066611312832
61.20222531752458663901339
62.67216630666137698907403
64.16501331254003912466488
65.68100422174558436081045
67.22038007200903336620511
68.78338505220741616321308
70.37026650236377212786845
71.98127491364714998987519
73.6166639283726078326071
75.27669034000121309310787
76.96161409314004256209105
78.67169828354218238394004
80.40720915810672805670811
82.1684161148787844321184
83.95559170304946571556389
85.76901162295589546610746
87.60895472608120659648183
89.47570301505454137308957
91.36954164365105141600314
93.29075891679189769896485
95.2396462905442505493869
97.2164983721212896483513
99.2216129198822040306099
101.2552908433321920845845
103.3178362031224615523668
105.4095562110502295297182
107.5307612300587224660701
109.6817647742371761645238
111.8628835088208357818501
114.0744372501909558284903
116.3167489658748001685549
118.5901447745456420198247
120.8949539460227639537503
123.231508901271457895452
125.60014521240302512372
128.0012016026747762710146
130.4350199464900313234656
132.9019452693981196208729
135.4023257480943798567063
137.9365127104201600781053
140.5048606353628176858794