8.528093577635062
8.562818872372267
8.620650302551239
8.701520621325649
8.80533283072645
8.931956338571814
9.081221413196415
9.252914904189366
9.446780013301092
9.662520786730498
9.899809560412073
10.15829744926669
10.437624774321272
10.737426086494526
11.057341678784745
11.397023493316203
11.7561345055881
12.13434859274847
12.531389385020752
12.946955221281154
13.38079332828206
13.832665043570175
14.302351916644131
14.789653529988101
15.294389051880268
15.81639497589783
16.35552522282749
16.911651054093284
17.484656539039566
18.074442160083052
18.680924859383147
19.304031019689987
19.94370336902829
20.59989122539854
21.272575917281873
21.961722942834097
22.66732615509887
23.38938912131952
24.127923795541992
24.8829566948667
25.65451982747681
26.44265965623176
27.247431343471014
28.068901880404148
28.907141535709428
29.76223687732263
30.634287252367816
31.52338652420366
32.42964912188378
33.353194533102126
34.29415086561475
35.252653002085026
36.22884406982673
37.22287564845371
38.23490520116216
39.265097319907596
40.31362270736063
41.38065938278293
42.46639083502765
43.571006790299776
44.69470042593611
45.83767237603118
47.00013291121544
48.182284176026094
49.384344750776286
50.606530842719806
51.849068330860426
53.1121777006472
54.39609630554196
55.70104621504399
57.027276836273934
58.37501661249955
59.74450762803105
61.135995325882156
62.549720997118335
63.98593243499439
65.44486894003991
66.92681815217395
68.4319839404287
69.96061878794883
71.51302690552419
73.08940371651141
74.69001969059755
76.31512947184265
77.96497972851296
79.63982287301748
81.33990806958718
83.06548366793966
84.81679670406704
86.5940926920491
88.39761542079125
90.2276067560961
92.08430644850053
93.9679519473049
95.87877822125432
97.81701758627321
99.7828995407283
101.77665060862554
103.7984941911472
105.84865042695901
107.92733606163635
110.03476432658934
112.17114482781174
114.3366834447574
116.53158223961061
118.75603937721137
121.0102490558052
123.29440144880687
125.60868265770885
127.95327467619045
130.3283553655133
132.73409844116105
135.1706734707858
137.638245883268
140.13697698887395
142.66702401033575
145.2285401246818
147.82167451560903
150.44657243616572
153.10337528148182