10.323858503358714
10.3591860364477
10.418024248150502
10.500308449336863
10.605949954771926
10.734825744043565
10.886779712541658
11.061613277805648
11.25908790636376
11.478925725603649
11.720816180050928
11.984425026436076
12.269401956411182
12.575390797465666
12.902033443929005
13.248982770569008
13.615896667157136
14.002451060867624
14.408337301750622
14.833264429220886
15.276961840492502
15.739175867316167
16.21967371602478
16.71824043309113
17.234680461820012
17.768815233214212
18.32048363821885
18.889542227124366
19.475860775180713
20.07932982256078
20.699867827394666
21.337335492986764
21.99171854461742
22.662947331009132
23.350974317448937
24.055768792228204
24.777321401810948
25.515620031325213
26.27067276821852
27.042500315147123
27.831129807998394
28.636603621234247
29.45897333053188
30.298299814270504
31.154655984269112
32.02812416554966
32.91879408059507
33.826763928185
34.752162374415384
35.695085368060376
36.65566950297947
37.63404936429833
38.63036851612225
39.64477737609238
40.67743189405005
41.728502639036016
42.7981580590885
43.88657562659651
44.99393944527953
46.12044193304382
47.2662793555698
48.431647372500926
49.616757333428765
50.821817499469496
52.047044647219046
53.292656368629736
54.558877693775585
55.84593159263865
57.15404795165761
58.48347657426362
59.8344335058436
61.20716337813066
62.6019453975462
64.01891513059736
65.458425840896
66.92068449622984
68.4059435842827
69.91445001305728
71.4464542757206
73.00220610621537
74.5819567480492
76.18596124894388
77.81446399221238
79.46771938080146
81.1459760315919
82.84947831826354
84.57849403972978
86.33324886483055
88.1139957444078
89.92097856063428
91.75443933247601
93.61461801822868
95.5017523242205
97.41607752011278
99.35782626124485
101.32722841845654
103.32451091582708
105.3498975767493
107.40360897873305
109.48586231735511
111.59687127970878
113.7368459276835
115.90599259142438
118.10451377325266
120.33260806211925
122.59047005938167
124.87829031512233
127.19625527609989
129.5445472448713
131.923344350304
134.33282052951208
136.77314552112702
139.24448486994345
141.7469999427133
144.2808479550479
146.84618200920232
149.4431511425615
152.07190038657708
154.73257083589712
157.4252997273966