11.481161034829876
11.51684241263065
11.576271436243461
11.65938725007955
11.766102657129746
11.89630095477083
12.049831279892825
12.226504965074787
12.42609268882665
12.648327206710027
12.892908194699903
13.159509799797314
13.447789396353953
13.75739479894727
14.087973634961694
14.43917517456608
14.810660622747928
15.202101103813694
15.613184149279803
16.04361415185625
16.493113116920462
16.961421453013614
17.4482970371738
17.95352035123497
18.47688435945522
19.018203265667623
19.577309997703324
20.15404972803909
20.748286998564364
21.359902920343288
21.988789851229484
22.634861545920398
23.298039267011955
23.978262394234697
24.675482933795386
25.389666461394135
26.120789937946356
26.868846354171126
27.633838214581175
28.41577940161029
29.214698765013434
30.03063252796658
30.86363086603698
31.713754371891202
32.581073226819754
33.465666525560685
34.36762756343517
35.28705534349989
36.22405869331514
37.17875588130034
38.1512743743183
39.14174906296721
40.15032225567186
41.17714460759225
42.22237982671002
43.28618644754018
44.3687375959049
45.47021313789208
46.59079849021097
47.73068328694217
48.89006318025045
50.06913430827465
51.268120559843986
52.48721529876059
53.72664029065857
54.98661457504293
56.2673628217151
57.569112029622055
58.89209133788567
60.23653676352239
61.602682831055056
62.99077008081441
64.40103755475037
65.8337531736565
67.28909262203605
68.76737901989517
70.26882454431123
71.79368537045953
73.34220901181254
74.91464678960463
76.51123865373094
78.13226327848001
79.77795000964132
81.44854941694409
83.14431117939075
84.8654885692165
86.61232695421678
88.38507087257717
90.18396665468495
92.0092565063843
93.86118124464024
95.73997954185884
97.64588773519668
99.57913964270944
101.53996638681174
103.52859622546636
105.54525439153619
107.59016294072626
109.66354060849818
111.76560267637029
113.89656084793205
116.05662313493283
118.24599375372922
120.4648730323834
122.71345732862378
124.99193895889547
127.30050613863546
129.63934293391054
132.008629224499
134.40854067842844
136.83924873801246
139.30092061726884
141.79371931075462
144.31780361356115
146.87332815239887
149.46044342755852
152.07929586550762
154.7300278818878
157.4127779546141
160.12768070678362