12.399319743992027
12.43526618653484
12.49513802912272
12.5788761741957
12.68639565284998
12.817583165154515
12.972292956871017
13.150342146095696
13.351508840091372
13.575533299453792
13.822122561546598
14.090957709761502
14.381701761351444
14.694006735986749
15.027522440066518
15.381900358084252
15.756799445651753
16.151843845052507
16.56686237823799
17.001409855535336
17.455254735478707
17.928129742796678
18.41979142828474
18.930010276635173
19.45857669394515
20.005298249072702
20.569999674293207
21.15252498689445
21.752729561670115
22.37049036210753
23.00569554230238
23.658250632284997
24.328074965395984
25.015103789520847
25.719285486748177
26.440579909641315
27.17896304095305
27.934422450397996
28.706957736899874
29.496583355952783
30.303322715318412
31.127211757807363
31.96830094678316
32.82664555933202
33.70231614623739
34.59539302355046
35.50596316518146
36.43413253460621
37.37998555380607
38.343694831850115
39.32534634552034
40.32504610818045
41.34300789051974
42.37931359259273
43.434192744940674
44.50775748757375
45.60019202515439
46.71167810348383
47.84240098330305
48.99255026112491
50.162323034934495
51.35192025303837
52.561549637618235
53.7914258398854
55.04175913011336
56.312762254066385
57.604686348657495
58.91772047345536
60.25213774180087
61.608139388877625
62.98597298278828
64.38587688831464
65.80809296975218
67.25286562907885
68.72043605395449
70.2110563572605
71.72497122059822
73.26242621098336
74.82368136871564
76.40897142781216
78.01856391626688
79.65269952204032
81.31162597160728
82.99556168656086
84.70485375967446
86.43965721195
88.20022080441643
89.98686273267838
91.79975801267074
93.6391693310997
95.50533758758104
97.39850040654996
99.31889301341779
101.26674805143135
103.2422954060294
105.24576203713718
107.27737181983176
109.33734539370909
111.4259000216146
113.54324945767316
115.68960382541968
117.86516950607927
120.07014903739324
122.30474102322962
124.56914005421172
126.86353663954422
129.18811715018924
131.54306377349906
133.9285544793638
136.34476299792118
138.79185880875897
141.27000714159607
143.77936898835813
146.32010112643675
148.89235615303323
151.49628253033814
154.13202464131498
156.79972285583074
159.49951360681615
162.23152947615515