15.146944622052095
15.183616538001694
15.244712200606537
15.330134113160476
15.439859443183936
15.57375166208761
15.731683523404355
15.913487579342888
16.11895975609429
16.347873929020746
16.599920668295542
16.874835103509394
17.17228448819824
17.491934396166577
17.833442835607627
18.19646737448194
18.580668587500387
18.985715709830423
19.411289985677605
19.857082919599563
20.322805435187558
20.808179950838642
21.312947919356052
21.836870357870218
22.3797196372633
22.941292857060315
23.521396986909288
24.119862264924897
24.73653048148734
25.371263228058883
26.02393817733659
26.694446276543236
27.382695943567533
28.088609513957543
28.81212559585839
29.55319594469734
30.31178637759152
31.087877574417153
31.881461897985414
32.6925462084107
33.521147406939455
34.36730262246675
35.23104834029226
36.112442750153
37.011553740523844
37.92845235270872
38.8632330809484
39.81598808361584
40.78682637096399
41.77585893339951
42.783230080617585
43.80905426776444
44.85348184091977
45.91666200189245
46.99875525424728
48.09992502036946
49.220344540077235
50.36019371466347
51.51965584177219
52.698924476881835
53.89819455762734
55.117669560284625
56.35755521309237
57.61806744374678
58.89941787267761
60.201828791644964
61.52552431824362
62.87073050441491
64.2376844242926
65.62661542431046
67.03775993773944
68.47135850589703
69.92765048709178
71.40688128441622
72.90929311214076
74.4351346254548
75.98463612753656
77.55809147873046
79.15570603321194
80.77774014716009
82.42444407385875
84.09606646688847
85.79284570268034
87.51506219203944
89.26292703455172
91.03670246993802
92.83662696072433
94.66294523047621
96.51589938480004
98.39572789927061
100.30266701094354
102.23695104588596
104.19881208855315
106.18847908937022
108.2061781356098
110.2521322170588
112.32656107062637
114.42968103434646
116.5617049110852
118.72284184232736
120.9132971923837
123.13327244330459
125.38296510078486
127.66256861126935
129.97227229046268
132.31226126339052
134.68271641611344
137.08381435916309
139.51572740272024
141.9786235435196
144.47266646339475
146.99801553938792
149.5548258652321
152.14324828411057
154.76342943236102
157.41551179394796
160.09963376539974
162.81592973090233
165.56453014720427
168.3455616379959