15.762380086377865
15.799202847542839
15.86053831029068
15.946332452540574
16.056507691833282
16.190961289476824
16.349561488024584
16.5321438651685
16.738508695714877
16.968418113496018
17.221609825660643
17.497781109191564
17.796616772916973
18.117784499194357
18.460944905673806
18.825756728964468
19.211881756069545
19.61898917959013
20.046758439538955
20.495003733794995
20.963067012634117
21.4510353477957
21.9585266399456
22.48529762871049
23.0311202664841
23.595786161898737
24.17910257813509
24.780894070255634
25.401001571888163
26.03928556408169
26.695616882725577
27.369886680474906
28.0620009740104
28.77187998035297
29.499459187906137
30.244689491794883
31.007534801495293
31.787973993578476
32.585998235887786
33.40161315929387
34.23483549048773
35.08567813334471
35.95424049763797
36.84051807075683
37.74459624016564
38.666550636888296
39.606469547167976
40.56444895983199
41.54059620941296
42.5350277958975
43.547869593510185
44.579254798867524
45.62933264659832
46.69823614769346
47.78614122978571
48.893204195687204
50.01960643431622
51.16551892217436
52.331128685618054
53.51662865102096
54.72221463340038
55.948088101252154
57.19445891993826
58.46152177930312
59.749535076292126
61.05868801420595
62.388997710996705
63.741318475058314
65.11524895782635
66.51126501703635
67.92956724621726
69.37040690937789
70.83402534009471
72.32066767691477
73.8305777114382
75.36399786653989
76.92116277188444
78.50236570770319
80.10780643942236
81.7377535966129
83.39245314990472
85.0721525603936
86.77710216099644
88.50754737299944
90.2637326624644
92.04587518312573
93.85431509447926
95.68919438026447
97.55077483048241
99.43933241640042
101.35506534096581
103.29821963036379
105.26902654243693
107.26771418585729
109.29450777940224
111.34962940775223
113.43329786706974
115.54572852001216
117.68713316060855
119.85771988932173
122.05769299863894
124.28725286947156
126.54659587864838
128.83591431769335
131.15539632308997
133.50522581817276
135.88558246673014
138.29664163839112
140.73857438578648
143.21154743348603
145.71572317858383
148.25125970287456
150.8183107963956
153.41702599224968
156.0475506123403
158.71002582386808
161.40458870623993
164.13137232809626
166.89050583409707
169.68211454111955