17.04440760114294
17.081532594919164
17.14337293321222
17.229876027491315
17.340964270963553
17.47654546805402
17.636485255684775
17.820627023827633
18.02877684368382
18.260710167072986
18.51616212662646
18.794849804326404
19.09645747863216
19.42066093984294
19.7671251837903
20.13551105126445
20.52548496079702
20.936712989245677
21.3688705758444
21.821665321147385
22.294782935254883
22.787948422692555
23.30089728365593
23.83338082722277
24.385167763603505
24.956042072725573
25.54580814265026
26.154283808293897
26.78130597384598
27.42672663624375
28.09041611075534
28.77225826729121
29.472155767265136
30.19002352757987
30.925794449642094
31.679414460540986
32.45084478410535
33.24006103906408
34.047050628441895
34.871820644698914
35.71438240270664
36.57476436612103
37.45300748055146
38.349171168485874
39.26331057016985
40.195503246169444
41.14583756401667
42.11440752828288
43.10132122851166
44.10669286369934
45.13064653963711
46.1733232037489
47.23485798168064
48.31540465408757
49.41511875840297
50.53416838760213
51.672724203532944
52.830968432568056
54.00908202213414
55.207256961359604
56.425700446247255
57.6646003917183
58.92417225114161
60.204626208326125
61.506177471372325
62.82904812337241
64.17346725083031
65.53965591007953
66.92784549904731
68.3382730759122
69.77117338364177
71.22678458728875
72.70535032662009
74.20711133265284
75.73231077096474
77.28119710430033
78.85401338991859
80.45104150155159
82.07243634929542
83.71853537942837
85.38955734367299
87.08574844458423
88.80735245618362
90.55462977566769
92.32776567018297
94.12714119235683
95.95287404395005
97.80523078422058
99.68447452184365
101.5908321637255
103.52452874395769
105.48580395448724
107.47489199500919
109.49201100470498
111.53738759455973
113.61124194716307
115.71379088433474
117.84524772434686
120.00582214923105
122.19572008252091
124.41514357773534
126.66429071790034
128.9433555263288
131.25252788889796
133.5919934879598
135.9619337480233
138.36252579328595
140.7939424170416
143.2563520629637
145.74991881820404
148.27480241822607
150.8311582632038
153.4191374458167
156.03888679029285
158.69054890233573
161.37426222973718
164.0901611333296
166.83837596796695
169.6190331731378
172.43225537286673