18.379767482852515
18.41719217880609
18.479533031433903
18.566738938925745
18.678737053040408
18.815430721944086
18.976696962447708
19.162382298057842
19.37230142520623
19.606232953895592
19.863924705301688
20.145095621486973
20.449442122659644
20.77664442079357
21.12637216573794
21.49829074119631
21.892065532289696
22.307369111188642
22.74387421735148
23.201276337266364
23.679274176650967
24.17758341611296
24.695937977940652
25.234082211065008
25.79178259331214
26.368817577228015
26.964985464685874
27.580100487715853
28.21399385318064
28.866515512388386
29.537526843801118
30.2269103820376
30.9345621683954
31.660396190435254
32.404339139890745
33.16633460793757
33.94634111386585
34.74433053943126
35.56028943195634
36.394218777488035
37.246131198977146
38.11605350586631
39.0040223358437
39.91009860521957
40.83433448333511
41.77680772802897
42.73760094092632
43.716818627293705
44.714557569206654
45.730935814587866
46.76607883360054
47.82012006781488
48.89319941377213
49.98547453612817
51.09707534794637
52.228230307023146
53.37905427725195
54.54974285425859
55.740478742062436
56.951465613377884
58.18289048341652
59.43495757579837
60.70787481639438
62.001853614265244
63.31711147012401
64.65386640797405
66.0122699222281
67.392786192695
68.79539997695223
70.22043568684116
71.66812036774785
73.13869791144405
74.63240723378975
76.14949115786106
77.69019110392294
79.25475730030041
80.84343203752962
82.45638299777808
84.09410005171733
85.7565800417029
87.44415966240926
89.157083118092
90.8955994136136
92.65995013053195
94.45037823187695
96.26713087520315
98.11044398142167
99.98056159134482
101.87771928921796
103.80215261315557
105.75409447505147
107.73377490594336
109.74142160086058
111.77725925532654
113.84150931329738
115.93438993819252
118.05611587572771
120.20689829786764
122.38694467271311
124.59645864505937
126.83563992792328
129.10468420531225
131.40378304646717
133.7331238317611
136.09288969040864
138.4832594500867
140.90440759852342
143.35650425707112
145.8397151662333
148.35420168306405
150.9001207903423
153.4776251173252
156.08686297188825
158.72797838388732
161.40111115935161
164.106396945294
166.84396730478113
169.61394980190198
172.41646809627164
175.25164204666413