21.8164857626802
21.854622230028482
21.9181515561388
22.00702600161953
22.121177451718395
22.260516245702185
22.424927153678652
22.61427227091679
22.828376013781806
23.067037912202824
23.330020951827983
23.617063014450334
23.927877191840377
24.262158210608508
24.619588264825307
24.999841869265424
25.40259137051968
25.82751045541186
26.27428264595302
26.74258490457729
27.23212536366341
27.74261112349546
28.27376764535246
28.82533184914413
29.397061040894634
29.988725901523093
30.60011254138388
31.231025598047264
31.881281364216857
32.550728824414314
33.23921904241018
33.946617238003896
34.67281482880165
35.417716790473825
36.181242643572936
36.963336472763785
37.76392717407831
38.58300300843629
39.420538507316444
40.27652693019547
41.15098188934062
42.04392214428323
42.955384541025616
43.88541745602276
44.83408145008829
45.80144700059596
46.78760176714609
47.79263531556237
48.81665342460217
49.859771700878284
50.92209084657268
52.00381280825481
53.10500875204374
54.22585344111325
55.36650414080746
56.527126899239526
57.70789272753536
58.908981233232716
60.13058055449682
61.37287812730556
62.63607456063696
63.92036953306479
65.22597201300374
66.55309370364391
67.90195232614728
69.27276511947133
70.66575844942614
72.08115975495497
73.51919886975008
74.98010913605619
76.4641265715452
77.97148810267603
79.50243189332751
81.05720351270944
82.63604269317223
84.23919346778628
85.86689859264776
87.51940659336579
89.19691981269297
90.89980230803954
92.62818680132551
94.38234302077358
96.16249611998958
97.96897359225925
99.80192780119121
101.66162772197674
103.5483107577028
105.4622148014721
107.40356985687829
109.37261184371427
111.3695637104506
113.39465699320311
115.44811242422696
117.53014507902509
119.64097810849589
121.7808225275178
123.94988552492985
126.1483739690247
128.3764895712661
130.63443006477547
132.92238910381664
135.24055617503092
137.58911652062656
139.96825107364796
142.378136405441
144.8189446853553
147.29084365270285
149.79399660091718
152.32856237383888
154.89469537398978
157.49254558265588
160.12225859159656
162.78397564606374
165.4778336988636
168.20396547523097
170.96249954799202
173.75356042277622
176.5772686328231
179.4337408429693
182.32308996239792