22.497881889705845
22.53615070309613
22.599900989768035
22.68908550191764
22.803637195151893
22.943467237654737
23.108463597349232
23.298493976275577
23.513366861187087
23.752905319594653
24.01686851053933
24.304997964923604
24.617009039520944
24.952599777249553
25.311454085468213
25.693249797162043
26.097658978592868
26.524358232822006
26.97302582277706
27.4433499713956
27.93502844617126
28.447780733898185
28.981300989240808
29.53535540801241
30.109690500415457
30.704071968965515
31.318289055309194
31.952141772006705
32.60544972234958
33.2780510950775
33.9697969482498
34.680557951460145
35.410221236064835
36.15868835852898
36.92587885711223
37.71172892416051
38.516186770908604
39.339214685716186
40.18080495575302
41.04093719777449
41.919632195011104
42.81690498355978
43.73279164929014
44.667341020525214
45.62061258798131
46.59267831774974
47.58362059172122
48.59353545744273
49.62252453041145
50.67070357508962
51.73819621774485
52.825135276266415
53.93166236870011
55.05792743294687
56.20408847528317
57.370310452834424
58.55676669464353
59.76363564524046
60.9911021372538
62.23935868582361
63.508601633953084
64.7990354073687
66.11086511587929
67.44430518313202
68.79956819399682
70.17685981235738
71.57645612071254
72.99853176023146
74.44332893648229
75.9110951093933
77.40205217784133
78.91644037538791
80.45450542680187
82.01648087669508
83.60261184508586
85.21314234992248
86.84831573160474
88.50837642984222
90.19355793127264
91.90413617533541
93.64032938688115
95.4023830478898
97.19054503435198
99.00505630019923
100.84615588224331
102.71408377634219
104.60907635383079
106.531370860551
108.4811980109025
110.45878605796935
112.46436635353272
114.49816081406806
116.56039837233996
118.6512878966601
120.7710536264819
122.919899842976
125.09803865094693
127.3056740269656
129.54300646288274
131.81023251243008
134.10754462316228
136.43513104939345
138.79317577716898
141.1818584614021
143.60135437527097
146.0518343719182
148.53346485845
151.04640778217916
153.59082062901646
156.16685643387285
158.77466380286953
161.41438694716888
164.086165728103
166.79013571331717
169.52642824367572
172.29517051043558
175.09648564238344
177.9304928025261
180.79730729388064
183.69704067394704