26.287222078828844
26.326183146219105
26.391089034359183
26.48189541537443
26.598539346436635
26.74093820618702
26.908988937396906
27.102556227581587
27.321490256091515
27.565602185327055
27.834676685608187
28.12847051186602
28.446715954191127
28.789125508371274
29.155396437745466
29.545215640751078
29.9582650973859
30.39422538409789
30.852779714244814
31.333616503086716
31.8364324992245
32.36093559988146
32.90684466759884
33.47389173116408
34.061824316597395
34.67040582390147
35.299414009281456
35.948643701421474
36.61790686169583
37.30703249702141
38.015866206486045
38.74426876959396
39.49212733985466
40.259330154365784
41.045793433317044
41.851446220219465
42.67623443805817
43.52011811477797
44.38307472393625
45.265094044529675
46.16618035714297
47.086368838596236
48.02565259452175
48.98411391240228
49.96179854384969
50.958778705025935
51.975132801112494
53.01095686653062
54.066354807609656
55.141436035700444
56.23632655243186
57.35115379415852
58.48607300128737
59.64121770729767
60.81675733616302
62.01284487327671
63.22966123281798
64.46746870724884
65.72620079184928
67.00629805698769
68.30787431416626
69.63113269518156
70.97627964440254
72.34353005343874
73.73308935142958
75.14517121961381
76.58004539702213
78.03782467099292
79.51894420215739
81.0234445014878
82.55163347596967
84.10373700570462
85.67999304066474
87.28064155176502
88.90592776082691
90.55609371194834
92.23137555095435
93.93201564143027
95.6582597550862
97.41034704325445
99.188519263129
100.99297043842063
102.82408232817002
104.68194987081492
106.56685721556958
108.47903825734015
110.41873018044171
112.3861594828512
114.38155381320031
116.40514541212299
118.45714837406949
120.53778605933618
122.64726541421767
124.78583071167688
126.95366021025228
129.15096689453955
131.37795858177998
133.63482760410764
135.92177401816366
138.23898364667573
140.58664336918702
142.96493456823112
145.3740342355638
147.81411491974404
150.28534468630062
152.7878870905034
155.32190116267617
157.88754140592263
160.48495780611609
163.11429585395214
165.77569657880292
168.46929659411808
171.19522815400182
173.9536192206195
176.7445935421268
179.5682707405729
182.42476640945281
185.31419222039824
188.2366560385801
191.19226204631426