26.840231688178445
26.879287763576574
26.944353069407295
27.03538364317254
27.152316140449972
27.29506883711496
27.463538413652252
27.65759604647542
27.877088077840806
28.12182962585603
28.391606995339405
28.68617955122727
29.005281637329894
29.348627443523505
29.715916692975703
30.106837321313858
30.521072955593446
30.958304796040917
31.41821641712394
31.900496234762514
32.404838020877534
32.9309627187841
33.47857317074253
34.04740427842152
34.63721232796683
35.24774897432424
35.878795070620775
36.530145985049096
37.20161035500274
37.89301767183319
38.60421227811887
39.335056569644145
40.08542797903641
40.855226723242346
41.64436067552535
42.45275862085687
43.28036755960665
44.12709662360639
44.99307505892197
45.878137736363335
46.78234199806153
47.7057072598662
48.64826483837727
49.61006135862778
50.59115381388455
51.591606546924645
52.61151796585036
53.65096531150854
54.710055976794756
55.78890381216609
56.88763145540583
58.00637167673204
59.14526629843842
60.30446255601148
61.48412127212667
62.684407116360525
63.90549042075226
65.14766934720207
66.41077155193476
67.69534887449224
69.00147510703952
70.3293541185695
71.67919356766059
73.05120151474867
74.44559904650502
75.86260231875357
77.30242850670237
78.76530211918246
80.25149399025571
81.76118451349811
83.29462335655857
84.85205128152721
86.43370255618446
88.03981815083111
89.67063348874869
91.32640038815848
93.00734182515303
94.71372651955194
96.44577513441138
98.20373333107011
99.98784406632257
101.79834652193064
103.63547999085576
105.4994803920247
107.39058769486934
109.30903503189467
111.25492349856476
113.22886926179345
115.23071662177415
117.26081701539523
119.3193907799864
121.40666324986258
123.52284329844002
125.6681472839741
127.84278246165917
130.04695326197336
132.28086201690917
134.54470519220212
136.8386765947145
139.1629649315595
141.5177549713844
143.90322709146005
146.3195572617397
148.76691699395812
151.24547330338322
153.75538868320268
156.29682109147572
158.86992395052388
161.47484615860355
164.11173211362768
166.78072174870033
169.48195057917172
172.21554976084516
174.98164615899643
177.78036242785785
180.61181710004578
183.47612468557023
186.37339577994385
189.3037371809164
192.2672520133594