29.964704774338763
30.004278131091095
30.070206051581952
30.162446496460568
30.280940040698738
30.425622639136304
30.596352872265463
30.793052326655253
31.015560091818696
31.26370226315028
31.537275834900974
31.836051926957396
32.159776337949985
32.50817451173035
32.88095553611135
33.27781698080291
33.698448335108736
34.14253645191843
34.60976895853997
35.09983274394647
35.61243651524407
36.147278108146466
36.70407548948224
37.28304493149178
37.88247373497511
38.50357656536004
39.14563995083161
39.808460633240365
40.49183786533627
41.19559392368459
41.91958239459512
42.66364671943431
43.42767151308129
44.211542823162894
45.01517434006012
45.83849184972925
46.6814321945649
47.543960770625326
48.426046249048646
49.327677799652726
50.248859238805856
51.189607870564025
52.14995483538975
53.12994440143585
54.12963327044404
55.14909002233476
56.188399186540416
57.24764907833833
58.326943264312625
59.426394333111034
60.54612777989023
61.68627312324886
62.84697160977679
64.02837368313747
65.2306361903507
66.45392381935761
67.69840558550177
68.96426843339098
70.25246863931585
71.56086274482168
72.89198498413207
74.24525727864642
75.62088484369086
77.01907871169978
78.44005939652007
79.88403910550966
81.35124359601012
82.84189458523753
84.35622641491865
85.89446556498092
87.45684084100435
89.04360525847873
90.65496645506096
92.2911835630154
93.95248836582056
95.63912020210405
97.3513190336928
99.08932328169149
100.85337233716842
102.64370600074648
104.46056211920815
106.30417786776721
108.17479183655567
110.07263501883189
111.99799652262695
113.95094122241522
115.93186152887614
117.94093530657993
119.97837851335919
122.04441538853777
124.13926559629382
126.26313756024456
128.41624440523728
130.59880400114002
132.8110054346328
135.0530551083576
137.32515024279985
139.62748352238023
141.96023843207578
144.32360071770498
146.7177501366436
149.1428608938605
151.5991031819776
154.08664265643543
156.6056404061679
159.15625293711577
161.73863216843412
164.3529254412461
166.99927553969968
169.6778207240892
172.38869477571097
175.13202705312767
177.90794255947498
180.71656202035396
183.55800197188904
186.43237485858668
189.33978914034893
192.2803494082841
195.2541565087635
198.26130767522164