9.445621573165766
9.480663490029297
9.53902401314531
9.620638155715145
9.72541237558856
9.853222991116407
10.003900347274568
10.177246314676381
10.373011636250858
10.590909497356625
10.830621800915726
11.091806741863472
11.37410917321172
11.67716834181924
12.000626759329263
12.34413268342358
12.707348372173435
13.089955169699753
13.491643843857496
13.912130743245427
14.351149848563207
14.808453721167668
15.283816509431654
15.777030235896062
16.28790582631994
16.816271781074846
17.36197429510473
17.92487563307134
18.504854103739635
19.101802280373946
19.715631078364957
20.34626029715609
20.993625848694
21.657677534584494
22.33837741157371
23.035699128578628
23.749630733095398
24.480169581759743
25.227324704979573
25.99111709316583
26.771583676280123
27.568761389421834
28.382705292648442
29.213480798485556
30.06115957474194
30.925579213295023
31.807568833961763
32.706495244017205
33.62277173772862
34.556340428511824
35.50750650277254
36.476348065389004
37.463005499006336
38.467630638373166
39.49038145864398
40.531423064587884
41.59092742701568
42.6690713126199
43.76603926188733
44.88201826276378
46.01721207839822
47.171810575203054
48.34602933214475
49.540071677012754
50.754153841274984
51.98849654677218
53.24332018082377
54.51885408495167
55.81532456355334
57.132962607957175
58.472022297136114
59.832742606522004
61.215307274744454
62.620024470218105
64.04711621565352
65.49683132376943
66.96941938232266
68.46512517155429
69.98419944344198
71.52689764082783
73.09346719584644
74.68415719936276
76.29922415662925
77.93891548750665
79.60348457713408
81.29317765093556
83.00824626890528
84.74893734818221
86.51549717942602
88.30817045962638
90.12720008885587
91.97282697257678
93.84528982990577
95.74482500828458
97.67166630500633
99.62604479601582
101.60818867242914
103.61832308519755
105.65666999832285
107.7234480510171
109.81887242919701
111.94315474663419
114.09650293612535
116.27912115093679
118.49120967683504
120.73296485475962
123.004579014808
125.30624042088164
127.6381332269217
130.00043744429215
132.39332892054873
134.81697932949746
137.271556172595
139.7572227914889
142.27413839165706
144.82245807695514
147.40233289489103
150.01390989239252
152.65733218183058
155.3327390170185