0.
3.971889227456797e-12
3.971889227456797e-12
1.0302087683716067e-11
7.110922932531247e-10
2.3002327610047533e-8
2.938427233564826e-7
2.0776400207980814e-6
9.853422455974856e-6
0.00003521233661199399
0.00010217535880779965
0.00025315003542860525
0.0005546931210016691
0.00110250036755565
0.002025387926274521
0.0034883151791149183
0.005694673240592314
0.008888135398166588
0.013354364984518583
0.019422833571532367
0.02746894174677075
0.03791656840901165
0.05124111027969012
0.0679730127299629
0.08870173734827215
0.11408005893590524
0.14482853639918802
0.1817399554120962
0.22568349599847884
0.27760832927498325
0.33854628721610147
0.40961315929689573
0.4920080236360375
0.5870097762366168
0.6959696291456516
0.8202977670628955
0.9614416119566477
1.1208524818181234
1.2999374931583456
1.4999955623156105
1.72214166579981
1.9672319534098137
2.2358097879477996
2.5280919447085437
2.8440013405707796
3.183234689383113
3.545342934286173
3.9298044802606724
4.3360807715273095
4.763652759095578
5.212041687226508
5.6808188903784576
6.169608692279872
6.678087366325637
7.2059800791545685
7.753056976128419
8.319129064374481
8.904044238792753
9.507683614102502
10.129958223271148
10.770806087593707
11.43018963622438
12.10809344105318
12.804522229357374
13.519499137641697
14.25306417300168
15.005272852191943
15.776194992442349
16.565913631740504
17.37452405963668
18.202132942447736
19.048857529305394
19.914824927546103
20.800171437744307
21.705041940201273
22.629589325931377
23.573973966293984
24.53836321625361
25.522930947012046
26.527857104445612
27.553327290166056
28.599532362654
29.666668056155288
30.754934615407088
31.864536444574117
32.99568176893965
34.14858230818434
35.32345296022598
36.52051149473024
37.7399782556187
38.98207587194381
40.24702897665411
41.535063932862975
42.84640856732512
44.1812919108808
45.53994394572957
46.92259535945569
48.3294773057332
49.76082117176783
51.216858352516944
52.697820031790556
54.20393697036713
55.73543930129947
57.292556332574954
58.87551635738001
60.48454647214716
62.119872402662445
63.781718338458006
65.47030677574821
67.18585836917241
68.92859179256435
70.69872360904036
72.49646815059366
74.32203740746029
76.17564092744387
78.05748572540995
79.9677762031139
81.90671407954771
83.87449833189719
85.87132514727664