2.5028645910142893
2.8061913141164196
3.1248560202734965
3.4587755524489716
3.8078794487183885
4.172109690567537
4.55141936212303
4.945770338576079
5.355133640540543
NaN
6.218813840843805
6.673112566172954
7.142376226722539
7.626605293661892
8.125809509775873
8.63999539466074
9.169199801222588
9.713426678406774
10.272709864002183
10.84708164537557
11.436580292996696
12.041241386810452
12.661131890095096
NaN
13.946772679020448
14.612652662658139
15.293997490211767
15.990880171585637
16.703398883979627
17.431625397556598
18.175661900440765
18.93560991128845
19.71157767447144
20.50367893756026
21.312034431225527
22.13677235201289
22.97802676341149
23.83593603514947
24.71064777625311
25.60231007893709
NaN
27.437141998038992
28.380639675437784
29.341758528324526
30.320677759740036
31.31758377061667
32.3326679336691
33.36612534643033
34.41815627987136
35.48896682870791
36.57876552643203
37.68775234698419
38.816175170907904
39.964245061688636
41.13216994826675
42.32018703013703
43.52852763727711
44.7574255741778
46.00711729669246
47.27784169559558
48.56983987926931
49.88335495570495
51.21863181406594
52.57591690601236
53.955458027023276
55.357504097915374
56.7823049468385
58.2301110919618
59.70117352512892
61.19574349674962
62.71407230225691
64.2564110703821
65.82301055364191
67.41412092133743
69.02999155544975
70.67087084979936
72.33700601287515
74.02864287471759
75.74602569828578
77.48939699572159
79.25899734994101
81.05506524198489
82.87783688454442
84.72754606211345
86.60442397816269
88.50869910975597
90.44059707001605
92.40034047879838
94.38814884197774
96.40423843963312
98.44882222352126
100.52210972406924
102.62430696717892
104.75561640110547
106.91623683355726
109.10636337923569
111.326187417924
113.57589656325464
115.85567464219442
118.16570168530292
120.50615392775707
122.8772038211069
125.27902005569959
127.71176759366752