3.7121340921454764
4.032635060772846
4.368966678458942
4.72099281853402
5.088596709040695
5.471679031153119
5.870161096308303
6.283969606540305
6.713048942121046
7.157353984931779
7.616847612256597
8.091506308048825
8.58130827985319
9.086244531470175
9.60630785977192
10.141507862736399
10.691847294674414
11.257344407165297
11.838020179371718
12.433900972514573
13.045024043906054
13.671427671901236
14.313156614014769
14.970263630965542
15.642809792261696
16.330856534821173
17.034476439062306
17.753747771340606
18.48875376377622
19.239588006886958
20.00634512714882
20.789136931718357
21.588064558401086
22.403249634439202
23.234821379055052
24.082903357772402
24.947635145081286
25.829163264832232
26.727634405926153
27.643205364729305
28.57603747836481
29.526301498243438
30.494168029927817
31.479818287363226
32.48343284003134
33.5052090488465
34.54533036741035
35.60397453732283
36.68144210142616
37.777835835445345
38.893408362939915
40.02835529778663
41.18295259487749
42.357370154852035
43.55185148728142
44.766629214840805
46.00194052671307
47.25801134062494
48.535089959875414
49.83341454391674
51.15322828072352
52.494776202847724
53.858304966626136
55.24406263139934
56.65229843896963
58.08326259349731
59.53720604209706
61.0143802563455
62.51503701499768
64.03942818817046
65.58780552330192
67.1604204332135
68.75752378658416
70.37936570122716
72.02619534051078
73.6982607133211
75.3958084779668
77.11908375043993
78.86832991744124
80.64378845461167
82.44569875039707
84.2742979359715
86.1298207216679
88.01249924032021
89.9225628979582
91.86023823223458
93.82574877901071
95.8193149474438
97.84115390394913
99.89147946536664
101.97050200162796
104.07842834821375
106.21546172864426
108.3818016872038
110.57764403212835
112.80318078934435
115.05860016691794
117.34408653026286
119.65982038818294
122.00597838971854
124.38273333180894
126.79025417767164
129.22870608584591
131.69825044974303