5.1236869504150775
5.459089992913258
5.81094347514347
6.179064640229922
6.563292988674508
6.963488733550207
7.379531309448769
7.811316721766964
8.258756722225412
8.721777324881158
9.200315869151162
9.69432159794362
10.20375654937118
10.72858778104905
11.268799145460173
11.824374947904454
12.395276420696023
12.981612501813089
13.583290674228916
NaN
14.832860227545416
15.480811928194969
16.144259149283855
16.823251924821065
17.517844192128667
18.228079315265774
18.954085918614172
19.695882447709977
20.453571852536523
21.22724667450571
22.017003571875374
22.822949736846592
23.645197603028237
24.483865135058583
25.339082115332907
26.210978529181737
27.099695739863094
28.00537933347986
28.928184938298813
29.86826669640534
30.825795930089466
31.800937365000014
32.793873572977226
33.8047821586698
34.83385489769886
NaN
36.94726220099923
38.03199437891845
39.13569669908339
40.258520963696284
41.40083264476791
42.5627054529199
43.74441054754806
44.94617657376198
46.168216207102425
47.410810890294634
48.67415014358226
49.95847969636898
51.26405813072922
52.5911125129249
53.93989294752415
55.31064610136566
56.703620060165356
58.119064157682224
59.557228752497764
61.01836500556214
62.50272465869322
64.01055981429857
65.54212271657937
67.09766553448881
68.67744014675033
70.28169792928081
71.91068954531895
73.56466473866578
75.24387213037743
76.948559019329
78.67897118704256
80.4353527072033
82.21794576028805
84.02699045373929
85.86272464811779
87.7253837896738
89.6152007497627
91.53240567152403
93.47722582426093
95.44988546588895
97.45060571386327
99.47960442493748
101.53709608409336
103.6232917029773
105.73839872809887
107.88262095907908
110.0561584771711
112.2592075842112
114.49196075224101
116.75460658382141
119.04732978319532
121.3703111383331
123.72372751386496
126.10775185488644
128.52255320158795
130.9682967146045
133.4451437109835
135.95325171060117