0.5907252981343241
0.8353986351434981
1.097999114228661
1.3776079124477991
1.6736775698670268
1.985846114603672
2.3138614758683915
2.6575349974505267
3.0167296045445764
3.3913233625907426
3.781272887883836
4.186477151946574
4.606902758959943
5.042512544088877
5.49334959274621
5.959202006128135
6.440259129922831
6.936454972645489
7.447798229230434
7.974297640295918
8.515989155829503
9.07288288764639
9.645015539310256
10.232426563275947
10.835161617899836
11.453268517464755
12.086804846054193
12.735833404743115
13.400422944603914
14.080648521028598
14.776594514204447
15.488344599439609
16.215998039645534
16.95965329670403
17.719418854131984
18.495406832350575
19.287745322283985
20.096552737509526
20.921969791649968
21.76413084029562
22.62294519942925
23.499283836234202
24.392584844335538
25.303252495482038
26.231455797332757
27.17737154224533
28.14117776294341
29.1230636841405
30.123214922415034
31.14183135225683
32.17911180570246
33.23526094402275
34.31048768419293
35.40500499779431
36.519029706778824
37.65278227648087
38.80648660627851
39.98036981825026
41.17466204410714
42.38959621070053
43.62540782436245
44.88233475432144
46.16061701541762
47.4604965503564
48.78221701172152
50.1260235439676
51.49216256563564
52.88088155201989
54.29242881853711
55.727053305072644
57.185004361556764
58.66653153509217
60.171884358906
61.70131214347576
63.255063770158415
64.8333874876633
66.4365307117647
68.06473982861496
69.71826000204854
71.39733498529623
73.10220693750918
74.83311624551467
76.5903013512085
78.37399858502825
80.18444200590159
82.02186324808999
83.88649137533423
85.77855274268663
87.69827086641209
89.64586630231881
91.62155653285797
93.62555586332049
95.65807532739623
97.71932260242448
99.80950193450839
101.92881407374658
104.07745621975101
106.25562197759011
108.46350132429754
110.70128058598927
112.96914242567665
115.26726584176905
117.59582617725204
119.95499513950693