 0.00000000000000E+00
-0.15566656631427E-08
 0.00000000000000E+00
 0.00000000000000E+00
 0.00000000000000E+00
 0.00000000000000E+00
 0.00000000000000E+00
 0.00000000000000E+00
 0.00000000000000E+00
 0.00000000000000E+00
 0.00000000000000E+00
 0.00000000000000E+00
 0.00000000000000E+00
-0.22238080902039E-09
 0.00000000000000E+00
 0.00000000000000E+00
-0.75552987588055E-09
 0.00000000000000E+00
 0.68156764551005E-09
 0.91016484027349E-09
 0.61540993017338E-09
 0.39554588328632E-09
-0.17355017752058E-08
 0.13633857433316E-08
 0.20267932534817E-09
-0.34145804351693E-09
 0.19365282007229E-08
-0.16536190353744E-09
-0.10943526334394E-08
-0.10167550490406E-08
-0.25967219654116E-09
-0.25172761987394E-09
-0.52986525843551E-09
-0.50007479614777E-09
 0.27168478958382E-09
 0.45112124093494E-09
 0.87764793639727E-09
 0.15744403947666E-09
-0.11835705935438E-09
-0.23682798876443E-09
-0.71350840362896E-09
-0.42901032720224E-10
-0.15191968790202E-08
-0.18965987075421E-09
-0.36344176592465E-08
-0.32672061146301E-08
-0.54089954738376E-08
-0.52589790182412E-08
-0.68787958491179E-08
-0.93858432200859E-08
-0.14693813482756E-07
-0.20249847730564E-07
-0.23752884793330E-07
-0.32384955462509E-07
-0.39626897263953E-07
-0.52213729918496E-07
-0.61972590894585E-07
-0.75219449087529E-07
-0.95904089664183E-07
-0.11664219580875E-06
-0.14010426289453E-06
-0.16514714540869E-06
-0.19536130386921E-06
-0.23349067749471E-06
-0.27420008213161E-06
-0.31953497380512E-06
-0.36718232045297E-06
-0.42402890106041E-06
-0.48788436557073E-06
-0.55828826316409E-06
-0.63255893291140E-06
-0.71597603724538E-06
-0.80552577913904E-06
-0.90372348885383E-06
-0.10097565001726E-05
-0.11249009122389E-05
-0.12451889145235E-05
-0.13772464709569E-05
-0.15180903072660E-05
-0.16681345813872E-05
-0.18277181818912E-05
-0.19951055943226E-05
-0.21748917843397E-05
-0.23633996510539E-05
-0.25598363868240E-05
-0.27650534824861E-05
-0.29844485513017E-05
-0.32135265687752E-05
-0.34488163238862E-05
-0.36972176726643E-05
-0.39549798695320E-05
-0.42243001835019E-05
-0.45034319333956E-05
-0.47907022323990E-05
-0.50904456941095E-05
-0.53988293542528E-05
-0.57146356978606E-05
-0.60425925568306E-05
-0.63824394579384E-05
-0.67268296874701E-05
-0.70854335830989E-05
-0.74504737776278E-05
-0.78257244241908E-05
-0.82093009252798E-05
-0.86032602982184E-05
-0.90052400394665E-05
-0.94167827576401E-05
-0.98364738997242E-05
-0.10263964875969E-04
-0.10699028175628E-04
-0.11141662240000E-04
-0.11594328290206E-04
-0.12053186263814E-04
-0.12520208654969E-04
-0.12994372131913E-04
-0.13475254541276E-04
-0.13965652260049E-04
-0.14458164229789E-04
-0.14960359298536E-04
-0.15466539206821E-04
