 0.00000000000000E+00
 0.00000000000000E+00
 0.00000000000000E+00
 0.00000000000000E+00
 0.00000000000000E+00
 0.00000000000000E+00
 0.00000000000000E+00
 0.00000000000000E+00
 0.00000000000000E+00
 0.00000000000000E+00
 0.00000000000000E+00
 0.00000000000000E+00
 0.00000000000000E+00
-0.23320792356399E-15
-0.44716518505217E-15
 0.60499305033362E-15
 0.18161883303917E-14
 0.17328314808048E-15
 0.17463729971033E-14
 0.20980811607092E-14
-0.10037193409480E-14
-0.13251130973953E-14
-0.30068736454230E-14
 0.15255489577461E-14
-0.63110325726514E-14
 0.22123720752220E-14
-0.63496393768825E-14
-0.93905934227970E-14
-0.17759332084366E-14
-0.30471508427952E-13
-0.58585105558735E-13
-0.10626250025239E-12
-0.15309726574907E-12
-0.29605847343989E-12
-0.43873840969212E-12
-0.66836673122080E-12
-0.94036819186471E-12
-0.13984422581914E-11
-0.19250654346603E-11
-0.27139929530877E-11
-0.36791254716204E-11
-0.49666398051987E-11
-0.65899026264121E-11
-0.85705027832404E-11
-0.11094649167445E-10
-0.14142706825660E-10
-0.17879350952553E-10
-0.22367147290063E-10
-0.27639656814771E-10
-0.33934284094726E-10
-0.41240116487652E-10
-0.49740482247320E-10
-0.59552086395915E-10
-0.70858524369968E-10
-0.83652685813571E-10
-0.98236328081527E-10
-0.11464551140922E-09
-0.13305831339184E-09
-0.15361239078428E-09
-0.17640597918090E-09
-0.20182724616997E-09
-0.22976244858182E-09
-0.26044462619850E-09
-0.29410198350896E-09
-0.33086410002999E-09
-0.37097142381084E-09
-0.41447762737126E-09
-0.46172779468335E-09
-0.51270133660417E-09
-0.56775892333612E-09
-0.62711249721529E-09
-0.69092277647114E-09
-0.75946628327615E-09
-0.83285966341333E-09
-0.91142051675917E-09
-0.99532778680835E-09
-0.10848837144671E-08
-0.11804047228299E-08
-0.12821300045165E-08
-0.13903462960957E-08
-0.15052399229854E-08
-0.16272716579251E-08
-0.17566339685362E-08
-0.18936609703883E-08
-0.20386802493700E-08
-0.21920744259028E-08
-0.23538802094110E-08
-0.25246941534120E-08
-0.27046842740018E-08
-0.28941644010202E-08
-0.30933798891522E-08
-0.33027044150074E-08
-0.35221275058958E-08
-0.37521729124165E-08
-0.39929389687963E-08
-0.42445570211110E-08
-0.45071902494856E-08
-0.47810604058844E-08
-0.50662931809872E-08
-0.53627812500846E-08
-0.56352161170241E-08
-0.59901717931623E-08
-0.63210154593272E-08
-0.66632864576135E-08
-0.70168945586911E-08
-0.73818677399378E-08
-0.77580771213631E-08
-0.81453699733528E-08
-0.85435798933988E-08
-0.89526079024845E-08
-0.93723464468115E-08
-0.98023495565777E-08
-0.10242453891655E-07
-0.10692586786540E-07
-0.11152472309558E-07
-0.11621419164652E-07
-0.12099372757133E-07
-0.12585749543067E-07
-0.13079994918521E-07
-0.13581785902111E-07
