 0.57760827932690E-08
 0.58850724722511E-08
 0.70599379844412E-08
 0.54510151524085E-08
 0.58361418403924E-08
-0.13857103436191E-07
 0.17207578572902E-07
 0.49532926772352E-08
 0.66903923053133E-08
 0.43631728865937E-08
 0.16072365747742E-07
 0.80020311873360E-09
-0.78148257614376E-07
-0.51210973451308E-07
 0.50227374074040E-08
 0.53767867130389E-08
 0.69634538063605E-09
-0.98912414580657E-07
 0.48182805242989E-08
 0.71587814871028E-08
-0.16978588230758E-07
-0.18437977359388E-07
 0.31884091559173E-08
 0.51309115357764E-08
 0.67632129748809E-08
 0.43467306287816E-08
 0.31883832797796E-08
 0.55279674918114E-08
 0.16961216115801E-07
 0.67255800888146E-08
 0.36436843535652E-08
 0.42987559399252E-08
-0.23831073614496E-06
-0.11789641039594E-06
 0.67412703549526E-07
 0.26335671494510E-06
 0.51393642205457E-08
 0.46522956729483E-08
 0.47437206526990E-08
 0.45215294738293E-08
 0.27787061761902E-07
 0.84770471664947E-08
 0.13510455575535E-07
-0.67094020470233E-08
 0.58982495834292E-08
 0.80347930232618E-08
 0.12592017038206E-08
 0.29158120888689E-08
 0.10051150251328E-07
 0.10999071715841E-07
 0.27807299377344E-07
 0.67683130251993E-07
 0.52721873721683E-08
 0.35991116784162E-07
 0.64890148587909E-08
 0.52609825334448E-08
 0.20903528535857E-08
 0.46702620956791E-08
 0.56996246489466E-08
 0.27880376946281E-09
 0.13627150709083E-08
 0.20020070159406E-07
 0.29671670169015E-08
 0.11767650656146E-07
 0.81289296231054E-08
 0.66148146152400E-08
 0.71504035830603E-09
 0.36412368284664E-08
 0.70096505125299E-08
-0.36737878563893E-08
-0.21439638988341E-08
-0.95333185444272E-08
 0.11389766392360E-07
-0.25989514540591E-06
 0.14394933729621E-06
 0.25641303010553E-07
-0.61661253620852E-07
 0.11633235561751E-06
-0.54328814822013E-06
 0.19085906521234E-08
-0.37273732051796E-07
 0.30217661147244E-08
-0.40611494273085E-08
-0.14585226990939E-07
 0.20206770491980E-07
 0.33420421488379E-08
 0.90240665379154E-09
 0.69515487735941E-08
 0.11334591815793E-07
-0.16717156844424E-07
 0.36796306643852E-08
 0.51151470080124E-08
-0.16851784855046E-06
 0.32167739866339E-09
-0.10464757777379E-07
 0.41417589641938E-08
 0.71980064742312E-09
-0.33194792151304E-08
 0.31496535671827E-08
-0.28541371873599E-08
-0.84401293993782E-08
-0.30188895749626E-07
 0.26414158997894E-08
 0.58885327503561E-07
-0.36153306158275E-07
 0.11998729318021E-07
 0.10200475985834E-07
-0.48368185593078E-08
-0.71049166846170E-08
 0.14103092904536E-07
-0.49459115128993E-08
 0.83811322714786E-08
-0.43650692629686E-08
-0.77227052881722E-08
-0.86261349538750E-08
-0.22361320751477E-07
-0.88972696386518E-08
 0.22297395370332E-08
-0.12421794429502E-07
-0.11515343136308E-07
