 0.63304025532185E-05
 0.63824064385652E-05
 0.57253325696462E-05
 0.51642018404791E-05
 0.46814009969973E-05
 0.42630059178065E-05
 0.38980480574423E-05
 0.35778663181163E-05
 0.32953873451400E-05
 0.30450044318089E-05
 0.28219761706669E-05
 0.26225122815349E-05
 0.24434188208979E-05
 0.22820816762974E-05
 0.21359142197930E-05
 0.20050886614576E-05
 0.18836819845805E-05
 0.17735367305843E-05
 0.16730732567866E-05
 0.15817117142169E-05
 0.14961904627808E-05
 0.14181432470497E-05
 0.13460703240285E-05
 0.12794374408267E-05
 0.12176794097792E-05
 0.11603457198899E-05
 0.11069829258198E-05
 0.10572772611339E-05
 0.10109094180566E-05
 0.96758059798031E-06
 0.92701448481785E-06
 0.88888693352963E-06
 0.85348660276483E-06
 0.81983029708481E-06
 0.78821365003970E-06
 0.75861363515298E-06
 0.73061933533773E-06
 0.70412682596386E-06
 0.67921351107540E-06
 0.65557246973859E-06
 0.63319171237935E-06
 0.61198466194506E-06
 0.59185858864017E-06
 0.57274366980525E-06
 0.55458743648807E-06
 0.53731199010553E-06
 0.52087003893426E-06
 0.50521051600248E-06
 0.49022027986627E-06
 0.47597300978256E-06
 0.46233384924244E-06
 0.44920411040536E-06
 0.43688469483175E-06
 0.42520701331570E-06
 0.41332252268977E-06
 0.40265088631286E-06
 0.39204132866410E-06
 0.38199141382359E-06
 0.37208192754989E-06
 0.36313685219269E-06
 0.35414172599565E-06
 0.34534668981376E-06
 0.33720424672197E-06
 0.32916661368097E-06
 0.32145804653784E-06
 0.31401902167580E-06
 0.30685099333062E-06
 0.29992423236915E-06
 0.29322753659896E-06
 0.28674264271161E-06
 0.28047095979014E-06
 0.27441483956786E-06
 0.26853295715827E-06
 0.26285408406446E-06
 0.25732527756627E-06
 0.25198061582649E-06
 0.24678451164305E-06
 0.24174318534093E-06
 0.23685284992542E-06
 0.23209418523538E-06
 0.22747370465921E-06
 0.22297410811105E-06
 0.21859865198779E-06
 0.21434542534808E-06
 0.21017924921104E-06
 0.20617462228997E-06
 0.20222025086400E-06
 0.19839465986111E-06
 0.19464135065127E-06
 0.19098501391420E-06
 0.18743848449733E-06
 0.18396641071269E-06
 0.18058049692245E-06
 0.17726742705895E-06
 0.17403125172543E-06
 0.17087548663006E-06
 0.16778715285357E-06
 0.16477378665733E-06
 0.16182334759484E-06
 0.15893801244296E-06
 0.15611596368889E-06
 0.15335281928937E-06
 0.15065412178993E-06
 0.14801019642803E-06
