0.
0.
0.
0.
0.
0.
0.
0.
0.
0.
0.
0.
0.
0.
0.
0.
0.
0.
0.
0.
0.00003051943403025842
0.000045779151045387627
0.000045779151045387627
0.000045779151045387627
0.000045779151045387627
0.000047686615672278774
0.00005150154492606108
0.00004864034798572435
0.00011444787761346908
0.00017357928104709476
0.00039484517776646827
0.0009203516824749804
0.0020295423630121846
0.004393844768043767
0.0091720436584061
0.01837460675084246
0.035652421341222505
0.06692721136372982
0.1219423061325244
0.21587635541609257
0.37236570713855605
0.6268233958304625
1.0314138103757178
1.6615237677583137
2.6240905036233357
4.068052670967698
6.197858050895476
9.28973613334991
13.711988772081968
19.948926004520874
28.630314444416392
40.56500302201395
56.78151001638564
78.5737306765521
107.55481260613676
145.7171789065125
195.5016356202339
259.87422634205177
342.41211962866794
447.3991071690131
579.9306106656893
746.0286580802853
952.7676370538333
1208.4105298453908
1522.5559731323806
1906.2966195388437
2372.3888466707594
2935.43290761273
3612.0661313439164
4421.165978069959
5384.06515640748
6524.778360843073
7870.239545073186
9450.551019717199
11299.243050623296
13453.544905777004
15954.665499618035
18848.085934213956
22183.861020777385
26016.931534486597
30407.446018074057
35421.092440330955
41129.43868617299
47610.28291402061
54948.012175362346
63233.97016153634
72566.83311922912
83052.9946604821
94806.9582159085
107951.73750784565
122619.26567195168
138950.81120180336
157097.40202883029
177220.25779099506
199491.22859448288
224093.24271281646
251220.76078565718
281080.23839042167
313890.59665481566
349883.69970667525
389304.84156384994
432413.24025814555
479482.54059531353
530801.3260737311
586673.6390862467
647419.5108005018
713375.5004812015
784895.2446034007
862350.016399624
946129.2961345637
1.0366413522389771e6
1.1343138344939882e6
1.239594378876677e6
1.352951225435559e6
1.4748738486694943e6
1.6058736023279843e6
1.7464843777392074e6
1.897263278901806e6
2.0587913098082936e6
2.2316740811521127e6