0.
0.
0.
0.
0.
0.
0.
0.
0.
0.
0.
0.
0.
0.
0.
0.
0.
0.
0.
0.00001525971701512921
0.00003051943403025842
0.000045779151045387627
0.000045779151045387627
0.000045779151045387627
0.000046732883358833204
0.00004864034798572435
0.000055316474179843384
0.00005817767112018011
0.0001411523823899452
0.00024320173992862176
0.0005636557972463351
0.001312335663301112
0.0028926701066804305
0.006209751092844142
0.012842005600544675
0.025546673747953188
0.0490723887237152
0.09138186161278782
0.16508057240198123
0.2900929428514869
0.4966932977870078
0.8303002774394491
1.3572259358303682
2.1725602458072295
3.410481899084064
5.256532841115514
7.964129284907203
11.873600115456737
17.436030197589847
25.242023988801577
36.05506518811602
50.851685079931656
70.8670242340993
97.64851809784601
133.1165343425315
179.63326762477465
240.080449695353
317.94612091881226
417.42094388487214
543.5046332584805
702.1225857969598
900.2533466736998
1146.0670351398624
1449.0748821212721
1820.2899484192164
2272.3997826860773
2819.9501102689014
3479.5405572010327
4270.031703579899
5212.763464423478
6331.785884306566
7654.099949047527
9209.91073201505
11032.890777797573
13160.454821934956
15634.045170516258
18499.426895590455
21806.993616052125
25612.083586465942
29975.304612683794
34962.86875847776
40646.93651319769
47105.969214935656
54425.09090991793
62696.45796192576
72019.6373759682
82501.99284051072
94259.07902616428
107415.04313083265
122103.03441522898
138465.6209333489
156655.2135322915
176834.49770701944
199176.8721016797
223866.8947714439
251100.7361576709
281086.64020031283
314045.39219893154
350210.7947375215
389830.15068125766
433164.75470533303
480490.3924965722
532097.8483984374
588293.4213363384
649399.4501600954
715754.8474727113
787715.6434075276
865655.5393632961
949966.4716027547
1.0410591857742945e6
1.139363822732498e6
1.2453305158645005e6
1.3594300002559866e6
1.482154234925226e6
1.6140170378695494e6
1.75555473580407e6
1.9073268261863869e6
2.069916656150005e6
2.2439321164027723e6
2.4300063511556466e6