0.
0.
0.
0.
0.
0.
0.
0.
0.
0.
0.
0.
0.
0.
0.
0.
0.
0.
0.
0.
0.
0.00001525971701512921
0.00003051943403025842
0.000045779151045387627
0.000045779151045387627
0.00001525971701512921
0.00003242689865714957
0.00002002837858235709
0.000029565701716812843
0.00007152992350841816
0.0001087254837327956
0.0003023331433622475
0.0006437693115757634
0.0014677940303927408
0.0031826047299678855
0.006534020079415638
0.013005093826143867
0.02508220611130519
0.04685400736264079
0.08504431038994197
0.15015180049961763
0.25845954947912403
0.4344002717343101
0.7142262862315554
1.1502135685354389
1.816893437744792
2.8182828011609296
4.297847795766216
6.450039180555188
9.535192496467518
13.897314220301459
19.98553692683711
28.379548653509833
39.819828122211085
55.24268200328747
75.821027462996
103.01112695432757
138.60587133389444
184.79526747271373
244.2341418056742
320.11826724479545
416.2686702545397
537.2245682508275
688.3461523787261
875.9264202560583
1107.3130629630625
1391.040849763623
1736.974279754859
2156.460571974987
2662.494255757315
3269.892327484535
3995.480479221445
4858.29095811323
5879.771187699169
7084.003912220158
8497.938819094616
10151.634903281445
12078.514101897737
14315.626241055443
16903.924901025584
19888.553475847133
23319.14262049975
27250.118109972158
31741.018111668476
36856.82221447275
42668.28894412363
49252.30393559394
56692.23767045154
65078.312195517494
74507.97763444752
85086.2979409797
96926.34506791589
110149.60273541915
124886.37852634782
141276.2250859183
159468.36919824293
179622.1507664245
201907.4689742546
226505.23811875816
253607.85152561896
283419.65423131257
316157.424753355
352050.86546798464
391343.10183466604
434291.19211641705
481166.6446985217
532255.9467433055
587861.1022458494
648300.1804729889
713907.8750039993
785036.0741378652
862054.4427300764
945351.0159510779
1.0353328054060449e6
1.1324264184028117e6
1.2370786909640357e6
1.3497573343442117e6
1.4709515969027316e6
1.60117294079508e6
1.7409557357930653e6