0.
0.
0.
0.
0.
0.
0.
0.
0.
0.
0.
0.
0.
0.
0.
0.
0.
1.9859446137283985e-12
1.9859446137283985e-12
3.971889227456797e-12
5.9578338411851955e-12
2.1100661520864233e-12
6.33019845625927e-12
5.5854692261111204e-12
1.1295059990580266e-11
2.283836305787658e-11
5.461347687753096e-11
1.3665781373218543e-10
3.330180874145808e-10
7.856893378062976e-10
1.7607881431469413e-9
3.786079284534834e-9
7.77311133967131e-9
1.5333478362596963e-8
2.9182959612585382e-8
5.369994235521589e-8
9.579526560318661e-8
1.6607163940611672e-7
2.8040619446461135e-7
4.6199588096086345e-7
7.440705171440834e-7
1.1732835415153636e-6
1.8139618101795192e-6
2.753390691948372e-6
4.108054899289393e-6
6.031280527320866e-6
8.722139781216772e-6
0.000012435878550765781
0.000017495944283924302
0.000024307718793820417
0.00003337406373670398
0.00004531278054050438
0.00006087600526404974
0.00008097168422975518
0.00010668704850956474
0.00013931424030600388
0.00018037806441809022
0.00023166577244567785
0.000295259032029363
0.00037356789010290354
0.00046936684658415475
0.0005858328000670472
0.0007265849958422211
0.0008957267743005744
0.0010978890616308449
0.0013382756296214792
0.0016227098812885712
0.001957683130803003
0.0023504043633186854
0.002808851268039541
0.003341822516225515
0.003958991181737348
0.0046709592076776725
0.005489312837704711
0.006426678999482283
0.007496782363226876
0.008714503324711916
0.010095936537758102
0.01165845012579267
0.013420745487702588
0.01540291761084835
0.017626515903526412
0.020114605491273814
0.02289182895752792
0.025984468548004208
0.029420508761712667
0.03322969939898968
0.037443619044079446
0.042095738947262595
0.04722148742072387
0.05285831464985462
0.05904575805118647
0.06582550815051846
0.07324147502703837
0.08133985531524615
0.09016919991573556
0.09978048235302138
0.11022716785786396
0.12156528317893206
0.13385348729347782
0.147153142925919
0.16152838893465124
0.17704621375910665
0.19377652974695797
0.21179224860437482
0.23116935793085344
0.2519869988552532
0.2743275448638961
0.29827668190997286
0.32392348970545515
0.35136052441446386
0.380683902653265
0.41199338693715026
0.4453924726190101
0.4809884762663519
0.5188926257186744
0.5592201517287587
0.6020903813587876
0.6476268331432129
0.6959573141400062