0.
0.
0.
0.
0.
0.
0.
0.
0.
0.
0.
0.
0.
0.
0.
0.
0.
1.9859446137283985e-12
3.971889227456797e-12
3.971889227456797e-12
5.9578338411851955e-12
2.1100661520864233e-12
6.57844153297532e-12
6.454319994617295e-12
1.4273976911172864e-11
3.14027492045803e-11
7.832069070391371e-11
1.9772561060433367e-10
4.805985965222724e-10
1.1221828282949032e-9
2.4960841363798806e-9
5.2900599648190215e-9
1.075376596180092e-8
2.103301528245911e-8
3.966626474230417e-8
7.236844233195463e-8
1.2806165247166205e-7
2.2032628091625464e-7
3.693272369089155e-7
6.043312621006217e-7
9.669433996628295e-7
1.5152453304978703e-6
2.328777984153255e-6
3.514790437670311e-6
5.215687952614892e-6
7.617819779993126e-6
0.000010961895315628885
0.000015555026992422968
0.00002178449486247086
0.000030133488683529594
0.00004119874025239228
0.00005571029087696548
0.0000745533345328325
0.00009879223351910261
0.00012969678332065685
0.00016877063557158123
0.00021778198065120573
0.00027879640923374926
0.00035421198791796575
0.00044679638459987474
0.0005597261479747902
0.0006966279420776998
0.0008616217140166047
0.0010593656859201077
0.0012951031691133068
0.0015747109082157702
0.001904749118381416
0.002292512848404665
0.0027460847774303616
0.0032743892353779397
0.003887247344555447
0.004595433268189448
0.005410731368393436
0.006345994256321866
0.007415201673069643
0.008633519986959168
0.01001736244486573
0.011584449932565332
0.013353872325776908
0.015346150242737725
0.017583297341548218
0.02008888292881363
0.0228880950162403
0.026007803757540346
0.029476625201225626
0.0333249854193659
0.03758518502149608
0.04229146400290692
0.04748006704089033
0.05318930911233534
0.05945964162307724
0.06633371896881722
0.07385646564254914
0.08207514376176543
0.09103942131035479
0.10080144092365559
0.11141588934388995
0.12294006757887024
0.13543396182864564
0.14896031519237674
0.16358470023164856
0.17937559241392959
0.19640444445640848
0.21474576170897602
0.2344771785078379
0.2556795355909868
0.27843695862865864
0.3028369379030301
0.3289704091330611
0.3569318355944218
0.3868192914136095
0.4187345462561977
0.4527831513445525
0.48907452684771097
0.5277220507953492
0.5688431494524118
0.6125593893301602
0.6589965708323978
0.7082848236365421
0.7605587039231145