0.
0.
0.
0.
0.
0.
0.
0.
0.
0.
0.
0.
0.
0.
0.
0.
0.
0.
0.
0.
5.9578338411851955e-12
1.9859446137283985e-12
5.9578338411851955e-12
4.2201323041728465e-12
6.702563071333345e-12
2.358309228802473e-12
9.433236915209893e-12
2.730673843876548e-11
6.106779687214825e-11
1.4385686295695087e-10
3.4418902586680306e-10
7.711671178184088e-10
1.6688140832236448e-9
3.444869175588623e-9
6.837731426605234e-9
1.3107606815222503e-8
2.4279414118213253e-8
4.3641753494373346e-8
7.624935047179499e-8
1.2978843131329888e-7
2.1560420111096194e-7
3.501556723372117e-7
5.568090969525614e-7
8.681771609175053e-7
1.3289842057839757e-6
1.999664387970803e-6
2.960600677541719e-6
4.317375075156365e-6
6.206828846180618e-6
8.804227064123698e-6
0.000012331601067474284
0.000017067243509141827
0.00002335657681071979
0.00003162435952281087
0.00004238844879707856
0.00005627498827004531
0.00007403523993666611
0.00009656400738614551
0.00012491981548164377
0.00016034663088476043
0.00020429741362095144
0.0002584593488782113
0.000324780789076432
0.00040549989776717476
0.0005031749932537875
0.0006207165600326338
0.0007614208838681645
0.0009290052674316596
0.0011276448543068634
0.001362010859665014
0.001637310405334878
0.001959327626622067
0.002334466153153784
0.0027697929968894482
0.003273083531159647
0.003852867737730717
0.004518477596532212
0.005280095490077948
0.006148803725973859
0.007136634946398371
0.008256623557613585
0.009522857996303851
0.010950533894554308
0.01255600803523535
0.014356853143842167
0.016371913397880876
0.018621360744037647
0.02112675191179375
0.02391108615339988
0.026998863700155848
0.030416144980920663
0.03419061047500778
0.03835162134940437
0.04293028084469166
0.04795949633966192
0.05347404229148873
0.059510623869736635
0.06610794152153064
0.07330675630454146
0.08114995615299246
0.08968262311044922
0.09895210143505932
0.10900806684720692
0.11990259673215832
0.13169024148549457
0.1444280970966565
0.15817587878789496
0.1729959960799985
0.18895362909377472
0.2061168062312669
0.22455648332048764
0.24434662427530388
0.26556428327332876
0.28828968858326426
0.3126063280738426
0.3386010364924923
0.3663640845781488
0.39598927004594114
0.4275740105788006
0.4612194388914021