0.
0.
0.
0.
0.
0.
0.
0.
0.
0.
0.
0.
0.
0.
0.
0.
0.
0.
1.9859446137283985e-12
0.
5.9578338411851955e-12
1.9859446137283985e-12
6.08195537954322e-12
4.2201323041728465e-12
7.074927686407419e-12
7.695535378197545e-12
1.539107075639509e-11
3.835355535262969e-11
8.973987223285201e-11
2.1696444904982752e-10
5.064158765007416e-10
1.1234240436784834e-9
2.3844988733960164e-9
4.873880446704564e-9
9.582431004316238e-9
1.8177723414071107e-8
3.3394031044458094e-8
5.951441581959757e-8
1.0316535430780942e-7
1.7427905200850278e-7
2.87436810761825e-7
4.6362572088104266e-7
7.324443008891639e-7
1.1349219182627407e-6
1.727003998107424e-6
2.583760612159069e-6
3.8045537825471187e-6
5.519124277914143e-6
7.894744613549872e-6
0.00001114460284069959
0.000015537435495034563
0.000021408494106930588
0.000029172051687672942
0.00003933533822693246
0.000052514154065197116
0.00006945008244810384
0.00009102944077527962
0.00011830398159050888
0.00015251330955216857
0.000195109167425788
0.0002477814148461487
0.0003124859097384456
0.0003914740787853426
0.0004873242663074296
0.0006029748364845298
0.0007417589288758989
0.0009074408710870822
0.0011042542006725166
0.0013369411845644936
0.001610793913480321
0.0019316967151208318
0.002306170008916437
0.00274141541042883
0.003245362147344981
0.003826714563644668
0.004495000787407418
0.005260622486917105
0.006134905543404108
0.007130151758961092
0.008259691396817837
0.009537936653520564
0.0109804358078219
0.012603928320962422
0.014426400498478058
0.016467142004846558
0.01874680301301564
0.02128745199290884
0.024112634232496634
0.02724743097438631
0.030718519187665855
0.034554232069086
0.03878462008640516
0.04344151279823869
0.04855858135409421
0.0541714016404595
0.06031751824001061
0.06703650909086543
0.07437005103082392
0.08236198606101655
0.09105838860215298
0.10050763356066357
0.1107604654199607
0.12187006830307535
0.13389213711626805
0.14688494973662614
0.16090944043777336
0.17602927441914407
0.19231092366807445
0.20982374412728014
0.22864005416424432
0.24883521456432228
0.2704877099377139
0.2936792316718741
0.31849476254466835
0.3450226629419247
0.3733547588385033
0.40358643157205376
0.43581670951459145
0.47014836167093527
0.5066879933239108