0.
0.
0.
0.
0.
0.
0.
0.
0.
0.
0.
0.
0.
0.
0.
0.
0.
0.
1.9859446137283985e-12
0.
5.9578338411851955e-12
1.9859446137283985e-12
6.08195537954322e-12
4.344253842530871e-12
7.32317076312347e-12
8.440264608345693e-12
1.7625258446839536e-11
4.4311389193814893e-11
1.0475857837417302e-10
2.5295969517365474e-10
5.87839605663606e-10
1.2991801419934466e-9
2.7490438315535355e-9
5.591551181490664e-9
1.094478900933392e-8
2.0697638885815725e-8
3.788387945148293e-8
6.73016770146417e-8
1.1630262617069948e-7
1.9588054393664164e-7
3.2214876430056856e-7
5.182015889324511e-7
8.165444627836423e-7
1.262113851115128e-6
1.91601962800056e-6
2.8600628520794105e-6
4.2023098166015565e-6
6.083494858983475e-6
8.684740472251039e-6
0.00001223639823397368
0.00001702826227116972
0.000023421246118148937
0.0000318604758011078
0.000042890061542409465
0.0000571694655437255
0.00007549160945665924
0.00009880271806544771
0.00012822393157746364
0.00016507480356812805
0.0002108985190021017
0.00026748900746624544
0.00033691987068710686
0.0004215750822557316
0.0005241814579462195
0.0006478429130120681
0.000796076337406769
0.0009728491936872351
0.0011826186326753985
0.001430372223072172
0.0017216700976705277
0.00206268852398735
0.0024602648491689623
0.0029219436518544886
0.0034560242105963787
0.0040716090119229335
0.004778653448726387
0.0055880164419911055
0.00651151214622695
0.007561962426566232
0.00875325033565966
0.010100374343865915
0.011619503327451448
0.013328032318027672
0.01524463898567058
0.017389340778146804
0.01978355267205886
0.02245014566263766
0.025413505830451967
0.028699594027732513
0.03233600621633425
0.03635203441265289
0.04077872831173451
0.04564895753819894
0.05099747455351781
0.05686097831435207
0.06327817861579214
0.07028986117634836
0.07793895354077825
0.08627059182780913
0.09533218826727372
0.10517349970440062
0.11584669707771442
0.12740643579396188
0.13990992728281348
0.1534170115141276
0.1679902307962727
0.18369490465244565
0.20059920602546236
0.21877423876100052
0.23829411648137594
0.2592360428044238
0.28168039315411486
0.3057107979983206
0.3314142276897329
0.3588810790956223
0.388205263757023
0.41948429794585945
0.45281939464310234
0.48831555724581344
0.5260816755597644