 0.49862356698941E-14
 0.72527096709865E-14
 0.34190996927178E-13
 0.20329251738832E-12
 0.11210154725105E-10
 0.12340734597846E-09
 0.64929219676949E-09
 0.21934926237610E-08
 0.55820850362123E-08
 0.11752635131371E-07
 0.21816076825258E-07
 0.37361112098357E-07
 0.60913987812551E-07
 0.96614040247981E-07
 0.15111895927914E-06
 0.23483622801278E-06
 0.36374159095248E-06
 0.56209977367046E-06
 0.86641120963558E-06
 0.13313281987255E-05
 0.20372131342738E-05
 0.31080032162388E-05
 0.47183513472994E-05
 0.71296850146037E-05
 0.10720117061242E-04
 0.16035742064518E-04
 0.23869640325152E-04
 0.35409329367074E-04
 0.52494681540548E-04
 0.77519088052020E-04
 0.10936964964933E-03
 0.12524652651383E-03
 0.54504854846275E-04
-0.17495139275598E-03
-0.48194499296180E-03
-0.61430131710008E-03
-0.41234614036878E-03
-0.53859748689137E-05
 0.33120624247468E-03
 0.43870336629796E-03
 0.35389833395860E-03
 0.20111773579726E-03
 0.73242580055373E-04
-0.12533858754329E-05
-0.32586881789997E-04
-0.39579674483890E-04
-0.36110574140494E-04
-0.29557561018571E-04
-0.23047694029560E-04
-0.17593442773370E-04
-0.13332016667977E-04
-0.10104853305205E-04
-0.76923349471375E-05
-0.58948213133415E-05
-0.45529796327707E-05
-0.35464876595327E-05
-0.27864724758326E-05
-0.22083688186385E-05
-0.17651624197927E-05
-0.14225385956518E-05
-0.11556270134702E-05
-0.94602084154408E-06
-0.78007932937950E-06
-0.64785610117187E-06
-0.54160010725868E-06
-0.45565459481397E-06
-0.38568405327355E-06
-0.32840209216762E-06
-0.28109063486500E-06
-0.24189856204400E-06
-0.20919315188607E-06
-0.18178797863393E-06
-0.15867969041373E-06
-0.13910612407410E-06
-0.12250908276983E-06
-0.10826196481752E-06
-0.96002027714268E-07
-0.85454005973680E-07
-0.76316077255811E-07
-0.68385290115795E-07
-0.61511783248958E-07
-0.55415762509752E-07
-0.50160949024698E-07
-0.45449718677791E-07
-0.41277521197526E-07
-0.37664419555381E-07
-0.34374598566529E-07
-0.31489409737930E-07
-0.28858995711324E-07
-0.26579894728407E-07
-0.24503827947687E-07
-0.22567821184044E-07
-0.20929955905655E-07
-0.19330012160412E-07
-0.18003291636119E-07
-0.16704222934743E-07
-0.15558339547016E-07
-0.14532166237773E-07
-0.13552185245631E-07
-0.12664241544028E-07
-0.11887352402494E-07
-0.11175996650770E-07
-0.10576196873739E-07
-0.99337343577875E-08
-0.93433628755457E-08
-0.88473797247810E-08
-0.83914580171277E-08
-0.79618573589808E-08
-0.75188670331798E-08
-0.71704991071341E-08
-0.68206644276953E-08
-0.64774347777180E-08
-0.61777782150736E-08
-0.59349603150267E-08
-0.56631911168797E-08
-0.54108332572070E-08
-0.52327659308546E-08
-0.50473340380138E-08
-0.48752934748865E-08
-0.46560278397840E-08
