 0.00000000000000E+00
 0.00000000000000E+00
 0.00000000000000E+00
 0.00000000000000E+00
 0.00000000000000E+00
 0.00000000000000E+00
 0.46907436853651E-09
 0.15293372545305E-08
 0.30523323239434E-08
 0.25744249871900E-07
 0.19190609648602E-07
 0.40035920347622E-07
-0.83462358294684E-07
 0.29683822969678E-06
 0.84977109297817E-06
 0.19069267331748E-05
 0.51885541176293E-05
 0.11731885780177E-04
 0.25668393402200E-04
 0.49593128566659E-04
 0.93089525221460E-04
 0.16279336284908E-03
 0.26403385606810E-03
 0.41502060710393E-03
 0.63614343197641E-03
 0.93105806497192E-03
 0.13338771135544E-02
 0.18619986435628E-02
 0.25475732767804E-02
 0.34171762439095E-02
 0.45192382469732E-02
 0.58863673408948E-02
 0.75975929830678E-02
 0.97237823887228E-02
 0.12362027155404E-01
 0.15611755124750E-01
 0.19629127285459E-01
 0.24596495589012E-01
 0.30702694043133E-01
 0.38256612380567E-01
 0.47535047501619E-01
 0.58867076561558E-01
 0.72636512950227E-01
 0.89319756582064E-01
 0.10942630286541E+00
 0.13349994119182E+00
 0.16216215991798E+00
 0.19598834010387E+00
 0.23568204196316E+00
 0.28172742313941E+00
 0.33504335509592E+00
 0.39612353898927E+00
 0.46558611726336E+00
 0.54398655028198E+00
 0.63178566956110E+00
 0.72953043354950E+00
 0.83727833102052E+00
 0.95531545211578E+00
 0.10830931113768E+01
 0.12203233324878E+01
 0.13659279077176E+01
 0.15178705522251E+01
 0.16732711163394E+01
 0.18279411195190E+01
 0.19757439274622E+01
 0.21075106221903E+01
 0.22110509304876E+01
 0.22687461992939E+01
 0.22581224642709E+01
 0.21477567540082E+01
 0.18967021058319E+01
 0.14524832696721E+01
 0.74762381804068E+00
-0.29954315231928E+00
-0.17886148964380E+01
-0.38345825843496E+01
-0.65640354185898E+01
-0.10108352139498E+02
-0.14587275398999E+02
-0.20088924401390E+02
-0.26634796571142E+02
-0.34139655988558E+02
-0.42357080384641E+02
-0.50827060039593E+02
-0.58820318787762E+02
-0.65309954816569E+02
-0.68981720787875E+02
-0.68299120315302E+02
-0.61660698465912E+02
-0.47637026051273E+02
-0.25292530470557E+02
 0.54685430051030E+01
 0.43574569663896E+02
 0.86605702248834E+02
 0.13081806601107E+03
 0.17145280571480E+03
 0.20332836591746E+03
 0.22164448631749E+03
 0.22283799650124E+03
 0.20532139838737E+03
 0.16991167576035E+03
 0.11981919334763E+03
 0.60204098552277E+02
-0.26360406308324E+01
-0.62259241415033E+02
-0.11304366431697E+03
-0.15093086092548E+03
-0.17382471369036E+03
-0.18161643171891E+03
-0.17589438079807E+03
-0.15942334128296E+03
-0.13557027955897E+03
-0.10774971841465E+03
-0.79002399904321E+02
-0.51736706127056E+02
-0.27612666899216E+02
-0.75747848696664E+01
 0.80499734387123E+01
 0.19395039211753E+02
 0.26903035649804E+02
