24.58329098319622
24.621949510670035
24.686350130669467
24.776447340992462
24.892176778276916
25.0334528604184
25.200167580988854
25.39218748668732
25.609350545696337
25.85146530015833
26.11830827482002
26.4096297275463
26.7251547990887
27.064589137705404
27.427624948323853
27.81394404053215
28.223224783333528
28.655144874894656
29.10938589209089
29.585636313492707
30.083592160707127
30.602961832459094
31.143465991859337
31.704841038714704
32.286834055219416
32.88921171688747
33.5117530362085
34.154261359588034
34.81654795231797
35.49844322880579
36.19979883120742
36.92048046091948
37.66036828725975
38.41936294010692
39.197379713901256
39.99435023990802
40.81025963322174
41.64495629282331
42.49853347142048
43.370944240277524
44.26219547354251
45.172307797050266
46.10131467077463
47.049262535892105
48.016210350597156
49.00222901296874
50.0074006158287
51.031818053909085
52.07558582323833
53.13881715597648
54.221635827775884
55.324174577869144
56.44657398054577
57.588984902038646
58.75156436831454
59.93447873917753
61.13824077910011
62.362002975091116
63.60697846460624
64.87301714708575
66.16031391540682
67.46907345439904
68.79950000805202
70.1518072938006
71.52621235140789
72.92292820742453
74.34219492280229
75.78422245865721
77.24924715978452
78.73750070621836
80.24921994717083
81.78463772449925
83.343997064287
84.92753475365973
86.53549128283437
88.16811767187781
89.82564721544108
91.50832479129289
93.21638626565655
94.95010198410586
96.70968711681348
98.49538282074435
100.30745884161414
102.1461265057798
104.011633336792
105.90421527880719
107.8241104847137
109.77154863432423
111.74676006831673
113.74997335908533
115.7814123234824
117.84130102231204
119.92985891998225
122.04729645545999
124.19381841126531
126.36967051576961
128.57501704810934
130.81007549192128
133.0750403842653
135.3701052433327
137.69545881353838
140.05128557111777
142.4377656545921
144.85507480763468
147.30338433438817
149.78286106727185
152.29366734720438
154.835961016187
157.40989542211094
160.01561943559406
162.65327747864782
165.32300956491673
168.0249513511677
170.75923419968933
173.5259852513368
176.32532750867762
179.1573799289422
182.0222575263066
184.92007148305262
187.85092926916664