22.308603070140865
22.346835312815497
22.410524718293484
22.49962372428566
22.614064926972407
22.753759673490517
22.91859484991029
23.108430734826225
23.323097235071007
23.562393604030103
23.826086664008468
24.1139158355875
24.425597393222823
24.76082715333429
25.11928927001754
25.500659583387964
25.90461154183001
26.330819711052598
26.778964048909724
27.248731387878603
27.739820684277902
28.25196407352192
28.784816926262877
29.338185505741606
29.91180146691703
30.50543430421585
31.11886991508589
31.751911646820886
32.404379776990844
33.07610980684111
33.766957228952016
34.47678946771826
35.20549735634844
35.95298089762918
36.719160311036035
37.50397099233713
38.307363426432175
39.12930357819605
39.9697713971278
40.82876183514053
41.70628436749549
42.602359819169834
43.517024967881916
44.450326797095755
45.402324588927264
46.37309328386974
47.36271287570945
48.37127708093164
49.39889429800898
50.44567491879025
51.51174410729796
52.59723456635847
53.702288937720155
54.827056091231896
55.97169380618946
57.13636791016761
58.32125084261849
59.52652124004171
60.75236219219982
61.99897482285922
63.2665467383978
64.55528295815556
65.86532874421361
67.19708151896421
68.55057443359797
69.92608742230432
71.32384457187243
72.7440571946533
74.18700605839118
75.65287201622209
77.14190869633113
78.65435437974485
80.19044869239201
81.75042917861016
83.3345455693683
84.94303172096471
86.57614182892718
88.23411059442905
89.91719223933235
91.62562428664472
93.35965333508435
95.11952214821854
96.9054749405615
98.71775618062742
100.55660226327682
102.4222523058262
104.31494676542891
106.2349182638447
108.18240194229872
110.15762549864758
112.16081886663329
114.1922063377021
116.25201137971733
118.34044380593413
120.45774391790576
122.60409944807012
124.77972675458793
126.98483088872896
129.21961273134582
131.48426916400823
133.7789929696396
136.10397274498197
138.45939282507103
140.8454332198516
143.26226956304382
145.7100730732826
148.1890105275528
150.699244246855
153.24093209400743
155.81422748346466
158.41927940293488
161.05623244662186
163.72522685976975
166.42639859423122
169.15987937481125
171.92579677587955
174.72427430798172
177.55543151400468
180.41938407446807
183.3162439215235