42.51038777494222
42.56552964579887
42.63443009514168
42.73084033431663
42.854708867993
43.005969425783384
43.18453761154406
43.390311733728446
43.62316909447844
43.88296463391634
44.16952693911843
44.48266843103812
44.82216612192028
45.18778532703331
45.57926788410417
45.99634281685506
46.4387267051341
46.90611543840491
47.39825710628799
47.91481278924144
48.45550812524928
49.02005225147137
49.60816671873641
50.219582742138954
50.85404193198489
51.511299237361925
52.19112509928373
52.89330310471877
53.617639224607835
54.36394556688783
55.13206395711909
55.921842718172535
56.73315398926196
57.56588558524996
58.419942447986905
59.295247485903204
60.19173998113659
61.10937300301443
62.048117046199586
63.00797135781809
63.988923348046804
64.9909963317191
66.01421805170597
67.05863402583884
68.1243002154763
69.21128606368434
70.31967223552192
71.44955160282912
72.60102395850481
73.77421004777659
74.96922449821237
76.1862051908568
77.42528870622553
78.68662622028124
79.97037150713811
81.27669672570752
82.60576492368367
83.957756349911
85.33285540102031
86.73125133762031
88.15313681422789
89.59871086441741
91.06818227119177
92.56175440096347
94.0796400726645
95.62205422587382
97.18921431518167
98.78134452905472
100.39866370788951
102.04139646884407
103.70977521972465
105.40402141458047
107.12436974463157
108.87104543025772
110.6442807123222
112.4443079701424
114.27135311975066
116.1256479771571
118.00741847391821
119.91689648001068
121.85430580322902
123.81987645110077
125.81382380714169
127.83637083945985
129.88773754809833
131.9681377796682
134.07776641274776
136.21689407392475
138.3856648029333
140.58431102523673
142.81300729999265
145.07197606819045
147.36139887245355
149.68146535617606
152.03235806708133
154.41425746216365
156.82733674748897
159.271767007781
161.74771468171843
164.25534144955066
166.79480139342394
169.36624703409507
171.96982868078095
174.60568361572123
177.27395193333132
179.97476543284395
182.70825229330356
185.4745358025152
188.27373464383254
191.1059629654469
193.9713304608261
196.86994245977067
199.8019000295515
202.76730008555631
205.76623551085663
208.7987952840614
211.8650646150109
214.96512508751036
218.0990548086584
221.26692856413771