44.01754433263818
44.07293856400457
44.14215519748654
44.2390085909849
44.36344846454569
44.515409140603126
44.694807937079645
44.90154457424962
45.13549899140469
45.396528286944346
45.68446615156734
45.999123402134444
46.340285955368806
46.707718788783524
47.10117215942515
47.52037430904734
47.96504645096939
48.43490090219266
48.92964600386621
49.44898828636697
49.9926373911215
50.560307436156904
51.15171991165798
51.76660529270553
52.404708715265954
53.06578296480659
53.749601985061844
54.45594757098814
55.18462396228602
55.93544942744113
56.70825869372409
57.50290493670557
58.31926045221181
59.15721180046689
60.01666542040134
60.89754380077102
61.7997860222859
62.72334867581548
63.66820265130653
64.63433540691634
65.62174893866431
66.63049124644157
67.66050180634421
68.7119152791011
69.78475824368562
70.8791015949234
71.99502459032003
73.13262139228652
74.29199197980986
75.47325357605789
76.67652603874403
77.9019656784078
79.14964704332918
80.41978359415148
81.71251069732452
83.02799548461445
84.36640526752763
85.72791858915869
87.11271798837366
88.52099419421671
89.95294115403536
91.40875711565215
92.88864464184623
94.39358586699116
95.92147508590692
97.47484185957329
99.05313292307291
100.65656684232762
102.28536626020103
103.93975629242925
105.61996209371439
107.32621153391345
109.05873118640126
110.817753853164
112.60350399639697
114.41621264877728
116.25611103081594
118.12341891505766
120.01837269663615
121.94119503963368
123.89208961299309
125.87134456357856
127.87911643536337
129.9156437994306
131.98114437782797
134.07583431234633
136.1999206784769
138.35361567121123
140.53711996556646
142.75063694862675
144.9943492952151
147.26849055344212
149.57321148115923
151.90871194365386
154.27516962018854
156.6727645004372
159.1016668552735
161.56204557303136
164.05406374278758
166.5778777084812
169.13364514027174
171.72151218138512
174.34162367531917
176.99411675686414
179.6791303770216
182.39679281252185
185.14722707803477
187.93055493480182
190.74689222097047
193.59635024595227
196.47903587492553
199.3950516238315
202.34449576429478
205.3274624379082
208.34404177922815
211.39432004689925
214.4783797623863
217.5962998555459
220.7481558165702
223.9340198536598