49.42277233862366
49.479028553545156
49.54932365561358
49.64768951097312
49.77407819746408
49.92842766773692
50.11065939977468
50.320676248495246
50.558372393197466
50.82360614782342
51.116224064810154
51.43604761584651
51.78287503218552
52.15648331085277
52.556633410066745
52.98306783174999
53.43551646420868
53.91370155664222
54.417340397103956
54.946146644615446
55.49983611537833
56.0781283902957
56.680749992754485
57.30743584363463
57.95793225218708
58.63199836836942
59.32940694370474
60.049938684079635
60.79341806294382
61.55964609828652
62.34846710154842
63.159735132711084
63.993324479038975
64.84912475862384
65.72704247203707
66.62700411709456
67.54894846494739
68.49283495134229
69.4586372992269
70.44634333663384
71.45595781772786
72.48749890931353
73.54104360833898
74.61650161489897
75.71407032395746
76.83377078496083
77.97568729311942
79.13991269618352
80.3265507632917
81.53571600129848
82.76753158673479
84.02212997699456
85.29965253368213
86.60024834297982
87.92407423481153
89.27129392443948
90.64207804986846
92.03660154958736
93.45505351100493
94.89761568905155
96.36448314854738
97.85585524955964
99.37193001949736
100.91291548917985
102.47920271944535
104.07046199324381
105.68745123814952
107.33020428252257
108.99894380035613
110.69388887720824
112.4152595109429
114.16329231278623
115.93819809712016
117.74020587972431
119.56954072842264
121.42642799387787
123.31096881827784
125.2237536913055
127.16464024670798
129.1339667117771
131.1319524397249
133.15882341100945
135.2147818146425
137.30005181542234
139.41483521897626
141.55934215452623
143.73376861643905
145.93833416351546
148.17321782675785
150.43861791171088
152.73472460948483
155.06177369979943
157.41979232389596
159.8091113183709
162.22985071015196
164.682180452409
167.16625722996005
169.68224889564067
172.23030040972978
174.81056070916563
177.423186646664
180.06830283591552
182.74604495899044
185.45654971821224
188.19993300795
190.9763211329898
193.78582617991157
196.6285571452203
199.50462214922197
202.41412158007034
205.3571522608095
208.33380672817455
211.344173350628
214.38833645509618
217.4663764617853
220.57837002637282
223.72439018893468
226.90450652911545
230.11878532668587
233.3672897270584