0.
0.
0.
0.
0.
0.
0.
0.
0.
0.
0.
0.
0.
0.
0.
0.
1.9859446137283985e-12
3.971889227456797e-12
3.971889227456797e-12
3.971889227456797e-12
6.08195537954322e-12
6.57844153297532e-12
6.57844153297532e-12
1.5018706141321012e-11
3.314045074159265e-11
9.135345223150632e-11
2.3645153057203746e-10
5.947904118116553e-10
1.420571006507595e-9
3.2020874465603267e-9
6.882042815799049e-9
1.415606144973274e-8
2.794459902438737e-8
5.3126128483386744e-8
9.757367900478039e-8
1.7362865514750673e-7
3.0006903208513623e-7
5.048267484451438e-7
8.284190462368163e-7
1.328428637778285e-6
2.0850972428226313e-6
3.208189261386007e-6
4.8453862375083275e-6
7.1923191067125955e-6
0.000010504356514988919
0.000015110477634893709
0.00002142911491458416
0.000029986372140732286
0.00004143646328400326
0.000056584713337207004
0.0000764129877154693
0.00010210769444764993
0.00013509039776080645
0.00017705099402969568
0.00022998348422473622
0.0002962242611864596
0.0003784928885157224
0.0004799352995856733
0.0006041693374859336
0.0007553324529438436
0.0009381316230282731
0.0011578951378825848
0.0014206263796082872
0.001733059268721557
0.0021027153023443677
0.002537962099851702
0.0030480732503054605
0.0036432893915463913
0.004334880323342561
0.0051352081121447905
0.006057790971229345
0.007117367950609537
0.008329964170475547
0.009712956626213931
0.011285140472288022
0.013066795629454928
0.015079753747839004
0.017347465441831463
0.019895067707448685
0.022749451589919503
0.02593932997514583
0.02949530555269921
0.03344993892602555
0.03783781688202189
0.04269562081564095
0.048062195336209666
0.05397861709443579
0.06048826378206751
0.06763688347822461
0.07547266424806866
0.08404630406803697
0.09341108116725608
0.10362292480139473
0.11474048641675488
0.12682521146351836
0.13994141160916146
0.15415633769585393
0.1695402532477165
0.18616650869525234
0.20411161628455765
0.22345532580300306
0.24428070100607802
0.2666741969816009
0.29072573820702385
0.31652879759995806
0.34418047646100897
0.37378158525194904
0.4054367254248283
0.4392543722004897
0.4753469583491182
0.5138309589863523
0.5548269775264559
0.5984598326855595
0.6448586467267361
0.694156934870952
0.7464926960508872
0.8020085050679511
0.8608516061394583
0.9231740081873546
0.9891325816088294