 0.15015511405738E-02
 0.11999337228518E-02
 0.97104770213665E-03
 0.79476180613877E-03
 0.65716449491735E-03
 0.54846036126271E-03
 0.46163377881026E-03
 0.39158255217377E-03
 0.33454303550843E-03
 0.28770327384336E-03
 0.24893718992403E-03
 0.21661969612554E-03
 0.18949597177157E-03
 0.16658799431323E-03
 0.14712676536273E-03
 0.13050268537897E-03
 0.11622889106029E-03
 0.10391361582708E-03
 0.93239609147920E-04
 0.83948109258852E-04
 0.75827293907004E-04
 0.68702211476375E-04
 0.62427941415934E-04
 0.56883713309458E-04
 0.51968430535180E-04
 0.47597066516189E-04
 0.43697803036265E-04
 0.40209729978909E-04
 0.37080982316202E-04
 0.34267231748625E-04
 0.31730454732331E-04
 0.29437923149295E-04
 0.27361375258829E-04
 0.25476330060519E-04
 0.23761501311000E-04
 0.22198382387577E-04
 0.20770740884100E-04
 0.19464393856147E-04
 0.18266873004974E-04
 0.17167191158198E-04
 0.16155656696133E-04
 0.15223690179615E-04
 0.14363683699172E-04
 0.13568875901683E-04
 0.12833245246775E-04
 0.12151418003246E-04
 0.11518589689047E-04
 0.10930455592861E-04
 0.10383153113493E-04
 0.98732096649234E-05
 0.93974969812431E-05
 0.89531938935914E-05
 0.85377503376597E-05
 0.81488604798631E-05
 0.77844318860841E-05
 0.74425659297335E-05
 0.71215407951195E-05
 0.68197805593564E-05
 0.65358586199843E-05
 0.62684757727782E-05
 0.60164116075575E-05
 0.57785876096923E-05
 0.55540114208700E-05
 0.53417582484760E-05
 0.51409856851900E-05
 0.49509167385446E-05
 0.47708382166678E-05
 0.46000933298335E-05
 0.44380752234430E-05
 0.42842241281924E-05
 0.41380225618811E-05
 0.39989921020873E-05
 0.38666893934503E-05
 0.37407036671189E-05
 0.36206539307931E-05
 0.35061861379728E-05
 0.33969701624353E-05
 0.32927047858007E-05
 0.31931006471829E-05
 0.30978940461454E-05
 0.30068378586516E-05
 0.29197012176176E-05
 0.28362686938041E-05
 0.27563390023295E-05
 0.26797238732893E-05
 0.26062470246010E-05
 0.25357436999408E-05
 0.24680591786305E-05
 0.24030480301024E-05
 0.23405746443167E-05
 0.22805111401129E-05
 0.22227374577962E-05
 0.21671407221205E-05
 0.21136147513135E-05
 0.20620595533808E-05
 0.20123810000700E-05
 0.19644903855166E-05
 0.19183039780126E-05
 0.18737429295867E-05
 0.18307326317024E-05
 0.17892027560846E-05
 0.17490867433539E-05
 0.17103216614181E-05
 0.16728480445927E-05
