0.
0.
0.
0.
0.
0.
0.
0.
5.9578338411851955e-12
3.971889227456797e-12
0.
3.971889227456797e-12
0.
0.
1.9859446137283985e-12
0.
3.971889227456797e-12
5.9578338411851955e-12
5.9578338411851955e-12
5.9578338411851955e-12
3.971889227456797e-12
3.971889227456797e-12
5.9578338411851955e-12
5.9578338411851955e-12
3.971889227456797e-12
5.9578338411851955e-12
7.943778454913594e-12
5.9578338411851955e-12
6.08195537954322e-12
4.344253842530871e-12
6.950806148049394e-12
8.564386146703719e-12
1.290863998923459e-11
2.2962484596234606e-11
4.195307996501242e-11
9.37117614603088e-11
1.989668259879139e-10
4.0550506581566736e-10
8.065417562504458e-10
1.5505262571684471e-9
2.900099743735252e-9
5.291797666356034e-9
9.396000453702485e-9
1.627767090488646e-8
2.7569131370854343e-8
4.570788062188103e-8
7.425384849961303e-8
1.183748352535867e-7
1.8537675875309377e-7
2.854661330973146e-7
4.327128793883615e-7
6.461883961164833e-7
9.514682986249661e-7
1.3824217552071027e-6
1.983369588293623e-6
2.81171900234742e-6
3.941015608370237e-6
5.464660739854948e-6
7.500111353278983e-6
0.000010193856432941713
0.000013727095427222792
0.000018322203739515227
0.000024250096114366933
0.00003183853818805379
0.00004148139403967348
0.00005364902832078912
0.0000688997189826382
0.00008789233616715433
0.00011140020621043718
0.0001403262234400476
0.0001757193762131108
0.00021879253613931528
0.00027094170312543523
0.0003337666858854442
0.0004090932041387288
0.000498996538603886
0.0006058266348280991
0.0007322347232852264
0.0008812015575222633
0.0010560670351438648
0.0012605614997748596
0.0014988385169660346
0.0017755091467574276
0.002095677840868435
0.002464979762568995
0.002889619631756229
0.003376412070164002
0.003932823414309669
0.004567014939082107
0.0052878875850621825
0.006105128016053751
0.007029256093586129
0.008071673794205337
0.009244715356561538
0.010561698862844983
0.012036979078069606
0.01368600165245938
0.015525358515649661
0.017572844711691366
0.019847516314160773
0.02236974979684258
0.02516130250946707
0.02824537458059666
0.031646671954486894
0.03539147081786034
0.03950768328812779
0.044024924431199236
0.04897458061744932
0.05438987927367756
0.06030596001815501
0.06675994725956025
0.07379102428735985
0.0814405088795746
0.08975193056508583
0.0987711094158639
0.10854623673676661
0.11912795734930662
0.13056945390083394
0.1429265330164268
0.15625771353627288