0.
0.
0.
0.
0.
0.
0.
0.
0.
0.
0.
0.
0.
0.
0.
0.
3.971889227456797e-12
3.971889227456797e-12
5.9578338411851955e-12
5.9578338411851955e-12
3.971889227456797e-12
3.971889227456797e-12
5.9578338411851955e-12
5.9578338411851955e-12
1.9859446137283985e-12
5.9578338411851955e-12
7.943778454913594e-12
3.971889227456797e-12
6.08195537954322e-12
4.2201323041728465e-12
2.8547953822345726e-12
8.440264608345693e-12
1.2288032297444466e-11
1.973532459892596e-11
3.9098284582777846e-11
8.738156300404953e-11
1.8407224138495092e-10
3.7819832737690187e-10
7.541624670633594e-10
1.4590486833985828e-9
2.7375005284862394e-9
5.009421166591527e-9
8.91490537102678e-9
1.548664434093077e-8
2.627603318424044e-8
4.365366916205572e-8
7.104530673305808e-8
1.1345962233460892e-7
1.779737778408061e-7
2.744819975603212e-7
4.1667054292020187e-7
6.230847853311357e-7
9.186509362477194e-7
1.3363814771054989e-6
1.9195681386606773e-6
2.7242840670818766e-6
3.82250548063984e-6
5.305648388821405e-6
7.28884855121517e-6
9.915753189499797e-6
0.000013364207863966968
0.000017852630362759147
0.000023647308179474255
0.00003107060319509422
0.00004051016013079423
0.000052429154022149536
0.00006737765453894449
0.00008600521997706197
0.00010907461827394126
0.00013747687736571159
0.00017224764155115228
0.00021458493849693658
0.00026586825038787867
0.0003276791138821687
0.0004018231040217611
0.0004903533735097588
0.0005955956316735223
0.0007201747120593471
0.0008670425882772515
0.0010395080215475068
0.0012412676867829331
0.0014764388100991677
0.0017495934520524096
0.0020657941881133232
0.0024306313973837127
0.002850262027987138
0.0033314498249836207
0.0038816070455086173
0.004508837657660866
0.005221981941839495
0.006030662481497627
0.006945331617413053
0.007977320219757259
0.009138887846477943
0.010443274218735147
0.011904752043428462
0.013538681120382154
0.01536156374846218
0.017391101444774966
0.019646252894407114
0.02214729320120708
0.024915874420866443
0.027975087322680316
0.03134952448685548
0.03506534465395662
0.03915033839575043
0.04363399508274746
0.048547571256427405
0.053924160328075364
0.0597987636742337
0.06620836323998232
0.07319199558115992
0.08079082747585395
0.08904823309038852
0.09800987285459026
0.10772377400512335
0.1182404129387649
0.1296127994276275
0.1418965627628581
0.15515003998047583