0.
0.
0.
0.
0.
0.
0.
0.
0.
0.
0.
0.
0.
0.
0.
1.9859446137283985e-12
3.971889227456797e-12
3.971889227456797e-12
5.9578338411851955e-12
4.2201323041728465e-12
7.074927686407419e-12
1.241215383580249e-11
1.998356767564201e-11
5.622705687618528e-11
1.6173036448050645e-10
4.325635611777168e-10
1.106171149846718e-9
2.642671673180708e-9
5.99780097653648e-9
1.2932098959984257e-8
2.6606072354734427e-8
5.246319534701653e-8
9.954398430467568e-8
1.8230561952950117e-7
3.232498464673426e-7
5.563747956898466e-7
9.317643767752448e-7
1.5215088756880314e-6
2.427156094848134e-6
3.788924646680153e-6
5.796985360234723e-6
8.704876088811169e-6
0.000012845469201138042
0.000018649498210431505
0.00002666691995999753
0.00003759119862984701
0.000052286698243117575
0.0000718192425059111
0.00009748979369726881
0.00013087146844258335
0.0001738497118836762
0.00022866570620792135
0.0002979628567709127
0.00038483631150128603
0.0004928854046089841
0.0006262688768923356
0.0007897626762836729
0.000988820232261331
0.001229635001934042
0.0015192050858519803
0.001865399731582286
0.0022770275221103502
0.0027639061007416225
0.0033369331770618156
0.004008158652969874
0.00479085776191506
0.005699604930645509
0.00675034831493675
0.007960484849679868
0.009348935609397644
0.010936221459701568
0.012744538870230995
0.014797835764828737
0.017121887378543362
0.019744372058032054
0.022694946953108894
0.02600532354432859
0.029709343068169924
0.03384305172401356
0.0384447757593566
0.04355519635916335
0.04921742449549721
0.055477075595066275
0.062382344160595696
0.06998407842049977
0.07833585492220282
0.08749405323543186
0.0975179307592747
0.1084696976693714
0.12041459206283131
0.13342095533935336
0.14756030791871574
0.16290742518925577
0.17954041389896716
0.19754078880601134
0.2169935498985741
0.23798725986569635
0.26061412214502133
0.28497005932515745
0.31115479204825064
0.33927191835517434
0.369428993512435
0.40173761027412375
0.43631347962322514
0.47327651198496057
0.5127508989136548
0.5548651952327708
0.5997524017017158
0.6475500482280384
0.6984002775784682
0.7524499297331558
0.8098506268997409
0.8707588592349135
0.9353360713620921
1.003748749861592
1.0761685117905075
1.1527721942813336
1.23374194559914
1.3192653176396725
1.409535360162425