 0.16612850249864E-06
 0.15351246803739E-06
 0.14257070639477E-06
 0.13358368789937E-06
 0.12256240973122E-06
 0.11509280451531E-06
 0.10695480693176E-06
 0.98377240348590E-07
 0.92341204616904E-07
 0.85610070535295E-07
 0.79442341308606E-07
 0.76570013061411E-07
 0.73938555446731E-07
 0.64538504814531E-07
 0.60150230925290E-07
 0.55969799681545E-07
 0.51913241344751E-07
 0.48221209618129E-07
 0.44621893917433E-07
 0.41396803089120E-07
 0.38372117839438E-07
 0.34964207184985E-07
 0.32683923953124E-07
 0.29996889540969E-07
 0.28845353879855E-07
 0.25261585358786E-07
 0.22840925190804E-07
 0.21964633184663E-07
 0.19554809521747E-07
 0.17300250749636E-07
 0.16209594821644E-07
 0.13912666256593E-07
 0.12440317101358E-07
 0.11787305461275E-07
 0.99654181090201E-08
 0.83180995632709E-08
 0.84979505048678E-08
 0.53304313454540E-08
 0.46859904698611E-08
 0.41037136036609E-08
 0.43467633978987E-08
 0.16135028866465E-08
 0.48132313198002E-09
 0.17995768789032E-10
-0.55070430664981E-09
-0.81159236739759E-09
 0.22182229722013E-08
-0.22906438793729E-08
-0.34056755929745E-08
-0.19350086329236E-08
-0.35122745004261E-08
-0.11713698764876E-08
-0.52461875023903E-08
-0.55716392797912E-08
-0.59989808068582E-08
-0.62861329272243E-08
-0.66910438163867E-08
-0.77064200632409E-08
-0.72609716917555E-08
-0.73938384542044E-08
-0.77427842370481E-08
-0.80637129942535E-08
-0.71378555113945E-08
-0.85698683018575E-08
-0.86170974429422E-08
-0.89256795989647E-08
-0.91865281387575E-08
-0.93060548352455E-08
-0.95276191916250E-08
-0.94170683110785E-08
-0.96346142741700E-08
-0.97145680216061E-08
-0.98456458352220E-08
-0.99909138064106E-08
-0.99797289966616E-08
-0.10023614740940E-07
-0.99706946541417E-08
-0.92713623620988E-08
-0.99149004290685E-08
-0.99702597279902E-08
-0.10078075765709E-07
-0.10074612064270E-07
-0.10030232812588E-07
-0.99914695633743E-08
-0.99341104988198E-08
-0.10359488541263E-07
-0.98182174670394E-08
-0.97774680005035E-08
-0.96640375157067E-08
-0.96442921704116E-08
-0.95386267925084E-08
-0.94955893935487E-08
-0.93941118122805E-08
-0.93020769875813E-08
-0.91969708932511E-08
-0.90901102265675E-08
-0.89787341364165E-08
-0.88631031731709E-08
-0.87434704192657E-08
-0.86200817861398E-08
-0.84931748545903E-08
-0.83629788834618E-08
-0.82297142406173E-08
-0.80935921604860E-08
