 0.78348510830216E-08
 0.37811249739110E-08
 0.11343181953494E-07
 0.45291268321513E-07
 0.40272691377493E-08
 0.65602702558742E-08
 0.79612590459033E-07
 0.10316285093901E-07
-0.63335335649537E-07
-0.25746719529543E-07
 0.33614266200518E-07
-0.12789725439491E-06
 0.33958310073729E-05
 0.17403154153881E-08
 0.12870182958708E-07
 0.12029049534049E-07
 0.39519222114020E-09
 0.28159716716623E-07
 0.25096898045548E-08
 0.82844716316237E-08
-0.60465092641136E-08
 0.45999313716280E-07
-0.62856003221199E-08
 0.16320161682075E-07
 0.62850976161231E-10
-0.89205556103193E-08
-0.13291494120818E-07
-0.83358161698747E-07
-0.10901140358802E-06
 0.18921315005894E-07
 0.26304456893985E-07
 0.86533027463867E-08
-0.13254903779541E-07
 0.30686159004844E-06
 0.48508130658543E-07
 0.37677924579504E-07
 0.58044053881124E-06
 0.19016622089517E-06
-0.13408901432076E-06
 0.35216189923857E-07
 0.17942764219444E-06
 0.48862308123052E-06
 0.82866375590645E-07
-0.66033492702127E-07
-0.69627422775183E-07
 0.12518835895058E-07
 0.38761723236214E-06
 0.49154414270049E-07
 0.13969505948843E-07
-0.11785520070177E-05
 0.14339743348777E-05
-0.35334291292254E-05
 0.69258898915828E-07
-0.95879728276007E-07
 0.22044433093058E-07
 0.11412617148139E-06
-0.39869894057068E-07
-0.53315225033879E-06
-0.11487743418175E-06
-0.13576580301568E-07
 0.14639820900491E-07
 0.53924248453660E-08
-0.44570452809084E-06
-0.11105181334083E-06
 0.51085313760782E-06
 0.17312926577017E-07
-0.16409724554994E-06
-0.86591408535846E-07
 0.88148868850759E-07
 0.47665117479245E-08
 0.10403331026665E-06
 0.50620942807964E-07
 0.41361107615626E-08
-0.21081535618318E-06
-0.15816682427132E-07
 0.21350637291471E-07
-0.13234898924020E-06
-0.18348457789076E-07
-0.53305114946484E-06
-0.40551561659967E-07
-0.18910297577477E-07
-0.63087979951709E-07
 0.51260941547082E-07
-0.80172763465726E-09
-0.37976294232988E-07
-0.10156616658464E-07
-0.70446993444147E-07
-0.43282394780203E-07
-0.11406263444421E-06
 0.28172761449866E-06
-0.87726487108012E-07
 0.17692510990394E-07
-0.13524557956890E-07
 0.81032772392742E-08
-0.33635072636531E-08
-0.35328987602210E-08
-0.37109008696089E-08
-0.38980148525321E-08
-0.40947611039871E-08
-0.43023211388330E-08
-0.45210655594900E-08
-0.47519565616914E-08
-0.49958646568044E-08
-0.52536469440775E-08
