0.
0.
0.
0.
0.
0.
0.
3.971889227456797e-12
1.9859446137283985e-12
4.2201323041728465e-12
6.08195537954322e-12
4.418726765545687e-11
3.09062630511482e-10
1.7113877708804473e-9
7.635957039785693e-9
2.8611131685369962e-8
9.269557842577165e-8
2.657749957660441e-7
6.871990212407433e-7
1.6268314623325032e-6
3.5696267127091944e-6
7.333413893076465e-6
0.000014223961640805344
0.000026229947725898873
0.000046258472470977235
0.00007840974120512252
0.0001282878725397057
0.00020334348200627624
0.0003132424661376192
0.0004702551691672339
0.0006896594600296159
0.000990151796829776
0.0013942605844581802
0.0019287567194875084
0.0026250570988676477
0.0035196175853648513
0.004654312906354194
0.006076801613964269
0.007840875178145044
0.01000679083458464
0.012641588477547093
0.015819392235988154
0.019621697942513536
0.02413764752501599
0.029464292014009012
0.03570684443740644
0.04297892387710383
0.0514027920641176
0.06110958322821518
0.07223952794142784
0.08494217129442258
0.09937658515351759
0.11571157419300276
0.1341258747541041
0.1548083453883013
0.1779581474356723
0.2037849139341989
0.23250890475369243
0.26436114574708486
0.2995835497428633
0.33842901699501715
0.38116151296578654
0.42805612141517446
0.47939907087855366
0.5354877330512245
0.5966305916666776
0.6631471809936258
0.7353679931347169
0.8136343538147589
0.8982982663862599
0.9897222241415261
1.088278990882787
1.194351349952913
1.3083318216460476
1.4306223486576866
1.5616339490003948
1.7017863351896165
1.85150749784049
2.0112332511599713
2.1814067367819074
2.3624778816696916
2.5549028047150224
2.759143165827177
2.975665450806024
3.2049401846512735
3.447441066348842
3.7036440186472444
3.97402614818286
4.2590646135890635
4.559235403094563
4.875012027753598
5.206864142386639
5.555256113019358
5.92064555658492
6.303481885500011
6.704204895667658
7.123243440217984
7.561014232899501
8.017920823083813
8.49435277914371
8.990685108551997
9.507277932111238
10.044476417098545
10.602610961510967
11.18199760970123
11.782938670103086
12.405723498749257
13.050629408641568
13.717922664213447
14.407859522116587
15.12068728337874
15.856645327341596
16.61596610354318
17.39887606373493
18.205596521806665
19.03634443428587
19.891333098348216
20.770772767488943
21.674871187618425
22.603834058116217