0.
0.
0.
0.
0.
0.
3.971889227456797e-12
3.971889227456797e-12
1.9859446137283985e-12
4.5924969192469216e-12
1.0302087683716067e-11
8.229257993137052e-11
5.58174557996038e-10
2.961043419069042e-9
1.277098920319554e-8
4.6367338355177216e-8
1.4600540678592826e-7
4.081955242811159e-7
1.031889249879436e-6
2.3936672349483703e-6
5.156543667222678e-6
0.000010417936273299454
0.000019900666900172685
0.00003618836148813232
0.00006300487607744049
0.00010553463699769658
0.0001707796356369381
0.0002679468696034928
0.00040885991199779415
0.0006083872087921637
0.0008848803523551185
0.0012606156686483867
0.0017622334158290407
0.00242116940349401
0.003274075237178577
0.004363223976712294
0.005736899304407919
0.007449766945732189
0.009563228013412238
0.01214575457684123
0.015273208356292005
0.019029143658039604
0.023505096234846083
0.028800859544633763
0.035024750184519136
0.04229386397601251
0.05073432398765482
0.0604815217582767
0.07168035210429098
0.08448544208594978
0.0990613739013277
0.11558290099060858
0.13423515658149476
0.15521385298718932
0.1787254700567765
0.204987430475918
0.23422825964346247
0.26668772758493736
0.3026169703162309
0.34227858797693517
0.3859467173396662
0.4339070763989891
0.4864569787856523
0.543905316502771
0.6065725093355014
0.6747904198780569
0.7489022334939056
0.8292623025614865
0.9162359549264992
1.0101992664053707
1.111538797284787
1.2206512928275908
1.3379433474102018
1.4638310317291623
1.5987394820007963
1.7431024492322147
1.8973618062049793
2.0619670085493116
2.2373745055952554
2.4240470954405122
2.62245321797613
2.8330661786909745
3.0563632958368556
3.292824963457256
3.5429336238594624
3.8071726444406258
4.086025097095297
4.379972442040564
4.689493123528422
5.01506109134179
5.357144269493435
5.716203001255045
6.092688507376207
6.48704140034388
6.899690302038095
7.331050612750138
7.781523477231403
8.251494986766652
8.741335646099571
9.251400121368611
9.782027270777043
10.333540445488516
10.906248035456247
11.50044422460042
12.116409913085583
12.754413761126195
13.414713309084815
14.097556131592542
14.803180988601131
15.531818942567202
16.283694417870162
17.059026185191698
17.85802825972365
18.68091070741001
19.52788035766559
20.39914142441279
21.29489603975295
22.21534470624911
23.160686674791435
24.13112025565313