73.1896896542104
73.69348597321336
74.22445487249719
74.7823428868469
75.3668897250762
75.9778419986995
76.61495010130575
77.27797251539518
77.9666777481623
78.68084565082073
79.42026990049258
80.18475662819571
80.97413394169472
81.78823721164605
82.62690533620456
83.49006499945635
84.37755313381948
85.28929391323044
86.2252097685799
87.18524270641367
88.1693459654624
89.1774920982064
90.20966952364466
91.26587633501441
92.34612745541371
93.45045900477643
94.57890456620267
95.7315208900808
96.90837821130954
98.10954992582795
99.33512747419712
100.58520789228896
101.8599019017359
103.15932555200727
104.48360712652749
105.83288087780417
107.20728868504749
108.60698239345126
110.03211817264693
111.48285825360126
112.95939527152085
114.46183557007443
115.99042693241829
117.54533059919561
119.12673683519422
120.73483233946568
122.36981766195656
124.03189910791738
125.72126259733353
127.43812136999505
129.18267912984456
130.95514458861044
132.757198622263
134.5846209281114
136.44205755773035
138.32823281709835
140.24336466846492
142.18765491110108
144.1613149425962
146.16455223002308
148.19756978970995
150.26057298200823
152.3537633238525
154.4773385542937
156.631496083356
158.81643227715352
161.03233383500466
163.2793880085158
165.55777909574044
167.86768973793392
170.2092913068591
172.58275791122833
174.9882545578617
177.4259418831713
179.8959888699615
182.39853426329216
184.9337387297434
187.5017388227149
190.10267272745585
192.73667798781068
195.4040055977818
198.1043978513896
200.83836214539267
203.60587545434976
206.4070489805426
209.24198353478687
212.11077968959822
215.01352963602366
217.95032221200896
220.92123913297038
223.92636027610834
226.96575887438973
230.0395090967193
233.14767479129827
236.29031579320227
239.46749059597576
242.67925357204788
245.92565517244373
249.20674236172258
252.522558837764
255.87314520959163
259.25853917812185
262.67877571934844
266.1338872691185