0.
0.
0.
0.
0.
0.
0.
0.
0.
0.
0.
0.
0.
0.
0.
1.9859446137283985e-12
3.971889227456797e-12
3.971889227456797e-12
3.971889227456797e-12
4.2201323041728465e-12
7.074927686407419e-12
1.0674452298790142e-11
2.283836305787658e-11
6.106779687214825e-11
1.6979826447377807e-10
4.560225319273835e-10
1.1553232790364957e-9
2.7695238853826095e-9
6.2728543055378626e-9
1.3492631827209098e-8
2.772341444303337e-8
5.45947345252389e-8
1.0345964647525629e-7
1.892601493237013e-7
3.352276990404304e-7
5.764029229977592e-7
9.64386744215731e-7
1.5733555593540234e-6
2.5077089872978784e-6
3.911478405887177e-6
5.979832770279157e-6
8.972809061643107e-6
0.000013231515485142245
0.000019197057894467167
0.00002743222543816698
0.00003864624275270714
0.0000537225565547755
0.00007374985758560718
0.0001000563020362038
0.00013424700357508827
0.00017824477711212162
0.0002343340788160541
0.00030520804358506585
0.00039401863573373285
0.0005044296538547672
0.0006406724872070203
0.0008076045649202595
0.0010107701530829656
0.0012564635080292927
0.0015517940362989376
0.0019047533263498095
0.0023242838902931325
0.002820349370138578
0.0034040060591071
0.004087475507393646
0.004884218074356601
0.005809007247157731
0.006878004615260332
0.008108835230448884
0.00952066341443096
0.011134268726059451
0.012972122088299195
0.015058461967697022
0.017419370538460727
0.020082849711742068
0.023078897165788582
0.02643958203066519
0.030199120634291827
0.03439395189808598
0.03906281262139231
0.044246812654202904
0.04998950986122923
0.05633698504910995
0.06333791675025842
0.07104365607522525
0.07950830148798134
0.08878877370284013
0.09894489063388318
0.11003944255030336
0.12213826740415296
0.13531032635904447
0.14962777965497256
0.1651660627680488
0.1820039628853809
0.20022369581363275
0.21991098319155797
0.24115513023687685
0.2640491038081735
0.2886896109573215
0.3151771779409111
0.3436162296253897
0.37411516939874234
0.40678645946881103
0.44174670165462465
0.47911671860694105
0.5190216354745099
0.5615909621052987
0.6069586755971222
0.6552633034877445
0.7066480074162714
0.7612606673743685
0.8192539666515661
0.8807854774097377
0.946017747130275
1.0151183859983821
1.0882601551737212
1.1656210564170855
1.247384422931106
1.333739011730755
1.4248790978008288