0.
0.
0.
0.
0.
0.
0.
0.
0.
0.
0.
0.
0.
0.
0.
0.
0.
1.9859446137283985e-12
3.971889227456797e-12
3.971889227456797e-12
1.9859446137283985e-12
2.1100661520864233e-12
2.606552305518523e-12
8.316143069987669e-12
1.1791546144012365e-11
2.9913290744284e-11
7.037691224900013e-11
1.8357575523151884e-10
4.5614665346574153e-10
1.0645904344967796e-9
2.3702248964848435e-9
5.0431822250249095e-9
1.027043669143477e-8
2.0107689214000036e-8
3.796778561141295e-8
6.935750205446566e-8
1.2287647520675555e-7
2.1163591140811752e-7
3.5512351278845326e-7
5.816495404241529e-7
9.315306559185166e-7
1.4610415788184593e-6
2.2473763486242184e-6
3.3946810039181707e-6
5.041343860920289e-6
7.3686253116855614e-6
0.000010610824619310898
0.000015067063768543761
0.000021114845509660097
0.000029225439464359186
0.000039981242881212256
0.00005409515935908168
0.00007243213393402613
0.00009603273356503626
0.00012613905837401774
0.00016422268363826332
0.0002120149742420091
0.00027153945197411363
0.00034514643499461846
0.00043554969998589724
0.000545865267402719
0.0006796521720463171
0.0008409551972411953
0.0010343493170484228
0.0012649860940137665
0.0015386415666225263
0.0018617657749104336
0.0022415337207954125
0.002685897711868007
0.003203640954589211
0.0038044322876687555
0.004498881986364022
0.005298598608034548
0.006216246627605993
0.007265604912219837
0.008461625966057217
0.009820495793039782
0.011359694365740141
0.013098056650729177
0.015055834108439985
0.017254756693241623
0.019718095207010997
0.02247072411853289
0.025539184750920332
0.028951748826008546
0.03273848231681851
0.03693130986924193
0.041564079329353645
0.04667262690163375
0.052294842596393006
0.058470736141040335
0.06524250341315734
0.07265459327585067
0.08075377508522258
0.08958920663946589
0.09921250285655231
0.10967780506160592
0.12104185100982069
0.13336404562531126
0.1467065325620204
0.1611342666494892
0.17671508714504464
0.19351979197573246
0.21162221296912634
0.23109929204918195
0.2520311585579974
0.2745012076473777
0.2985961798502976
0.3244062417843542
0.352025068166438
0.3815499250526092
0.4130817543698294
0.4467252599251134
0.4825889946828298
0.520785449651858
0.5614311442007647
0.6046467180194502
0.6505570247345932
0.699291227289108
0.7509828951494171