0.
0.
0.
0.
0.
0.
0.
0.
0.
0.
0.
0.
0.
0.
0.
0.
0.
1.9859446137283985e-12
3.971889227456797e-12
3.971889227456797e-12
1.9859446137283985e-12
4.096010765814822e-12
4.716618457604946e-12
8.688507685061743e-12
1.315688306595064e-11
3.4257544586814874e-11
8.427852454509891e-11
2.1609559828132135e-10
5.293783610969762e-10
1.2306650528198169e-9
2.7317909377217702e-9
5.778354096719491e-9
1.1721417474840081e-8
2.285983608401252e-8
4.300389290875146e-8
7.827848938087199e-8
1.3822869592164458e-7
2.3734160612360284e-7
3.970845365319206e-7
6.485722743821875e-7
1.0359531131668161e-6
1.6207126428560677e-6
2.486974360193632e-6
3.7479655319943116e-6
5.553758903734489e-6
8.100513423961342e-6
0.000011641265122594618
0.000016498367564473175
0.0000230778730672753
0.00003188574409152211
0.00004354613423311155
0.00005882177630308752
0.00007863650840090725
0.00010410004187093453
0.00013653494681433712
0.000177505872533404
0.00022885107229222214
0.00029271609784596527
0.0003715896839706056
0.00046834180946380034
0.0005862638289895247
0.0007291105785792857
0.0009011444756423362
0.001107181332225483
0.001352638081606409
0.0016435820252517167
0.0019867816295565037
0.002389758810925299
0.0028608424980636356
0.003409223450627829
0.00404501020849785
0.004779286038118518
0.005624166826136268
0.0065928598492098695
0.007699723265091388
0.008960326285506774
0.010391510029346586
0.01201144886787451
0.013839712289756867
0.01589732725041437
0.01820684091012254
0.02079238376073665
0.023679733155315196
0.02689637711676858
0.030471578549902786
0.03443643980745769
0.03882396751183574
0.04366913784787187
0.049008962137111076
0.05488255287865883
0.06133119018349678
0.06839838864645104
0.07612996476975648
0.08457410484847742
0.09378143348063188
0.10380508266614849
0.11470076153524372
0.12652682684436667
0.13934435414376548
0.15321720980745027
0.16821212384623888
0.184398763586426
0.20184980838797054
0.22064102516748665
0.24085134503733602
0.2625629409893267
0.28586130661172404
0.3108353359901324
0.3375774047769819
0.36618345239188554
0.3967530656100484
0.4293895633242453
0.46420008271694385
0.5012956667687192
0.5407913532785941
0.5828062653459095
0.627463703381373
0.6748912388635038
0.7252208097331093
0.7785888176476008