109.63399339539633
109.68141648523358
109.7604389492492
109.87103732000412
110.01317808318483
110.18681815008668
110.39190333613402
110.62837176100061
110.89614541337487
111.19513752370656
111.52524691996801
111.88635913146841
112.27834468500714
112.7010615273676
113.15435231662639
113.6380494657224
114.15197603400468
114.69594758442842
115.26977688161269
115.87327405475821
116.50625212328518
117.16852932437344
117.85992675229049
118.5802793089966
119.32942733592974
120.1072244996711
120.9135367418337
121.74824403139434
122.61123888525822
123.5024268923944
124.42173086831679
125.3690897456227
126.34444522975512
127.34806712338222
128.37903017821708
129.43822361629046
130.525351337283
131.6404292673579
132.78348193698292
133.95455420612873
135.15369165526147
136.38095496577301
137.636415368006
138.9201549099192
140.23226125080197
141.57283250935697
142.94197545088713
144.33980514432176
145.76642817167402
147.22201337424346
148.70665529130065
150.22050819890345
151.76371820381303
153.3364366910074
154.93881958877336
156.57102702322157
158.23322318512226
159.9255732880206
161.64825129860017
163.4014269187105
165.18527870162842
166.9999787683064
168.84570962644204
170.72264972368666
172.63097637115155
174.57087016518128
176.5425135642843
178.54608372764247
180.5817580075558
182.64971433699128
184.7501285162685
186.88317990478015
189.0490128383005
191.2478287285691
193.4797750000487
195.74501493372685
198.04371435469565
200.3760185874964
202.74208001572887
205.14204482347114
207.57605578979982
210.0442470729562
212.54675008292372
215.0836908991825
217.6551936294641
220.26136900676462
222.90233004620362
225.57816779471813
228.2890162006207
231.0349351189914
233.81602134538505
236.63235669649322
239.484014725502
242.3710721167108
245.2935859918058
248.2516199344607
251.24522093637896
254.27445092141105
257.33934427073723
260.43992200137035
263.5762650226166
266.7483547174678
269.9562416673698
273.1999176286322
276.47942447813944
279.7947643044654
283.1459448300845
286.5329679132359
289.95583696648765
293.41454450127975
296.9090930802784
300.4394686530747
304.0056605013591
307.6076513613266
311.24543607010924
314.91898300030704
318.6282881271133
322.3733201161447
326.1540584465996
329.97048046207357