110.41426990925743
110.4617463274447
110.54085804877433
110.65158144237492
110.79388328069268
110.96772045033222
111.17303942686898
111.40977676054672
111.67785672501273
111.9771919207285
112.3076821432096
112.66921308212554
113.06194898695617
113.48486897397628
113.93869622177792
114.42297072201647
114.93752115852061
115.48215060370697
116.05668660673031
116.66093676621561
117.29471600555532
117.9578419903672
118.65014034544306
119.37144459975613
120.12159831702367
120.90045637423206
121.70788833015214
122.5437728548072
123.40800521900489
124.30049149811755
125.22116122452566
126.16994525598021
127.14679513778226
128.15170027569874
129.18456660794155
130.24539717949023
131.33435153128403
132.45126818404395
133.59623169038815
134.76928641488772
135.97047939610388
137.19987346046824
138.45753915079757
139.7435583094021
141.0580194507132
142.40102295486545
143.77267343675462
145.17308711324657
146.60238489207913
148.0606765018812
149.54815208010834
151.06489751015468
152.61107741423237
154.1868427886219
155.7923494814258
157.42775809944098
159.09323071269478
160.78893751255126
162.5150461896063
164.27172957773973
166.05916135269894
167.87752459710973
169.72698839313026
171.60773774940733
173.51994847655394
175.46380004876457
177.43947383683965
179.44714494152169
181.4869956689806
183.55919709946716
185.66392684146706
187.80135516187383
189.97165411752155
192.17498984525096
194.41152562016973
196.68142318765328
198.98483901444112
201.32192573653293
203.6928348281173
206.0977088658158
208.53668750424595
211.00990536757925
213.51749536266954
216.05956282921883
218.63627845157544
221.2477059674096
223.89397340305007
226.57516806102024
229.29142249028988
232.04279506639097
234.82938315391354
237.65126393827242
240.50851905776267
243.40120573407597
246.32939856350046
249.29314784632606
252.29250877223583
255.32751704045995
258.39824360566814
261.5046951883369
264.6469184407593
267.8249309490358
271.03878691836996
274.28843051857064
277.57394688676266
280.8953212412056
284.2525580032476
287.6456649119615
291.07463515400264
294.53947110793075
298.0401591444637
301.5767037111735
305.14906854589736
308.7572624451817
312.4012530806979
316.0810273271373
319.7965630985466
323.54784211096586
327.3348375282455
331.15752602019666