106.27231492671177
106.31950448000707
106.39813766766233
106.50819094236279
106.64962992724435
106.82241106632397
107.0264796362874
107.26177132364444
107.52820833306417
107.82570252739747
108.15415067811315
108.51343296458643
108.9034269936396
109.32397773385063
109.77492758365821
110.25610593870073
110.76732967531453
111.30841066625973
111.87915633156159
112.47936578924369
113.10885449054322
113.76742673100671
114.45490117258598
115.17110209711895
115.91586462629824
116.68903575923885
117.4904983024191
118.32005240620302
119.17765711474753
120.06319124096515
120.97656592560512
121.91771209916604
122.88657516131454
123.88311215745705
124.90729521272578
125.95910704643781
127.03855015405344
128.1456438872406
129.2803976295245
130.44285426398088
131.63306222055442
132.85106963024973
134.09695260492882
135.3707934237164
136.6726733412707
138.00268807569392
139.36094758227958
140.74756016258783
142.1626472882612
143.60633776202556
145.07879188038095
146.5800687583223
148.11039476439785
149.6698952521348
151.25872631791907
152.8770487494728
154.52502581326635
156.20282376704466
157.91062187981996
159.64858542761527
161.4168956971464
163.21572796270232
165.045265608202
166.9056875883841
168.79717506236793
170.71990985999727
172.6740792473871
174.65985962370524
176.67743268115083
178.72697956222535
180.8086789684729
182.9227047321097
185.06923601424035
187.24843213468654
189.46049251568712
191.70554498388978
193.9837725168862
196.2953319852326
198.6403738214824
201.0190538981355
203.43151947175144
205.87790350639875
208.35833968575162
210.87298393374044
213.42194105329173
216.00533390396018
218.62328311042418
221.27589758573984
223.96328717412726
226.68552581730748
229.44274531481312
232.2350090046203
235.06240395383207
237.9250052416002
240.8228879324585
243.75611746162784
246.72474640253185
249.72883486995954
252.7684319078555
255.84358080538067
258.9543233085393
262.10068528338525
265.2827129074025
268.5004172931582
271.7538230908568
275.04295020476917
278.36780888956537
281.72839871842564
285.1247607175092
288.55686000523946
292.0247103316524
295.52828407310244
299.0676397464493
302.64271828510175
306.2535111361119
309.899967117098
313.5822068916599
317.30008340324946
321.0536172861769
324.8427919131873