144.7430939307996
144.79271724295563
144.8754088893466
144.99114800263592
145.13990511844446
145.32164223612094
145.5363121143505
145.7838593057033
146.0642171767409
146.37731048780898
146.7230714913977
147.10134980038302
147.51209484120065
147.95517550858403
148.43047252798016
148.9378613024346
149.47721588770983
150.04841098314412
150.65132169215096
151.28582809931692
151.95181702813895
152.6491815630394
153.37782307565078
154.13765248277528
154.9285910596207
155.75057081558433
156.6035338656047
157.48743348892927
158.40223529088567
159.3479118913449
160.32445717421044
161.33185780292118
162.37013475155794
163.4392950643182
164.5393699834893
165.6703977829289
166.83242625278328
168.0255091165027
169.24971336334423
170.505110497737
171.79178072400893
173.10980954938893
174.45930256671102
175.84035137620862
177.25307030108758
178.69757093220008
180.17397556902029
181.68240945448315
183.2230034133048
184.7958881940195
186.40121339183344
188.03911280182888
189.70973547629305
191.4132321339478
193.14975253081022
194.91944997466481
196.72248347609607
198.5590068445709
200.4291785921731
202.33315737881435
204.27110113381354
206.24316804424134
208.24951485385208
210.29029869646695
212.3656723692702
214.47578871337876
216.62079968340865
218.80085074764477
221.01608679205918
223.2666480779832
225.55267266450562
227.8742945165246
230.23163856082468
232.62481800272082
235.05398927358965
237.519213688789
240.02065826293665
242.55837397638217
245.1330786305231
247.7430616567771
250.39020493609968
253.07398348737638
255.79447953046972
258.551747799535
261.34585140945677
264.1768395646593
267.0447600018652
269.9496515655003
272.89154695187267
275.87047348593484
278.8864471571552
281.93949541954316
285.0296136168165
288.1567969378027
291.3210808602991
294.52241778215904
297.76081245837224
301.03624160083217
304.3486876941699
307.698121281594
311.0845107597176
314.5078251290189
317.9680224486618
321.46506112330576
324.9988964844055
328.5695726553669
332.1767616444393
335.8206969563473
339.5012174620707
343.21827009661416
346.9717968716976
350.76172606167876
354.5880249107926
358.45060995230784
362.3494173092577
366.28438284153026
370.2554452400611
374.26253486630276
378.30559026233897
382.38454275072087