147.82620443085304
147.87600373634012
147.95898894666905
148.07513897393028
148.22442546821458
148.40681007979776
148.6222464582813
148.8706790609604
149.152042720765
149.46626251592625
149.8132538890468
150.19292124030284
150.60516551451855
151.04987298372677
151.52692822634089
152.03621160648848
152.57760164853778
153.15097829376063
153.75622421072543
154.3932252216821
155.06187488825512
155.76207364063302
156.49373030524023
157.25676340088853
158.05110148702548
158.8766828167175
159.73345824883162
160.62138649530496
161.54043928617997
162.49059805355793
163.47185553882738
164.48421428449745
165.5276872731284
166.60229630978816
167.70807558924733
168.84506642749358
170.01331482037025
171.21289091113752
172.4438523187728
173.70627939993955
175.00025347902925
176.32586210444364
177.68321401149177
179.07240188149154
180.49354047833907
181.94674419608415
183.4321359767108
184.9498420595164
186.49999284604644
188.08271222585813
189.69817617680505
191.34649291755682
193.0278180597845
194.74230133863094
196.49009552906952
198.27134856121734
200.08622424566713
201.9348709385079
203.81744649911158
205.7341081401054
207.6850129560834
209.67031656626375
211.6901728336728
213.74473721223083
215.83416078424722
217.95859190910562
220.11818112169524
222.31306971935214
224.54339968992812
226.80930819892052
229.11092813922377
231.4483888454978
233.82181003849016
236.23132465461038
238.67703359042022
241.15895635966896
243.67747712245992
246.23241149479267
248.8240132640351
251.4521623900798
254.11713848342742
256.81895803019216
259.5576742724802
262.3333511296409
265.1460382726723
267.9957805609199
270.8826321352284
273.80661245367804
276.7677535043228
279.76607208419443
282.80157991892673
285.8742971767353
288.9842163526948
292.1313389089705
295.31565424699613
298.5371484970891
301.79580874064425
305.0916039115185
308.42450668799523
311.7944904367365
315.2015150814841
318.64554166175304
322.1265228197949
325.64441713742207
329.1991681644582
332.7908126425051
336.41903908151994
340.0840446096898
343.7856805252521
347.5238914711524
351.29860790893775
355.1097693870405
358.95730882157454
362.84115502123603
366.76124733422824
370.7175114143932
374.70986788625464
378.7382847769652
382.802657977827
386.90292648604856