151.93193929406155
151.98196943393566
152.0653394668393
152.1820288077287
152.33200895992192
152.51524245583795
152.73168347204293
152.9812770492609
153.26395757201513
153.57965565486603
153.92828395070873
154.3097513331902
154.72395853888725
155.1707982519308
155.65085927795624
156.16192716178193
156.70598816905874
157.2822288707335
157.89053957528267
158.53081672368336
159.2029637085003
159.9068887347924
160.64251151140323
161.4100764787245
162.20857391127038
163.03889979511655
163.90069719591233
164.7939348432995
165.71859248273995
166.67465990344775
167.66213715661368
168.68103513222826
169.7313719554053
170.81317670393497
171.9264878029272
173.07135302225797
174.2486978825245
175.45597403911256
176.69586891327754
177.96758712761448
179.27113910493688
180.60684944661145
181.9745862656646
183.3745363092895
184.80680880812133
186.27152285780758
187.76880064907502
189.2987694216183
190.86156143142244
192.4573108424704
194.0861665373703
195.74826149390324
197.44374474527075
199.17276308648874
200.93558063444812
202.73201705097955
204.56255607888892
206.42724097802463
208.32622610145174
210.2596682777319
212.227719029544
214.23053302765516
216.26826104769887
218.34105595671676
220.4490641979374
222.59243146868502
224.7713022072317
226.98581480887577
229.23610624920713
231.52231091140956
233.84455359914975
236.2029595886113
238.59764330153553
241.02871161093478
243.49631756249104
246.00050907983905
248.54140470590744
251.11909185502205
253.73363807202963
256.3851760757139
259.07371593318504
261.7993561897989
264.5621318807676
267.362131209344
270.1993644582364
273.07387725670213
275.98571137089687
278.9348857767056
281.92141935899616
284.94531168436254
288.00660866319504
291.1052714538098
294.24130667581426
297.4147059403534
300.6254492434751
303.8735188642962
307.15888536932226
310.4815172445802
313.8413833534605
317.238439215716
320.67264043563864
324.1439456642737
327.65229754300066
331.19764456061995
334.7799272793325
338.39909177686974
342.0550711496256
345.7477973400025
349.4771925737888
353.24325246919835
357.04583085683
360.8848939491171
364.7603619582056
368.67216172890517
372.6202216747035
376.6044686612241
380.6248285253692
384.6812273982398
388.7735924968875
392.90184790640825