108.2897259576816
108.33705608511089
108.41592390309764
108.52630552776952
108.6681753744243
108.84146624321077
109.04614800564744
109.2821481654041
109.54939065553457
109.84778548583134
110.17723625849322
110.53762246965056
110.92881565835883
111.3506714565933
111.8030322251744
112.28572851130465
112.79858084098814
113.34140336475048
113.91400687078522
114.51619889458438
115.14778918219027
115.80859380215429
116.49843216911815
117.2171339647707
117.964538156915
118.74049523026368
119.54487002932369
120.3775321049983
121.23838838741062
122.12732462322134
123.04427266128546
123.98915640484753
124.96193023469962
125.96405493826903
126.99099575623538
128.04725191406322
129.1313212699485
130.243215160906
131.3829665943213
132.550597837563
133.74618690297373
134.9697655191227
136.22141180369707
137.50120764228848
138.8092397303918
140.1456054243132
141.51040910825864
142.90377256965925
144.32580734275163
145.77664512946717
147.25641982671024
148.76526860286782
150.30334837440512
151.87079897563646
153.46778110981086
155.09445054201097
156.75098287271325
158.4375346495265
160.1542801972403
161.9013927894765
163.67904947720382
165.48742598630741
167.32670124082446
169.19705606014742
171.0986711922822
173.0317270716519
174.99640456828106
176.99288233466055
179.021341793439
181.0819603023411
183.17491185675
185.3003679084912
187.45852057469793
189.64950285497986
191.87426950319977
194.13072463167717
196.42126495670522
198.74530160377896
201.10298595965529
203.49446606163863
205.919888014506
208.37938539839465
210.8730998193535
213.40115211782395
215.96366712701328
218.56076276822634
221.19255279415205
223.85914010655796
226.56062451708834
229.2971191049342
232.0686923258529
234.87543032962728
237.71742751621142
240.5947293426785
243.507440680768
246.45558929179393
249.43924482602276
252.4584564025001
255.51327096167867
258.60372719682323
261.72986025540655
264.89170510027117
268.0892831508786
271.32260528690796
274.59173021076526
277.8966256159912
281.23732336857273
284.6138279073053
288.0261354101891
291.47424897675796
294.9581603855109
298.47787661626256
302.03335288674486
305.62463712697144
309.25168615016395
312.9144637290872
316.6129751988791
320.34719652834525
324.11710477007443
327.9226800112313