5.097380871744075
5.432538750256113
5.7841364577135455
6.151990842085759
6.535942120804008
6.935852522510218
7.351593201415216
7.783084231671436
8.230214617998707
8.692918521597596
9.171133413076694
9.664811074433592
10.17391055032727
10.698400835579866
11.238268419295316
11.793494973877795
12.364077066870154
12.950018942804261
13.551336449093393
14.16804420873417
14.800170165171659
15.44774783271564
16.110818195056616
16.78943185814657
17.483641215958517
18.193509454438647
18.919106239733974
19.660509090776102
20.417803780292203
21.191078543571102
21.98043433315215
22.785974356378603
23.60781391492443
24.44606297953823
25.30087220907557
26.172348738983832
27.060646600385468
27.965906468643162
28.88828184911047
29.827935448271454
30.785028284667096
31.759728498829485
32.75222602114278
33.762690276879155
34.79131290665671
35.838286567209416
36.9038092734413
37.988072719600396
39.09132127519186
40.21372622044739
41.355517677999906
42.516913979313856
43.69814055975299
44.89942306256835
46.12098623969435
47.36307645704868
48.625916071007495
49.90975261135667
51.214820640981294
52.541365831070294
53.88963275611246
55.25986806625671
56.65231982535683
58.06723734797242
59.50487097620316
60.96547185727644
62.44929172209527
63.95658266498937
65.4875969249566
67.0425866686357
68.62180377535817
70.22549962457438
71.85392488599867
73.50732931284213
75.18596153851855
76.8900688771809
78.61989712854906
80.37569038739686
82.15769085815386
83.96613867504958
85.80127172821985
87.66332549623677
89.55253288546497
91.46912407668954
93.41332637942156
95.38536409427762
97.3854583838338
99.4138271522941
101.47068493433513
103.55624279344545
105.6707082300285
107.81428509954327
109.9871735409183
112.18956991539494
114.42166675602724
116.6836527278819
118.97571259909
121.29802722275163
123.65077352972212
126.03412453240705
128.44824933912398
130.893313179407
133.36947743983595
135.87689971032975