10.616477534874448
10.989058413814154
11.380109479846507
11.78935227941811
12.216544688359972
12.661455724630839
13.123876913596456
13.603619611848806
14.100513855308458
14.614407343533305
15.145163639619144
15.692664013266988
16.256803383680197
16.837491567993037
17.43465113220445
18.048221475986207
18.678149892959205
19.324398596090195
19.986940386060606
20.66576149636295
21.36085626064556
22.072231706435847
22.799908258900228
23.54391111083567
24.30427803174883
25.081057722837347
25.8743097163806
26.684099049628323
27.51050263329782
28.353607051099594
29.21350624598761
30.090303580918906
30.984111399024705
31.895049429812286
32.822492479415565
33.76883422965924
34.73196075849469
35.712769981002985
36.71143109050407
37.72809796757574
38.762944367530004
39.81614798338871
40.887889279250636
41.97836039873443
43.087746051077424
44.21626739067623
45.36410818514037
46.53148459165139
47.718609031146
48.92569647436657
50.15298094730971
51.40067406646529
52.66900677829835
53.958233956737104
55.26854420544967
56.60021620926675
57.953474472571884
59.32856303577414
60.725730005450544
62.14521733549482
63.587274463681176
65.05215094629307
66.54009642720753
68.05136278869672
69.58620022212354
71.14486057948278
72.72759908914303
74.33466254037296
75.9663054644825
77.62277813961161
79.30433067401209
81.01121216369235
82.74367048020677
84.50195206270874
86.28630171468613
88.096962405792
89.93417507916955
91.79817846475225
93.68920889892028
95.60750015099524
97.5532832569905
99.5267863610449
101.52823456496985
103.55784978630537
105.61585062527519
107.70245224101681
109.81786623740588
111.96230055882585
114.13595939613272
116.3390431031022
118.57174812346011
120.83426692903208
123.12678796854897
125.44949562783056
127.80257020104655
130.18618787316916
132.6005207136847
135.04573668138588
137.52199964025465
140.02946938626727
142.56830168498936
145.1386483197514
147.74065715020217
150.37447218099285