14.252967987169784
14.642174904744252
15.050867727707807
15.478774220644114
15.925610664320384
16.391122865065572
16.875071106150077
17.377237693344696
17.897422841948142
18.435441851645432
18.991130494625466
19.564340028004636
20.15493758954665
20.762806863727736
21.387845703238703
22.02996733942621
22.689098278540346
23.365167426740246
24.058170031710592
24.76803122361376
25.49474657678037
26.23830780426073
26.99871982292765
27.776000321230214
28.570175902682756
29.381287799808312
30.20938536295705
31.05452934186316
31.916791784304948
32.79625251963653
33.69300449128012
34.6071463841046
35.53878983275172
36.488053606062195
37.455060189672984
38.43994939201678
39.442862974537846
40.46395244969966
41.50337568147556
42.56129699896256
43.63788915007171
44.73333028231115
45.84780532230396
46.9815048596964
48.1346227612549
49.30736294907402
50.49992990148332
51.71251012463832
52.945393663651224
54.19872634374902
55.47275467021256
56.76768648420965
58.08381435171365
59.42130135407501
60.7804263168075
62.16141033445953
63.56449630566526
64.98993009561075
66.43795610162461
67.90882455221654
69.40277872243428
70.9200699882302
72.46094551789199
74.02566216575059
75.61446443003285
77.22757654483146
78.86533557247819
80.52790158773668
82.21556408938588
83.92855894157215
85.6671451235092
87.43155943652742
89.22205209248969
91.03886540360404
92.88224075373827
94.7524174209668
96.64963238657896
98.57412015084041
100.5261125559204
102.50583861644124
104.51352435807699
106.54939266461825
108.61366313390144
110.70655194301088
112.82827172309251
114.97903144413588
117.15903631005891
119.3684876641801
121.60758290579079
123.87651541750314
126.1754745037086
128.50464534053188
130.86420893705915
133.25434210801163
135.6752174578623
138.12700337634368
140.60986404532613
143.12395945686913
145.66944544236642
148.24647371256867
150.85519190827551
153.49574366145384
156.16826866649743
158.87290276134416