17.873798308572564
18.27647245714188
18.699517409042777
19.14262739560036
19.605513669053913
20.087902662673
20.589538665083026
21.110182634245927
21.649615181078588
22.207631573961574
22.784045647370316
23.378687817667956
23.991407698364274
24.62206556561838
25.270543633834222
25.93673673960135
26.62055584723569
27.321925306444967
28.040785465089723
28.777090743302335
29.530809859682254
30.301922810487472
31.0904281441223
31.89633053977945
32.71965047178218
33.56042157930878
34.41868728288621
35.29450426643293
36.18793669097707
37.099066445605864
38.0279785165392
38.97476956049617
39.93955477437244
40.92243873117263
41.92355984868824
42.943044932483
43.981021607839736
45.03769285484736
46.11316178236539
47.20761829448345
48.32122850696406
49.454179079085264
50.60663801643298
51.778813258960994
52.97089798829031
54.183091567642215
55.41560303122126
56.66864440330137
57.94242891067014
59.23718043862962
60.55312154951014
61.89047929977705
63.24948546881337
64.63037892726913
66.03338793622638
67.45875419392333
68.90671154017083
70.37753461149131
71.8714333696049
73.38866626933834
74.9294591227768
76.49412469897108
78.08284710781187
79.69589754657623
81.33352460342978
82.99597693703771
84.68350483769169
86.39635406859917
88.13474421411462
89.89901450515309
91.68931286108496
93.50591593759995
95.34906646831627
97.21900214558475
99.11596208033491
101.04018033272061
102.99189002867995
104.97132111068294
106.97870063058542
109.01425258446288
111.07819775624647
113.17075357053383
115.29213395504004
117.44254921298204
119.62220590551551
121.83130674546685
124.07005050097897
126.33863191098744
128.63724161171282
130.96606607467007
133.32528755625353
135.7150840589931
138.1356293044854
140.58709271802232
143.0696394248235
145.58343025782688
148.1286217768298
150.7053662989277
153.31381193990833
155.95410266644276
158.62637835878138
161.33077488364927
164.06742417701693
166.83645433640925