0.195563894466962
0.27655615191269756
0.39494845939280404
0.5780845191042184
0.8081926900471661
1.0660782285656913
1.3461762690764447
1.6460463131724985
1.9643397927132686
2.300212893415126
2.664983652461774
3.0225895478346474
3.408393856482649
3.8102870853459225
4.228103115823553
4.6617091675729
5.111005520096417
5.575916906446124
6.056386168020833
6.552376044525095
7.063858372578547
7.59081939688634
8.133261646909265
8.691185906188364
9.264612704370352
9.853566555064967
10.458081710333479
11.078200292535165
11.713972993146715
12.365454386275019
13.032716543226618
13.715826882258067
14.414864893048138
15.129921273662019
15.861089352133352
16.60847106579357
17.372174161287333
18.152318471443177
18.949021896576486
19.76241601890629
20.59263677073098
21.43982437618639
22.304134418372342
23.185715240454172
24.084730067416167
25.001345569551304
25.935734519168463
26.88807501048359
27.85855045790757
28.8473494055219
29.854665331938275
30.880696451108474
31.925645509514975
32.98971958025768
34.07312985437714
35.17609142983301
36.29882309843517
37.441547131065526
38.60448906143302
39.78787746861386
40.99194375865107
42.21692194538159
43.4630484307348
44.73056178468462
46.019702525093194
47.33071289759672
48.66383665579934
50.019318841959084
51.397405568396714
52.7983437998807
54.222381137228055
55.66976560240688
57.14074542539808
58.635568833148774
60.154483840914935
61.697738046329114
63.26557842654043
64.85825113880881
66.47600132489136
68.11907291964924
69.78770846423691
71.48214892430632
73.20263351360236
74.94939952339371
76.72268215812694
78.5227143777132
80.34972674686078
82.20394729183212
84.0856013650131
85.99491151765842
87.93209738116907
89.89737555721193
91.89095951702402
93.91305951015201
95.96388248288356
98.0436320066418
100.15250821648614
102.29070775992922
104.45842375619713
106.65584576602558
108.88315977208947
111.14054817008261
113.42818977048563
115.74625981096872