7.178532760351776
7.5304966578476735
7.899744879931821
8.286048828610655
8.68920413015852
9.109026805068092
9.545352661546724
9.998043975610434
10.466968557206096
10.952018597708705
11.453099887548875
11.97013061865473
12.50304371592307
13.051783259176846
13.616304479008708
14.196575376956817
14.792570834753851
15.404278496959346
16.03169404488514
16.674823473082213
17.33368025341835
18.00828783612068
18.698678525778696
19.40489096145137
20.126979862578256
20.8649970675558
21.619004118706087
22.38911333351558
23.175323831418673
23.97779724515255
24.796608948795114
25.631865032329685
26.483677390135746
27.35216763809626
28.23746286144486
29.13969782372125
30.059016492283735
30.99556480501748
31.949500383707658
32.92098351641729
33.91018343553726
34.91727216878825
35.942435068044986
36.98585151849764
38.04770979982822
39.128222441509514
40.22757447401162
41.345976060151656
NaN
NaN
44.81760662868374
46.01435560740773
47.231246348444955
48.46850877172494
49.72637664006172
51.005081788846034
52.30486808149718
53.62597077401913
54.96863868982952
56.33311603248734
57.719642571275386
59.128470690974126
60.55984113012659
62.014030434696515
63.491263093818255
64.99180002876646
66.51589348324704
68.06379585812945
69.63575949009909
71.23203643251178
72.85287823872966
74.49853574827904
76.169258876184
77.86529640582683
79.5868957857455
81.33430293075361
83.10776202779762
84.90751534698587
86.73380305821809
88.58686305384401
90.46693077779308
92.37423906161578
94.3090179678578
96.27149464118561
98.26189316767423
100.28043444263503
102.32733604738064
104.40281213523836
106.50707332716092
108.64032661721208
110.80277528821019
112.99461883772642
115.21605291467058
117.46726926660699
119.74845569789622
122.05979603884245
124.40147012576126
126.77365379209834
129.17651887050343
131.61023320583257
134.07496067897313
136.5708612413608
139.09809096003463
141.65680207304104