0.1551641649864684
0.21652323099411402
0.2993815342987602
0.4136875718629821
0.5764816066853774
0.7907367904955311
1.0395801163509988
1.3141221124053593
1.6105105034696587
1.9267102677296764
2.261491610538107
2.6140454375373112
2.9838085178034985
3.3703715641639542
3.7734317025851727
4.1927568548205905
4.628169146826505
5.0795327069051295
5.546741196211564
6.029714279546404
6.528395959890074
7.042742367840124
7.572727037429862
8.118338512499594
8.679574089863804
9.256446116780873
9.848972106441398
10.457184250388822
11.081119664639594
11.720828736856749
12.376361881331487
13.047790329741513
13.735181212027914
14.438618605632264
15.158186880332641
15.893984358213636
16.6461119098718
17.414680545581177
18.199807436007458
19.001617375239192
19.820240202954377
20.655817702466248
21.5084871469089
22.3784054485626
23.265727781394645
24.170617226603465
25.09324272011989
26.033778864815986
26.992405737937318
27.96930869420487
28.964678165040354
29.978709454331213
31.011602531127135
32.06356181967571
33.134795987099245
34.22551772907473
35.335943553765425
36.46629356431523
37.616791240107446
38.78766321703613
39.97913906700409
41.19145107682016
42.424834026710336
43.67952496862874
44.955763004537936
46.25378906486269
47.57384568731317
48.916176796271856
50.28102748296063
51.668643786630255
53.079272476989736
54.51316083815154
55.97055645435948
57.451706997783816
58.95686001870399
60.486262738384404
62.04016184499502
63.61880329293191
65.22243210588539
66.85129218406826
68.50562611595628
70.185674994966
71.89167824145784
73.62387343047551
75.38249612563325
77.16777971953586
78.97995528115818
80.81925141055558
82.68589410129078
84.58010661094987
86.50210934009526
88.45211971997304
90.43035210933417
92.43701770059384
94.47232443563585
96.53647693148228
98.62967641604125
100.75212067410608
102.90400400374995
105.08551718324104
107.29684744854717
109.5381784814909
111.80969040857927
114.11155981047902