5.576717022656979
5.9161869661449105
6.272293944771853
6.6448261720314745
7.033684140997073
7.438642438665781
7.8595945722113685
8.296427235196594
8.749043510930541
9.217359113211748
9.701304438183962
10.200822078550377
10.715866411894876
11.246401439352818
11.792400027410158
12.353845788322403
12.930727751785376
13.523051446763091
14.130822189646903
14.75405459307996
15.392773301974966
16.047009852550257
16.716803315270187
17.402200260968385
18.10325354606741
18.82002741453848
19.55258757214967
20.30101220557009
21.065385956279613
21.84579685917507
22.642345058552234
23.455139936259222
24.284289104293286
25.129912740499627
25.992140623364072
26.87110415029662
27.766946420097742
28.67981210526765
29.609855161463038
30.557237986839386
31.522044254664777
32.50468301787547
33.50509624731296
34.523545671865946
35.560222386546364
36.61524460676146
37.68902641268913
38.78155889006536
39.89312024902594
41.02392036637623
42.174180847723925
43.34412254337915
44.533962439587455
45.74393350851809
46.9742635724713
48.2251841093329
49.49694482082986
50.78976860584332
52.10390450937096
53.43959471792007
54.79708489527564
56.17662169438787
57.57845372964469
59.00283064232464
60.45000305285415
61.9202223375319
63.413740406310666
64.93080948188954
66.47168188037229
68.03660979378894
69.62584507476923
71.23963902369586
72.87824217869188
74.5419041087929
76.23087321068496
77.94539650941383
79.6857194634642
81.45208577463202
83.24473720311889
85.06391338827737
86.90985167545153
88.78278694934035
90.68295147431346
92.6105747421114
94.56588332733412
96.54910075112106
98.56044735340116
100.60014017407646
102.66839284346953
104.76541548236875
106.89141461191295
109.04659307361504
111.23114995971268
113.44528055402631
115.68917628354039
117.9630246806992
120.26700935664876
122.60130998532588
124.96610229851248
127.36155809171619
129.78784524093345
132.24512773009852
134.73356568914105
137.25331544247507