0.08073285126859417
0.11270805910387936
0.1542322352764528
0.20760589746632457
0.2757111570002625
0.36221550986455536
0.4718365078948889
0.6104823199741464
0.7842378189310751
0.9956223677255345
1.2414047452412558
1.5164765687852868
1.8168649999292001
2.139914503786695
2.4838497364555083
2.847441817512849
3.2298153855792355
3.630320514528331
4.048468065771196
4.483882909014778
4.936279227618296
5.405423274183992
5.891137942923761
6.393283002941987
6.911758077649197
7.446477515605186
7.997385802247324
8.564444852292333
9.147636994083518
9.746956835182988
10.362413373936572
10.994027541091224
11.64182875912451
12.305890787462914
12.986238642440062
13.682949779878946
14.396100439694072
15.125775964205294
15.872070529403773
16.635086816520786
17.41493570853382
18.211736005332714
19.0256141528044
19.85670398225441
20.705146457342888
21.57108942654804
22.454687379564557
23.35610120652114
24.27549795919967
25.213050613629957
26.16893783367134
27.143343735284905
28.136457651304433
29.148473896592485
30.179591533511523
31.230014137686204
32.2999495640431
33.3896097131659
34.4992102979532
35.628970610679495
36.77911329043609
37.949864091088905
39.14145164974655
40.35410725587525
41.58806462111608
42.84355964989881
44.12083021101519
45.42011591020088
46.741657863962516
48.08569847473532
49.45248120759844
50.84225036873395
52.2552508858588
53.691728090840215
55.151927504807794
56.636094625980554
58.14447472055153
59.67731261692889
61.23485250365664
62.817337731376504
64.42501061917669
66.05811226571555
67.71688236546558
69.40155903050555
71.11237861821577
72.84957556528136
74.61338222839046
76.4040287320099
78.22174282361287
80.06674973673911
81.93927206220086
83.83952962784676
85.7677393871276
87.7241153168037
89.70886832407687
91.72220616337184
93.76433336303408
95.83545116209893
97.93575745734219
100.0654467607343
102.22471016740315
104.41373533420897
106.63270646895769
108.88180433027956