21.670510810797293
22.085165565479585
22.520983716252022
22.977652563387394
23.454875009328088
23.952368803872094
24.469863985409745
25.00710922373887
25.56386919035029
26.139924669976214
26.73507364640051
27.349133779266126
27.98193453301783
28.63332530852598
29.303171462013502
29.991354400458725
30.69777142091617
31.42233624274724
32.16497704771705
32.925637770519074
33.704277039187794
34.50086737698767
35.31540628245154
36.14786343660311
36.99828370154731
37.866684249942196
38.753101816209934
39.65758748278325
40.580214781472435
41.52104299397499
42.48017101440512
43.45768431126589
44.453691799712914
45.468311354249
46.50166101872791
47.55388867335132
48.62512214318897
49.71551947926189
50.825234803094745
51.95443636002534
53.10329581814956
54.27198914328705
55.460710095860264
56.669641746571166
57.898987015050665
59.14894418105666
60.41972023192468
61.711535090565704
63.02459702396437
64.35913053007026
65.71535748828433
67.09350833129159
68.49381162213275
69.91650216611319
71.36181736730902
72.82999516628625
74.32127574598668
75.83590116644393
77.3741168481309
78.93616722698256
80.52229813896358
82.13275571022876
83.76778903999136
85.42764427667258
87.11256836769086
88.82280658773595
90.55860981936235
92.32021829091684
94.10788056073653
95.92183613156773
97.76232800465263
99.62959591035681
101.52387802536967
103.44540970221678
105.39442266951902
107.37113033210169
109.37581510974896
111.40864943518733
113.46986987220562
115.55969629981553
117.6783438017748
119.82602389929687
122.00294442051617
124.209309380586
126.44531887271347
128.71116897039713
131.00705164111068
133.33315467160975
135.68966160503044
138.07675168986813
140.49459984091047
142.94337661214033
145.4232481815738
147.93437634796305
150.47691853927577
153.05102783274515
155.65685298630459
158.2945384812636
160.96422457580755
163.66604736913746
166.40013887587716
169.1666271104027
171.9656361807247
174.79728639151983