 0.00000000000000E+00
 0.00000000000000E+00
 0.00000000000000E+00
 0.00000000000000E+00
 0.00000000000000E+00
 0.00000000000000E+00
 0.00000000000000E+00
 0.00000000000000E+00
 0.00000000000000E+00
-0.12802604466558E-15
-0.11638731333234E-15
 0.00000000000000E+00
 0.00000000000000E+00
-0.18553058726188E-15
 0.00000000000000E+00
-0.80016277915985E-16
-0.89128347784804E-16
-0.61909522142466E-16
 0.10523231803840E-15
-0.52022510456153E-16
-0.89428452812773E-16
 0.14517412762737E-15
 0.18514961204651E-15
-0.80348354442588E-17
 0.12904589219601E-15
 0.16378619527191E-15
 0.39430009972867E-16
 0.11158769897493E-15
 0.56913764531233E-16
 0.44176759698490E-19
 0.74093199178928E-16
 0.61846619485551E-16
-0.21818232830321E-16
-0.43685410465647E-16
-0.29096232378248E-16
-0.43592544272351E-16
 0.10021901372015E-15
 0.28955325001791E-16
-0.77366781941228E-17
-0.45473032815135E-15
 0.55009776182016E-16
-0.40357656279258E-15
-0.69299263835149E-15
-0.81974270115099E-15
-0.18547741142663E-14
-0.14815476030291E-14
-0.29436395009529E-14
-0.40436232373332E-14
-0.58841213632246E-14
-0.83987363786024E-14
-0.11324994555073E-13
-0.15569514189881E-13
-0.21304504042662E-13
-0.28071542759833E-13
-0.36277202073774E-13
-0.47466719424411E-13
-0.61019991556879E-13
-0.77613141247970E-13
-0.98184562774793E-13
-0.12297486532121E-12
-0.15279715466466E-12
-0.18818757084852E-12
-0.23063962690143E-12
-0.28047147868997E-12
-0.33862436641734E-12
-0.40642383239885E-12
-0.48452373081036E-12
-0.57473531049684E-12
-0.67836440216788E-12
-0.79602950023619E-12
-0.93000284464476E-12
-0.10811912003947E-11
-0.12511090474529E-11
-0.14417236827729E-11
-0.16542103037533E-11
-0.18904452028185E-11
-0.21523621736914E-11
-0.24414809471522E-11
-0.27595106506789E-11
-0.31085935223697E-11
-0.34902624477375E-11
-0.39066906777924E-11
-0.43594914001727E-11
-0.48510189334704E-11
-0.53827340664311E-11
-0.59567608216031E-11
-0.65746513739506E-11
-0.72390566599100E-11
-0.79514088950840E-11
-0.87133468180953E-11
-0.95269919608353E-11
-0.10394184519177E-10
-0.11316990778368E-10
-0.12296599036392E-10
-0.13335550194536E-10
-0.14435269445288E-10
-0.15597468850406E-10
-0.16823440336324E-10
-0.18115475496669E-10
-0.19475493358550E-10
-0.20904187727262E-10
-0.22403630777162E-10
-0.23975627146785E-10
-0.25621087771292E-10
-0.27342199861884E-10
-0.29139871356826E-10
-0.31016122073865E-10
-0.32972207346358E-10
-0.35009381743307E-10
-0.37129311292158E-10
-0.39333397725823E-10
-0.41622878688325E-10
-0.43999612209771E-10
-0.46464179981930E-10
-0.49018619652170E-10
-0.51664400180049E-10
-0.54402476926470E-10
-0.57234726237576E-10
-0.60161837114405E-10
-0.63186015882458E-10
