0.11617251375213365
0.16151146155886295
0.22100561164268517
0.29888389491535877
0.4011887166221543
0.5367970502971876
0.7155710924063575
0.9370626723793934
1.1919326333712414
1.4733910692051335
1.7777105444639754
2.10270990265604
2.447061355978459
2.80979115648987
3.1902635474083754
3.5879948912533206
4.002627647745665
4.4338824339876295
4.881549004281542
5.3454607919391695
5.825490040055212
6.321538963306563
6.833533681381913
7.361420740624339
7.90516838425935
8.464753019054923
9.040173291645907
9.631434453937551
10.238555347170152
10.861564783338796
11.500505117085673
12.15542466074022
12.826381910434463
13.51344543896193
14.216691518885064
14.93620494931263
15.672079204138708
16.424414083163207
17.19332022724184
17.978913151366086
18.781315334566656
19.60065806495052
20.437078915567138
21.290722196834338
22.161738759633145
23.050285795983115
23.9565266370915
24.880630548702644
25.822772523746142
26.783133072481434
27.761898010247748
28.759258243055566
29.775409551243765
30.810552371403798
31.86489157681203
32.938636256567015
34.031999493635844
35.14519814200089
36.27845260307992
37.431986601579354
38.60602696097465
39.80080337870836
41.016548201330146
42.25349619967298
43.51188434425918
44.791951581061696
46.093938607824064
47.418087651091355
48.764642244159795
50.133847006128796
51.525947422305144
52.941189626173525
54.379820183191406
55.842085876686646
57.328233496144655
58.838509628188454
60.37316045057542
61.932431529557434
63.51656762094312
65.1258124752486
66.76040864729582
68.42059731065271
70.10661807731996
71.81870882303889
73.5571055186428
75.32204206783643
77.11375015181125
78.93245908107293
80.77839565487102
82.6517840285937
84.55284558948797
86.48179884101562
88.43885929621558
90.42423938030761
92.4381483428294
94.48079217957326
96.55237356450083
98.65309179185978
100.78314272861914
102.94271877739598
105.13200884992901
107.35119835118779
109.60046917413939
111.8799997051754