0.
0.
0.
0.
0.
0.
0.
0.
0.
0.
0.
0.
0.
1.9859446137283985e-12
3.971889227456797e-12
5.9578338411851955e-12
6.08195537954322e-12
2.482430767160498e-12
6.57844153297532e-12
1.5639313833111137e-11
5.287577534051861e-11
1.580067183297657e-10
4.809709611373465e-10
1.355283077331274e-9
3.535353777051623e-9
8.63525954510615e-9
1.9798005975796763e-8
4.2931157687273656e-8
8.853763101231617e-8
1.745120281360008e-7
3.301658985846518e-7
6.018473418750008e-7
1.0605264470878612e-6
1.8117464889629052e-6
3.0084538748325803e-6
4.866992570176462e-6
7.686800449057137e-6
0.000011874043152117411
0.000017969749708652242
0.000026682437138236897
0.00003892569296308332
0.000055860773720004594
0.00007894431988631208
0.0001099811949151806
0.00015118248710640152
0.00020522838697116275
0.0002753360103436459
0.0003653317343035153
0.0004797279173193847
0.0006238035901644177
0.0008036888928199558
0.0010264527876912728
0.0013001937859977951
0.0016341331784394783
0.0020387105312053826
0.0025256809287446547
0.0031082137436048004
0.0038009924537316135
0.00462031528679092
0.005584196320512853
0.006712466784733624
0.008026876383172624
0.009551194239741866
0.011311309580104192
0.013335331605200262
0.015653688828074004
0.018299227492819307
0.021307309121076395
0.024715907104281842
0.02856570240869781
0.03290017820952065
0.03776571368009423
0.04321167679472934
0.04929051632336782
0.05605785298060657
0.06357256978990118
0.07189690179911032
0.08109652515135285
0.0912406455928497
0.10240208642941782
0.11465737608267221
0.12808683521403672
0.14277466342550038
0.15880902567563907
0.17628213825140587
0.19529035447628781
0.21593424999706934
0.2383187077245455
0.26255300227216316
0.2887508840013212
0.3170306624911192
0.34751528935832965
0.38033244055543924
0.41561459781920246
0.45349912932159003
0.4941283695583827
0.5376496982097909
0.5842156181185698
0.6339838321860432
0.6871173193677492
0.7437844094735481
0.8041588571327639
0.8684199146695388
0.9367524041174058
1.009346788361533
1.086399241619279
1.168111719212756
1.2546920270336976
1.3463538905989734
1.443317024108957
1.545807199609911
1.654056316453515
1.7683024714368303
1.8887900296555917
2.015769696499539
2.1494985907848294
2.290240319539495
2.4382650543148587
2.5938496093495793
2.7572775215962717