0.
0.
0.
0.
0.
0.
0.
0.
0.
0.
0.
0.
1.9859446137283985e-12
1.9859446137283985e-12
3.971889227456797e-12
6.08195537954322e-12
6.950806148049394e-12
7.571413839839519e-12
2.954092612920993e-11
1.0686864452625945e-10
3.5895948893140804e-10
1.0989721006219526e-9
3.1224014189344743e-9
8.174148030106089e-9
1.9908474144935405e-8
4.5471180848232275e-8
9.803814180131612e-8
2.007905437510084e-7
3.926465709279294e-7
7.364508200258226e-7
1.330133943593786e-6
2.3213450899502233e-6
3.92651895741925e-6
6.454530008260197e-6
0.000010335845142624837
0.00001615754794188664
0.000024704521946824878
0.00003700735437238162
0.00005439690564551465
0.00007856580864853698
0.00011163684305446599
0.00015623794147616695
0.00021558382432625278
0.00029356373810538914
0.00039483500369568895
0.0005249219854140512
0.0006903197291454083
0.0008986021324015826
0.0011585336347152122
0.0014801842009780916
0.001875046866399819
0.0023561572902494215
0.0029382148168048206
0.0036377045920801014
0.004473020144394974
0.005464586059524843
0.0066349804611041865
0.008009056801534789
0.009614064755371127
0.011479770072194907
0.01363857297081327
0.016125625192696155
0.018978945405217808
0.02223953301179832
0.02595148029161755
0.03016208291569515
0.034921948787454006
0.040285105406857896
0.04630910561414257
0.05305513205186772
0.06058810019907487
0.0689767602288971
0.07829379771109382
0.08861593321176567
0.10002402098561679
0.11260314662944397
0.12644272394795056
0.14163659090751526
0.15828310470547083
0.1764852360176982
0.19635066228502354
0.2179918600406521
0.2415261962092552
0.26707601821089094
0.29476874288117794
0.3247369439156636
0.35711843788344383
0.39205636864904786
0.42969928987652123
0.47020124579208394
0.5137218498428036
0.5604263612855429
0.6104857595636882
0.6640768163656604
0.7213821654957838
0.7825903702819625
0.8478959887965848
0.9174996367685166
0.9916080482898303
1.070434134509031
1.154197040387741
1.2431221996053654
1.3374413880057023
1.4373927755591842
1.54322097724253
1.655177102967503
1.773518806793984
1.898510335682677
2.0304225779295675
2.16953311146782
2.316126252144477
2.4704931019877265
2.6329315974520746
2.803746557450402
2.9832497309200687
3.171759843457609
3.3696026423996757
3.577110939506326
3.794624650128318
4.022490827506361