0.
0.
0.
0.
0.
0.
0.
0.
0.
0.
0.
0.
0.
0.
0.
5.9578338411851955e-12
5.9578338411851955e-12
2.1100661520864233e-12
4.840739995962971e-12
7.943778454913594e-12
2.4203699979814856e-11
6.255725533244455e-11
1.933813567618028e-10
5.615258395317046e-10
1.5181305356570027e-9
3.8152478460489695e-9
9.014574966328275e-9
2.009850422016154e-8
4.2555690033740626e-8
8.595565477139254e-8
1.6638144676585835e-7
3.0985762896466515e-7
5.570923423030943e-7
9.698936445080614e-7
1.639546348600361e-6
2.6975127889595878e-6
4.328876425143696e-6
6.788762004319919e-6
0.000010422206426583585
0.000015687620694624696
0.0000231842700499558
0.00003368383137755333
0.00004816633458323383
0.00006786046150587722
0.00009428845879959554
0.0001293154191493226
0.00017520306760175985
0.00023466793683391874
0.00031094361981419795
0.00040784716501980335
0.0005298491751926297
0.0006821474483997254
0.0008707438687197525
0.0011025242554904362
0.0013853408605649128
0.0017280971850272646
0.002140834793768337
0.0026348218348708854
0.003222643010968476
0.003918290580937278
0.004737256255387053
0.005696623667455477
0.006815161142238875
0.008113414689145254
0.00961380091828494
0.011340699677960123
0.013320546451606864
0.015581924222628064
0.018155654816302394
0.021074889611279922
0.02437519958231092
0.02809466466291271
0.032273962397689
0.0369564558995686
0.042188281124127355
0.04801843351573111
0.05449885403667038
0.061684514663068964
0.06963350334495985
0.07840710856445558
0.08806990347103659
0.09868982972267136
0.11033828094141525
0.12309018609577747
0.13702409255491083
0.1522222489826846
0.16877068819687932
0.18675930972180121
0.20628196239873764
0.22743652672657175
0.25032499711067185
0.27505356393937574
0.30173269547280307
0.3304772194296805
0.36140640435111987
0.39464404065235537
0.43031852123571057
0.46856292177067205
0.5095150804188907
0.5533176772061825
0.6001183127458688
0.6500695865306714
0.7033291746460762
0.7600599069862184
0.820429843991899
0.8846123529161957
0.952786183751966
1.0251355448994401
1.10185017860965
1.183125436415695
1.2691623546973139
1.3601677305265918
1.4563541979715526
1.5579403050950777
1.6651505919536274
1.7782156696286502
1.8973723007342955
2.022863481616034
2.1549385263551195
2.2938531530298354