0.
0.
0.
0.
0.
0.
0.
0.
0.
0.
0.
0.
1.9859446137283985e-12
1.9859446137283985e-12
2.482430767160498e-13
3.7236461507407475e-12
1.1791546144012365e-11
5.064158765007416e-11
1.9425020753030898e-10
6.845302840445074e-10
2.1607077397364974e-9
6.209676442513628e-9
1.6373492732498855e-8
4.0019762883547824e-8
9.148998592370016e-8
1.9703139884029724e-7
4.023642944090559e-7
7.835350843865558e-7
1.461940839363863e-6
2.6245141815773894e-6
4.549802585454835e-6
7.64097961783535e-6
0.000012466325440003466
0.000019807934954136174
0.00003071909447386737
0.00004659062443829716
0.00006922630658139354
0.00010092739977691888
0.0001445859657819059
0.0002037867176614435
0.00028291681261252526
0.0003872830423074624
0.000523235642514816
0.0006982980652707885
0.0009213017110714103
0.0012025249659720404
0.0015538356196334502
0.001988835797449669
0.002523008701623125
0.003173866430980082
0.00396109807348109
0.004906717610066703
0.00603521095498965
0.007373681798125919
0.008951995711446128
0.010802922351214259
0.012962275351774006
0.015469049955606528
0.018365557978126393
0.0216975603629061
0.02551439712352162
0.0298691147317214
0.034818591156471124
0.04042365849888842
0.04674922346386324
0.05386438569418127
0.06184255426280782
0.07076156226077489
0.08070377974927061
0.09175622513327493
0.10401067496878161
0.1175637724074139
0.13251713415220243
0.148977455936689
0.1670566166431621
0.18687178071273153
0.20854549897148822
0.23220580757274736
0.25798632500622265
0.2860263468964717
0.31647093842441437
0.3494710241285207
0.38518347490594174
0.42377119191755197
0.4654031873340995
0.5102546614895334
0.5585070765560732
0.6103482263892611
0.665972302464053
0.7255799560003799
0.7893783559987788
0.8575812433660729
0.930408981232753
1.0080886012958643
1.0908538467041151
1.1789452113483014
1.2726099759054565
1.3721022408445065
1.4776829566431617
1.5896199514049596
1.7081879561618116
1.8336686280674792
1.966350571621984
2.1065293579643147
2.2545075424295433
2.4105946800503637
2.575107338887124
2.7483691108512267
2.9307106191935013
3.1224695220723304
3.3239905109097805
3.5356253021944943
3.7577326208799366
3.9906781733450147
4.234834607105468
4.490581454493471
4.7583050565739855
5.038398463437061
5.331261306398948
5.637299637262465