0.
0.
0.
0.
0.
0.
0.
0.
0.
0.
0.
3.971889227456797e-12
5.9578338411851955e-12
1.9859446137283985e-12
6.33019845625927e-12
4.716618457604946e-12
1.7128772293407437e-11
7.459704455317297e-11
2.8535541668509924e-10
9.899933899436066e-10
3.0728769251296226e-9
8.696575585055016e-9
2.261841969190616e-8
5.455787042834656e-8
1.2317275331881615e-7
2.622447309720652e-7
5.299076153365349e-7
1.0218008994847725e-6
1.8891264625276034e-6
3.362545937637278e-6
5.782835256618831e-6
9.63924652140578e-6
0.00001561619421064734
0.000024648962539703522
0.00003798875495234623
0.000057277402998818555
0.0000846316315793752
0.0001227368889935689
0.00017495026330675224
0.0002454120761774477
0.0003391654755731356
0.0004622833387481652
0.0006220016384784113
0.0008268584132592654
0.0010868374036046202
0.0014135155197294975
0.001820213139327875
0.002322146448639275
0.0029365810383841077
0.0036829858638716072
0.004583187108913576
0.005661521098843023
0.006944986028544476
0.008463391738424858
0.010249507534973654
0.012339207487187465
0.014771613242301506
0.017589234034388383
0.02083810396600668
0.02456791651635377
0.028832156328302133
0.03368822826314826
0.03919758403263325
0.04542584636379957
0.05244293088882419
0.06032316598175724
0.0691454105693491
0.0789931701745107
0.08995471115057843
0.10212317336145321
0.11559668122805185
0.13047845321939144
0.14687690980680093
0.1649057797249906
0.18468420457287202
0.206336841576138
0.2299939642984858
0.2557915611917603
0.2838714317779822
0.31438128014848954
0.34747480562652916
0.38331179030893675
0.4220581832297246
0.46388618095976814
0.5089743043833003
0.5575074715026411
0.6096770661160107
0.6656810021713189
0.7257237838659389
0.7900165612990813
0.8587771818428438
0.9322302371812954
1.010607106160459
1.0941459936037221
1.1830919653187044
1.2776969793792354
1.378219914089938
1.4849265927467372
1.5980898055091854
1.7179893285710337
1.8449119408879682
1.9791514385007378
2.1210086466732494
2.2707914296307705
2.4288146979259206
2.595400412953098
2.770877588255479
2.955582286780193
3.149857613143814
3.3540536996155623
3.5685276841829214
3.7936436786640666
4.029772724413359
4.277292732842055
4.536588407227073
4.808051142146359
5.0920788960824055
5.389076032603273
5.699453124879987
6.023626718253328