0.
0.
0.
0.
0.
0.
0.
0.
0.
0.
1.9859446137283985e-12
5.9578338411851955e-12
5.9578338411851955e-12
2.1100661520864233e-12
7.074927686407419e-12
9.060872300135818e-12
4.356665996366674e-11
1.7017062908885214e-10
6.374882210068159e-10
2.127070802841473e-9
6.4028095561987145e-9
1.753204317153266e-8
4.421867040466145e-8
1.0371099259043128e-7
2.2820998454660296e-7
4.744806458966054e-7
9.379428987116305e-7
1.772090650429823e-6
3.2146765977098276e-6
5.6214537977826494e-6
9.508717580994636e-6
0.000015605406683627106
0.000024915379243822877
0.000038790407685322295
0.00005901405881187024
0.00008789641492502632
0.00012837950638249236
0.00018415275058661918
0.00025977812123266996
0.0003608238675451316
0.0004940061791543047
0.0006673376190721363
0.0008902813397387681
0.001173909972865612
0.0015310681591425377
0.001976537656818262
0.00252720403978116
0.003202224103008722
0.004023193086054834
0.005014311052386481
0.006202547756547742
0.007617805378419273
0.009293078879309115
0.01126461346836997
0.01357205902406689
0.016258621285133695
0.01937120977502287
0.022960582434155757
0.027081486953767015
0.03179279906628894
0.037157657704521764
0.04324359744080448
0.05012267817465955
0.05787161235054297
0.06657188989535767
0.07630990094374863
0.08717705655697347
0.09926990753638311
0.1126902612934076
0.1275452969624773
0.1439476785482312
0.162015666176645
0.18187322528164507
0.2036501334929919
0.227482085180749
0.2535107932693257
0.2818840881388845
0.31275601328283176
0.3462869174885398
0.3826435431264868
0.42199911040916993
0.4645333971409317
0.510432813951003
0.5598904744936667
0.613106260720795
0.6702868828725205
0.7316459342071385
0.7974039403939079
0.8677884036751224
0.9430338416538429
1.0233818211557424
1.1090809870498795
1.2003870863754424
1.297562988003718
1.4008786980747154
1.5106113714789045
1.6270453195856431
1.7504720145377832
1.881190090206041
2.019505339818399
2.165730710388663
2.320186293735525
2.483199313626673
2.655104108762227
2.8362421105857765
3.0269618150009334
3.227618746529621
3.438575413182602
3.660201249835604
3.892872547522865
4.136972365502236
4.392890422542338
4.661022963285251
4.9417725951397555
5.23554809074353
5.54276415057536
5.863841120247742
6.199204656913978
6.549285339436317
6.914518217551077