0.
0.
0.
0.
0.
0.
0.
0.
0.
0.
0.
0.
0.
0.
0.
0.
0.
0.
0.
1.9859446137283985e-12
3.971889227456797e-12
5.9578338411851955e-12
5.9578338411851955e-12
6.08195537954322e-12
6.206076917901245e-12
6.950806148049394e-12
9.060872300135818e-12
1.5142827679679038e-11
3.1278627666222274e-11
6.938393994213592e-11
1.654540106312472e-10
3.752194104563093e-10
8.200710039314705e-10
1.7233034385628178e-9
3.483222730941253e-9
6.791930578951123e-9
1.2812942283160553e-8
2.3421486045082582e-8
4.1587666156086395e-8
7.186488125083612e-8
1.211177971297607e-7
1.9942421385676324e-7
3.21303000138197e-7
5.072855961200163e-7
7.859000961784296e-7
1.1961310895670787e-6
1.7904577833114285e-6
2.638591549971803e-6
3.831826884048989e-6
5.4883077547352276e-6
7.759177207532161e-6
0.000010835661973417236
0.000014957286087523005
0.000020421201105175498
0.000027592724516986976
0.000036917189508001426
0.000048933146276271254
0.0000642869500372605
0.00008374881912374836
0.000108230408361473
0.0001388038849359972
0.00017672261188173875
0.00022344337154692737
0.000280650158327171
0.00035027966727160055
0.00043454824235830626
0.0005359805337992348
0.0006574396234546432
0.0008021587471952642
0.000973774553144388
0.0011763618073012026
0.0014144695376086419
0.0016931587354982976
0.002018041246147303
0.00239532015551685
0.0028318313684609856
0.0033350865414978783
0.003913317123738182
0.004575519646724317
0.005331502127888188
0.006191931522339425
0.007168382272756869
0.008273385867767553
0.009520481331113106
0.010924266746113903
0.012500451623290835
0.014265910221985199
0.01623873571985285
0.018438295237431613
0.02088528577599495
0.023601790871711086
0.026611338220680746
0.029938958045228756
0.033611242309186946
0.037656404860364964
0.042104342243153264
0.04698669563467425
0.05233691343157855
0.05819031490527946
0.06458415473559555
0.07155768853078709
0.07915223934193018
0.08741126524821147
0.09638042799167047
0.10610766275683901
0.11664324913611361
0.1280398833199594
0.14035275153577656
0.15363960485433778
0.16796083538042947
0.18337955387324856
0.19996166890876144
0.21777596759358206
0.23689419793761018
0.25739115296461956
0.27934475651362956
0.3028361510406196
0.3279497872386243
0.35477351572482385
0.38339868084477674