0.
0.
0.
0.
0.
0.
0.
0.
0.
0.
0.
0.
0.
0.
0.
0.
0.
0.
0.
1.9859446137283985e-12
5.9578338411851955e-12
5.9578338411851955e-12
5.9578338411851955e-12
6.08195537954322e-12
6.57844153297532e-12
8.192021531629644e-12
1.3032761527592615e-11
2.6437887670259306e-11
6.094367533379022e-11
1.424915260350126e-10
3.359970043351734e-10
7.52548887064705e-10
1.6134558771159657e-9
3.3357663433719192e-9
6.627345419088382e-9
1.2698253981717737e-8
2.3557026764969545e-8
4.238216812311611e-8
7.410093076435595e-8
1.262216747870427e-7
2.098156690480971e-7
3.409852007187057e-7
5.425575860398313e-7
8.464555193402358e-7
1.2964786367110842e-6
1.9517924483276495e-6
2.8912297703611106e-6
4.218293567703611e-6
6.06726472662778e-6
8.610197792931667e-6
0.000012065125157381133
0.000016705483465940445
0.00002287079030625877
0.00003097874531293083
0.000041538770461994864
0.00005516704416814468
0.00007260316385652504
0.0000947283591849056
0.0001225854238526752
0.0001574002679406407
0.0002006052201162737
0.0002538640306763975
0.0003190985645046185
0.00039851719660389964
0.0004946449422276321
0.0006103551544174933
0.0007489029661936486
0.0009139602122736898
0.0011096520301559873
0.0013405948157413912
0.001611935802588775
0.001929393931662214
0.002299302150461799
0.002728650936489304
0.0032251331462077653
0.003797190019572577
0.004454058305504203
0.005205818517115131
0.006063444187852915
0.007038852154873058
0.008144953713620985
0.00939570677494368
0.010806168822909355
0.012392550715288258
0.01417227130162204
0.016164012794338514
0.01838777694615991
0.020864941901491078
0.023618319852611782
0.026672215331991826
0.03005248430109414
0.03378659394530526
0.03790368315438909
0.04243462382301167
0.04741208280662761
0.052870584783577985
0.05884657577590112
0.065378487644994
0.07250680331214349
0.08027412295825222
0.08872523115286271
0.09790716493395214
0.10786928287412129
0.11866333528609482
0.13034353548660615
0.14296663222590753
0.15659198334893817
0.17128163071620192
0.1871003764241974
0.2041158604873794
0.22239863981259744
0.2420222688491757
0.26306338167942284
0.2856017757383616
0.3097204973307378
0.3355059287753873
0.36304787745610956
0.3924396668120641
0.4237782291806817
0.4571642008591229