-0.57808597458515E-06
 0.29232226360067E-06
 0.19522835678232E-06
 0.18081860263426E-06
 0.16658667637030E-06
 0.15480571635718E-06
 0.14434364777966E-06
 0.13768990711216E-06
 0.12371693981492E-06
 0.11382939562447E-06
 0.10500333600288E-06
 0.99044496229066E-07
 0.91798169276816E-07
 0.84918451031264E-07
 0.17968453115701E-06
 0.73368837912768E-07
 0.68015855889443E-07
 0.63091018766627E-07
 0.58233282259490E-07
 0.53830319681909E-07
 0.49481832829306E-07
 0.46035013434585E-07
 0.42616073909501E-07
 0.38865761870806E-07
 0.35805902387944E-07
 0.33255707105977E-07
 0.30051766237634E-07
 0.27372879080447E-07
 0.24751965278632E-07
 0.21654453375995E-07
 0.20354179350877E-07
 0.18573110244032E-07
 0.17211692070709E-07
 0.14750999154725E-07
 0.12285172795328E-07
 0.12200998754302E-07
 0.10777532013622E-07
 0.42049022467125E-07
 0.74662636948662E-08
 0.13917868160006E-08
 0.37641632247072E-08
 0.38126115514391E-08
 0.38102918914388E-08
 0.57190409335983E-08
 0.82478130558867E-09
 0.56560165618857E-10
-0.30195553279211E-08
 0.87906556972161E-09
-0.25944821092370E-08
-0.26458078326219E-08
-0.32906975387525E-08
-0.42090378318207E-08
-0.43144374794453E-08
-0.48822924597003E-08
-0.54116707715828E-08
-0.59387478015168E-08
-0.60461616723813E-08
-0.66097145142706E-08
-0.69979731211545E-08
-0.72723516719062E-08
-0.76240243435809E-08
-0.78210449248835E-08
-0.75881257118385E-08
-0.84201728281477E-08
-0.79057395114110E-07
-0.90598533448454E-08
-0.90311114983250E-08
-0.92537501394885E-08
-0.93621094656606E-08
-0.94435242480538E-08
-0.95454761645457E-08
-0.97321305480901E-08
-0.97463065780751E-08
-0.99762839753701E-08
-0.98859266439844E-08
-0.10136741527104E-07
-0.10141314280550E-07
-0.10104879221438E-07
-0.10227968846310E-07
-0.10267095968762E-07
-0.10190313485750E-07
-0.10185135974243E-07
-0.10181557790650E-07
-0.10175695709572E-07
-0.98585333520037E-08
-0.10143122175836E-07
-0.10052206375976E-07
-0.10004954949584E-07
-0.99384979740786E-08
-0.98950217289237E-08
-0.98275270724393E-08
-0.97548054931974E-08
-0.96753028289460E-08
-0.95904073987739E-08
-0.95004000884015E-08
-0.94055555325952E-08
-0.93061419443595E-08
-0.92024204724795E-08
-0.90946459749414E-08
-0.89830656472732E-08
-0.88679195756326E-08
-0.87494400597089E-08
-0.86278515024297E-08
-0.85033700794017E-08
