-0.60802555522489E-04
 0.60005606265016E-05
-0.66881531807384E-07
 0.13813587994316E-07
-0.27027042156809E-07
-0.54682388090811E-08
 0.16410749792180E-06
 0.65735380460564E-06
 0.11540461919362E-07
-0.10666390553745E-06
-0.11232261957396E-05
 0.38434521842604E-07
-0.28344108077896E-07
-0.23397741726030E-06
 0.78564860051592E-04
 0.24610799889357E-07
 0.40065615015090E-08
 0.17931390650641E-06
 0.33053736095004E-07
 0.69887119390954E-08
-0.20557929232781E-06
 0.15567204094676E-06
 0.39137817204507E-06
-0.30988823031874E-07
 0.91952068115286E-07
 0.11419873413331E-05
 0.36494334255565E-06
 0.12151017442681E-06
-0.28155779161484E-06
-0.16943426057670E-05
-0.14184192418150E-06
 0.71634925748883E-06
 0.33701746696851E-05
 0.14161684363545E-06
-0.41440499849091E-05
 0.21343034153621E-05
 0.29132600234944E-05
 0.27155976076008E-03
 0.90978452609031E-06
-0.20859688087729E-04
-0.57697213128638E-05
-0.37717479900211E-06
 0.51817167278373E-05
 0.16450210510764E-04
-0.33601238034088E-05
-0.98077859895390E-06
-0.10898807866840E-04
 0.16131185210405E-04
-0.10287321853919E-04
 0.33798676099592E-05
-0.27191667623233E-06
-0.29552576884986E-05
 0.16798322691795E-06
 0.47172296621448E-06
-0.41889062463844E-06
-0.32808023912931E-05
 0.22416165603153E-05
-0.58662745064664E-06
-0.11284960430209E-05
 0.52044457873302E-06
-0.49956094879464E-06
 0.10565561612013E-05
 0.74618828354833E-05
 0.86318495665705E-06
-0.26211531937337E-02
-0.42785903042100E-05
-0.44989515956486E-06
-0.24899737147325E-05
-0.49069034091642E-06
 0.14994510112442E-05
 0.22805817978173E-05
-0.82073421642196E-06
 0.19804878926293E-05
-0.30914846220304E-05
 0.35210079797968E-05
-0.47327468844365E-05
-0.17195079252346E-05
 0.11267283371458E-05
-0.23150486489237E-05
-0.47508760568647E-05
-0.62077158321713E-07
 0.68045246062484E-06
-0.16097120163600E-06
-0.74558325488735E-06
 0.19123451908081E-04
-0.60271391579106E-05
 0.42844568603272E-06
 0.51633469207580E-06
 0.20502509428587E-05
 0.29187699428681E-06
 0.10004298890453E-06
 0.12223341426692E-08
 0.14368481316358E-08
 0.16620670797913E-08
 0.19042013612136E-08
 0.21625936442471E-08
 0.24300268535769E-08
 0.27269688241072E-08
 0.30342798369076E-08
 0.33693930667471E-08
 0.37232022313595E-08
 0.41013090227484E-08
 0.45043289420785E-08
 0.49349342175395E-08
