 0.00000000000000E+00
 0.00000000000000E+00
 0.00000000000000E+00
 0.00000000000000E+00
 0.00000000000000E+00
 0.00000000000000E+00
 0.00000000000000E+00
 0.00000000000000E+00
 0.00000000000000E+00
 0.00000000000000E+00
 0.00000000000000E+00
 0.00000000000000E+00
 0.00000000000000E+00
 0.19724026620435E-15
 0.36728230934609E-30
-0.19724026620435E-15
 0.13977159391163E-15
-0.74035571937611E-16
 0.31118967888051E-15
 0.54285995082401E-15
 0.44937279620092E-15
-0.14712933554622E-15
 0.29513508008067E-15
 0.96662125167954E-15
 0.35264738787709E-14
 0.38638111178435E-14
 0.12057303038768E-13
 0.21970400069320E-13
 0.39105811210900E-13
 0.66074433942432E-13
 0.11754784279045E-12
 0.19871349983232E-12
 0.31851851974344E-12
 0.49672068564031E-12
 0.75950218153452E-12
 0.11236117681107E-11
 0.16350109942987E-11
 0.23245088133691E-11
 0.32439323050770E-11
 0.44524991869917E-11
 0.60055647790346E-11
 0.79831978754704E-11
 0.10464828217525E-10
 0.13538886010885E-10
 0.17306209313648E-10
 0.21876602129662E-10
 0.27359531589484E-10
 0.33882172922367E-10
 0.41571586806006E-10
 0.50564604790587E-10
 0.61006499243213E-10
 0.73040620385097E-10
 0.86825633477505E-10
 0.10251042463397E-09
 0.12025665178826E-09
 0.14022652261656E-09
 0.16258305292485E-09
 0.18749493943886E-09
 0.21512497094495E-09
 0.24564319229812E-09
 0.27922186079314E-09
 0.31602515472495E-09
 0.35622203046372E-09
 0.39998447016316E-09
 0.44748358550263E-09
 0.49888886765823E-09
 0.55436958886634E-09
 0.61410209732798E-09
 0.67825594222131E-09
 0.74701294672236E-09
 0.82054636977631E-09
 0.89903657972626E-09
 0.98266547139709E-09
 0.10716183417426E-08
 0.11660862394621E-08
 0.12662606810820E-08
 0.13723348862914E-08
 0.14845073991697E-08
 0.16029815401413E-08
 0.17279671263157E-08
 0.18596613570121E-08
 0.19982832956784E-08
 0.21440429463966E-08
 0.22971557426409E-08
 0.24578284641214E-08
 0.26262775400955E-08
 0.28027113552999E-08
 0.29873380252137E-08
 0.31803566514398E-08
 0.33819638608743E-08
 0.35923505126329E-08
 0.38116946018126E-08
 0.40401608514862E-08
 0.42779173437421E-08
 0.45251007108993E-08
 0.47818421860650E-08
 0.50482627537676E-08
 0.53244551928348E-08
 0.56105129585322E-08
 0.59064961382734E-08
 0.62124565556567E-08
 0.65284253860976E-08
 0.68544138110998E-08
 0.71904237910822E-08
 0.75364329687154E-08
 0.78924072257364E-08
 0.82582880216879E-08
 0.86340121379949E-08
 0.90194962377913E-08
 0.94146409343415E-08
 0.98193305293522E-08
 0.10233439895876E-07
 0.10656837402364E-07
 0.11089349547897E-07
 0.11530808784366E-07
 0.11981020458092E-07
 0.12439764446473E-07
 0.12906802901219E-07
 0.13381848414120E-07
 0.13864595419109E-07
