0.
0.
0.
0.
0.
0.
0.
0.
0.
0.
0.
0.
0.
0.
0.
0.
0.
0.
0.
1.9859446137283985e-12
3.971889227456797e-12
5.9578338411851955e-12
5.9578338411851955e-12
5.9578338411851955e-12
4.096010765814822e-12
6.454319994617295e-12
5.461347687753096e-12
1.0426209222074092e-11
1.8618230753703734e-11
3.748470458412352e-11
8.762980608076558e-11
2.0951715674834604e-10
4.480787534724699e-10
9.597077345842486e-10
1.9708017860487193e-9
3.897043939826908e-9
7.46516580300505e-9
1.3842158079225296e-8
2.4901387146925313e-8
4.3593346094413717e-8
7.43748669995121e-8
1.2390022965513255e-7
2.0185078993166263e-7
3.2208496582985257e-7
5.040744478011559e-7
7.746906800493163e-7
1.170468589146942e-6
1.7403876512239548e-6
2.5492033140571197e-6
3.6814327879097977e-6
5.246101453158758e-6
7.382292954881855e-6
0.000010265573733683442
0.000014115364107371296
0.000019203414282568017
0.000025863297790572342
0.000034501165501564006
0.00004560766811897076
0.000059771188404308045
0.00007769246331500533
0.00010020052691952198
0.0001282701008178436
0.00016304048531549847
0.00020583589835119763
0.0002581872945738197
0.0003218557550533422
0.00039885736471253135
0.0004914896268797635
0.0006023593967171108
0.0007344123018726996
0.0008909636995094713
0.0010757310746332457
0.0012928678701627295
0.0015469988274345258
0.0018432566536915097
0.0021873200374069885
0.002585453095226685
0.003044546015194111
0.003572157037013146
0.004176555629090493
0.004866766878369686
0.0056526170264275
0.006544780181249579
0.007554826059587188
0.0086952688301479
0.009979617051910604
0.01142242452485795
0.013039342228137588
0.014847171145320045
0.016863916145062035
0.019108840714484748
0.021602522675842957
0.02436691081039845
0.027425382428844323
0.03080280182050975
0.03452557968635209
0.03862173345557016
0.04312094861517353
0.04805464093794328
0.053456019746311374
0.05936015216027539
0.06580402843609344
0.07282662826121136
0.08046898831088542
0.08877427082880758
0.09778783345626949
0.10755730025971974
0.11813263409188314
0.12956621023505527
0.14191289148793063
0.15523010467598083
0.1695779186355275
0.18501912389679115
0.20161931386198367
0.21944696781828987
0.2385735356865642
0.25907352460665417
0.2810245875607994
0.3045076139397809
0.32960682224296767