0.
0.
0.
0.
0.
0.
0.
0.
0.
0.
0.
0.
0.
0.
0.
0.
0.
0.
0.
1.9859446137283985e-12
3.971889227456797e-12
5.9578338411851955e-12
5.9578338411851955e-12
5.9578338411851955e-12
6.206076917901245e-12
6.702563071333345e-12
6.454319994617295e-12
1.3281004604308664e-11
2.6437887670259306e-11
5.7344150721407506e-11
1.350442337335311e-10
3.1725465204311166e-10
6.810548809704827e-10
1.4420440326435332e-9
2.9243034437150666e-9
5.74012466290522e-9
1.0874908583238352e-8
1.995775039566354e-8
3.557993545648127e-8
6.172998527928832e-8
1.0442593265137351e-7
1.7255078370840563e-7
2.789392020027579e-7
4.418241450330707e-7
6.865987694812438e-7
1.0480734572659388e-6
1.573286423657158e-6
2.3248401042273084e-6
3.384989842446253e-6
4.860452606320378e-6
6.888084555800164e-6
9.641475620113152e-6
0.000013338582724129876
0.000018250391734039734
0.000024710785119650424
0.000033127668457329464
0.00004399529321633235
0.00005790805187481877
0.00007557559741268304
0.00009783945362818182
0.0001256910848756098
0.00016029152874138638
0.00020299254883662275
0.0002553593175117705
0.0003191947171161306
0.0003965651915353768
0.0004898281539649261
0.0006016609741298855
0.0007350914725887178
0.0008935299779753173
0.0010808028290157927
0.0013011873549568943
0.001559448359850997
0.0018608758901336726
0.002211324425751182
0.00261725340522214
0.0030857689996101048
0.0036246671241120174
0.004242477698929931
0.004948510044861845
0.005752899345468911
0.006666654312849202
0.0077017058151051645
0.008870956562071293
0.01018833172617349
0.011668830643642287
0.013328579288010279
0.015184883770094679
0.017256284752631496
0.019562612610011302
0.022125043645654624
0.024966156973313447
0.02810999246482499
0.03158210937482433
0.03540964595818108
0.03962137994449535
0.04424778982223841
0.04932111712939502
0.054875429658384885
0.060946685536413414
0.06757279836793047
0.07479370341884115
0.0826514247148717
0.09119014338574342
0.10045626704898837
0.11049850042865043
0.12136791711913165
0.13311803275608028
0.14580487941868864
0.1594870814274894
0.17422593269143705
0.190085475422312
0.2071325805857093
0.22543702984471295
0.24507159932654318
0.26611214517940873
0.28863769086606766
0.31273051655504225
0.3384762504600454
0.3659639622748272