4.0354535201198685
4.3597360029677
4.699991993970713
5.056073191570599
5.42785221472951
5.815220185504467
6.218084995440466
6.636368759216878
7.070007751041112
7.518949181396092
7.983151006959535
8.462582379022802
8.957218128695484
9.467043800451941
9.99205189338173
10.5322410917454
11.087618903318441
11.658197079286644
12.243996964883214
12.845042272319361
13.461366333163578
14.093007201055972
14.740011044851402
15.402428654167842
16.080317123556537
16.773741919624335
17.48277488986244
18.20749274627244
18.947978234224426
19.70432731438551
20.4766372926426
21.26500006892068
22.069556192401716
22.890398433457786
23.727659884447263
24.581470617293814
25.451970060835684
26.33930312534664
27.24361797508062
28.165075979730368
29.103835768368658
30.060068122350096
31.03394560371906
32.02565195862992
33.03536766757828
34.063284393346976
35.109604256207085
36.17451975950493
37.2582381138101
38.36096931625918
39.482919317854275
40.6243256028447
41.78539017503605
42.96634219258228
44.167415272645755
45.38883101652565
46.63083929480911
47.89366263650971
49.17754531873383
50.48272892287128
51.80945708888441
53.15797526475948
54.52853048498205
55.92137114912388
57.33674680071507
58.77490790663987
60.23610563726752
61.72059164760605
63.22861785967717
64.76043624645614
66.31629861764996
67.896456407621
69.50116046582414
71.13066085009103
72.78520662313882
74.46504565269598
76.1704244156477
77.90158780659591
79.658778951291
81.44223902532815
83.25220707855752
85.0889198656512
86.9526116832408
88.84351421405489
90.76185637848454
92.70786419397321
94.68176064262765
96.68376554740688
98.71409545727118
100.77296354158528
102.86057949410197
104.97714944678619
107.12287589373742
109.29795762538704
111.50258967320478
113.73696326501238
116.00126579100217
118.29568078058684
120.62038789006905
122.97556290114271
125.36137773020882
127.77800044842262
130.22559531237337
132.70432280528144