101.80149243314239
102.33460145456998
102.89685459959637
103.48802086359514
104.10789691896714
104.75627622648652
105.43295749899924
106.13774910066203
106.87046710681753
107.63094015778131
108.41901098224103
109.23453291233365
110.07737745623395
110.94742767450722
111.8445825469319
112.76875902332667
113.72044343579702
114.69790391062422
115.70277754390511
116.73448007971353
117.79299737445554
118.87833111292686
119.99049673330686
121.12951980548313
122.29544013158761
123.48830801278822
124.70817690229259
125.95514470627774
127.22926814827004
128.53064665946357
129.85938170190596
131.2155843634587
132.59937041531646
134.01086769670087
135.45020133717412
136.91751821289333
138.41296376190124
139.9366829773128
141.48883986876092
143.06958989915626
144.67910031497763
146.31754342065656
147.98509120016058
149.68191986384358
151.4082099094971
153.1641340351388
154.94990655943184
156.7656823328569
158.61166009020116
160.48802371505442
162.39496773990714
164.33267608410682
166.3013300406408
168.30114045405656
170.3322724834577
172.39491676604501
174.48925771620688
176.61579593509984
178.77375221436412
180.96426183042604
183.18717877650474
185.4426673561611
187.73091370141805
190.0520586192333
192.40626886186243
194.793704233761
197.21450990841655
199.6688070769717
202.1568131017659
204.67858664903392
207.2342849716514
209.82403356660302
212.44795284083145
215.10615551003784
217.79875336432048
220.52584874894325
223.28754301807828
226.08392700827662
228.9150844428672
231.78109717188622
234.68205731074073
237.6180166618994
240.58904606432748
243.59521143583677
246.63656495008848
249.71315635001423
252.8250328727256
255.97223744273552
259.154806652353
262.3727689889689
265.62615744103834
268.9149946200802
272.2393008021532
275.5990962361541
278.9943922021937
282.4252003749776
285.89152852886946
289.3933807599695
292.93075560801304
296.5036651380886
300.1120958564393
303.75604725186406
307.43551338643294
311.1504867219856