67.49404851324137
67.99116138951892
68.51476265550902
69.06493286398481
69.64129014207587
70.2435725540636
70.87152165497389
71.52489067993052
72.20343754800025
72.90693602694867
73.63517153284822
74.38794577343178
75.16507474529553
75.96639055286497
76.79174314727297
NaN
78.51404195080828
79.4107725617103
80.33110770205138
81.27498264959272
82.24234810013736
83.23316988159667
84.24743139385794
NaN
86.34627235322634
87.43088958748775
88.5390180471402
89.67070957973783
90.82602730618167
92.00504818378079
93.2078571908885
94.43454842335291
95.68523941529128
96.96003671278329
98.25906927155683
99.58247119819461
100.93038447680418
102.30295921008748
103.70035250111039
105.12273521219011
106.57025263563658
108.04310459914826
109.54145779702151
111.06551519956345
112.61544932331662
114.19145950569919
115.79374359475945
117.42250432932306
119.07794320137067
120.7602653830262
122.46968652588308
124.20714612914787
125.97064946589902
127.7626175422631
129.58252927985575
131.43059823626933
133.30703758023182
135.2120617878769
137.14588745438562
139.1087165011569
141.10077009975151
143.12225599289485
145.1733790074904
147.25434548825731
149.3653626491658
151.50664972733765
153.67833994246396
155.8806904398642
158.11387610115275
160.37808032101117
162.67349034222053
165.00028193249594
167.35863905989365
169.74872263245658
172.1707098137612
174.62475607108553
177.11102287656047
179.62966382147002
182.1808268363634
184.76464939900643
187.3812845729094
190.03085134635074
192.71347737057826
195.4293029330916
198.17843408989768
200.96098112243544
203.7770578576133
206.6267670127877
209.51020236915346
212.42746730113026
215.37864667409448
218.36382197914023
221.38308117452456
224.4364917443409
227.52412666154547
230.64605623072782
233.80234325712672
236.99304769540544
240.218225910643
243.47793084462953
246.77221218663487
250.1011165482299
253.4646876412565
256.8629664584963