56.417696876832
56.900156543194484
57.40835772722361
57.94201901335156
58.500859646349134
59.08460296291877
59.692977545487665
60.32572178680287
60.98258453543784
61.66332635653154
62.36772202553473
63.09556334194898
63.84665219473626
64.6208168410644
65.41789242966799
66.23773746473243
67.08022582704614
67.94524911636313
68.832730694941
69.74255605333683
70.67470806124454
71.6291302697723
72.60580310461216
73.6047105891222
74.62586360066044
75.66927837416421
76.73498813443612
77.82303921607043
78.9334957302366
80.06642312541824
81.22190675137992
82.40004014689191
83.60092864053208
84.82468584416678
86.07143450177642
87.34131277263862
88.6344563363789
89.95101606504626
91.29113985381201
92.65501812006447
94.04278570418376
95.45465616167151
96.89078315846488
98.35136463468481
99.83659141702276
101.34666199251465
102.88177743179567
104.44214192988362
106.02796360965219
107.63969199362121
109.27682798172007
110.9403023720622
112.63009113632242
114.34641846319641
116.0895025973255
117.85956553195753
119.65683095824203
121.48152098343219
123.333858066674
125.21404781865743
127.12236074144255
129.0589696587074
131.0241063098082
133.01799247104512
135.04084402688252
137.09287341827147
139.17428989620342
141.28530668791709
143.42612871527754
145.59695623318504
147.79798982906487
150.02942689466155
152.29145938498743
154.58427717531342
156.90806300985557
159.26299745006594
161.64928360442227
164.06701459322156
166.5163913649028
168.99768980209194
171.5109233324065
174.05629477923435
176.6339526315853
179.2440402833705
181.88669405026076
184.56205097164394
187.27023650209992
190.01137439188327
192.78552118059633
195.59298768169455
198.4336825589128
201.30778006128085
204.21537793748604
207.15657290762132
210.13145638153262
213.14011552367842
216.18263337831996
219.25908900270525
222.3695576079406
225.51411070680848
228.69281626788745
231.90573887544855
235.1529398942946
238.43447763907716