75.69588143901285
76.20254780408374
76.73657877424216
77.29772238073525
77.88572507364114
78.50033697101865
79.14131140243917
79.8084229256785
80.50140749620302
81.22008438973846
81.96423803141563
82.73368269211981
83.5282418336086
84.3477583029476
85.19209600243677
86.06112487591614
86.95474157841709
87.87285455946457
88.81538941678544
89.78228909146644
90.77351094161627
91.78902034854158
92.82883275846494
93.89292753806835
94.98132608540705
96.09406052401246
97.2311773308117
98.39272938870619
99.57878464748072
100.78942344975621
102.02473435415658
103.28481869452156
104.5697842738995
105.87975020383564
107.21483556431606
108.57520088724453
109.96096354418663
111.37228262266808
112.8093035478054
114.27222080535155
115.7611746650486
117.27634647593595
118.81791474508435
120.38607029102678
121.98099326350011
123.60268321223263
125.25191820986502
126.9283124448455
128.63226157113166
130.3639686377808
132.1236356439073
133.9114705977661
135.7275409491539
137.57288861333862
139.44604634864467
141.34862168437292
143.28040157308214
145.24159133363975
147.23239742569476
149.25302643781404
151.3036766906114
153.38455411919927
155.49585419016128
157.63777342650695
159.8105070987819
162.0142385279933
164.24917140039426
166.515473794168
168.81332985265593
171.14291792216136
173.50440568097503
175.8979678317395
178.32376042710507
180.78194626500266
183.2726768726486
185.79610368652277
188.35236553486448
190.94161293606115
193.56397047497177
196.21956539108191
198.90853456953886
201.6309814723742
204.38702626108275
207.17677914729796
210.00034000764867
212.85780924550667
215.7492729363986
218.67484183127172
221.6345756095756
224.62856068478234
227.65687562386637
230.71958566569506
233.81674799010557
236.9484542349364
240.11473163962657
243.31564497706708
246.5512431578683
249.8215713921494
253.1266733923618
256.4665888509442
259.84135444590413
263.2510040238733
266.6955687851847
270.17507747014