77.4506668781108
77.95930090324319
78.49543101819499
79.05880848125851
79.64918228751999
80.26630418695811
80.90992979947409
81.57982792204363
82.27576945764801
82.99754130266506
83.74494455342865
84.51779118370665
85.31591130311787
86.13915039677096
86.98736969150961
87.86044727914269
88.75827816601962
89.68077487138743
90.62786357004401
91.59949137304834
92.59561484525304
93.61621498912052
94.66127290091057
95.7308003225263
96.82481481034182
97.94334798339801
99.08644099607574
100.25415932117562
101.44656099339322
102.66373673819852
103.90578692363337
105.17275870604024
106.4648196613225
107.78206810332487
109.12463273385795
110.49264897578571
111.88625949924064
113.3056149998699
114.75087245997557
116.2221938290073
117.71974598440055
119.24371257579836
120.79425521326066
122.37158034734507
123.97585682212582
125.60727809948077
127.26604712983548
128.9523520703504
130.66639696900992
132.40838178319524
134.17851060530865
135.97698654751952
137.80401868179564
139.6600017366814
141.54456795711098
143.45850004818342
145.40180922842313
147.37470487477896
149.37738768438072
151.41006076919302
153.47292569004446
155.56618402638784
157.69002675350453
159.84465529388862
162.03025575270743
164.2470158989106
166.49512215879042
168.77477740237296
171.08609751689804
173.42931590762302
175.80458128244894
178.21205993028326
180.65191093547574
183.1242920124985
185.62935844270527
188.16724097680807
190.73809561195836
193.34205409246803
195.97924422297038
198.64979623199548
201.35383040656092
204.0914634772392
206.8627961850352
209.66794971270562
212.5070117057375
215.38008196481124
218.28725074567095
221.22860155442217
224.2042164807548
227.2141705025997
230.2584564313018
233.33737426640027
236.45075835992625
239.59873807555022
242.78137647153642
245.9987137924333
249.25080192144588
252.53768347200324
255.85939876076475
259.21598469756015
262.6074752307247
266.03390153159205
269.49529218079795
272.991673355456