68.05521654438256
68.55290542821184
69.07735351707758
69.62830438827856
70.20549065648504
70.80865055984549
71.43752723077694
72.09187197141266
72.77144663470037
73.47602423887095
74.20539102712738
74.95928441514577
75.73771581831488
76.54032317991732
77.36702217933669
78.2176796620147
79.09217974348557
79.99042350415753
80.91232975650406
81.85783288360926
82.82688426046563
83.81945098070288
84.83551543374142
85.87507514328607
86.93814109879219
88.0247402079974
89.13491039817376
90.26869593788136
91.42618539421579
92.60743162043701
93.81252596206996
95.04156819408256
96.29466441317943
97.5719323870634
98.87349666016122
100.19949248911547
101.55006124879584
102.92535385376739
104.3255265882394
105.75074252360928
107.2011719441426
108.67698863440756
110.17837473434724
111.70551448758262
113.25859863831175
114.83782114377537
116.44337770717803
118.07547052087277
119.73430142158554
121.42008103062405
123.13301564691237
124.87330195016537
126.64118594997409
128.4368469597276
130.26050798309134
132.11238785424473
133.99269453080106
135.90164220169711
137.83944791240108
139.80631830029282
141.80246734472846
143.82810182711782
NaN
147.96865436857894
150.08398013424886
152.22960941879407
154.40573704889093
156.61255665764304
158.8502570311641
161.11902972599393
163.41905371506616
165.75051089310566
168.1135735690068
170.50841898773064
172.93520822981395
175.39410312674678
177.88525916797977
180.40882811668848
182.96496942454988
185.5538115680021
188.17549333730062
190.83015576366918
193.51791445407275
196.23890978613133
198.99323009823058
201.78102483519035
204.60237354830332
207.45738696086627
210.34616159170903
213.2687878777421
216.22536419794855
219.21595950967992
222.2406117384289
225.29953916365295
228.39269506323234
231.52015147482135
234.68198881960353
237.87826610338317
241.10903875656436
244.3743588012818
247.67427502290113
251.00883314548847
254.37807601033003
257.78204375706184