3.971889227456797e-12
3.971889227456797e-12
5.9578338411851955e-12
5.9578338411851955e-12
1.0674452298790142e-11
4.782402872934699e-10
1.0514583757385006e-8
1.1269453717217005e-7
7.38793489940792e-7
3.420500642205869e-6
0.000012265824968287602
0.000036246716857026733
0.000092167937145604
0.00020803673396367758
0.0004265115441614686
0.0008081577350219504
0.0014343340261834217
0.0024096355665558363
0.0038639045483385235
0.005953877127057018
0.008864566585440945
0.012810492183447581
0.018036856738642793
0.024820760552347308
0.03347251681184316
0.04433711020351463
0.05779581458600284
0.07426796145191479
0.09421282719494523
0.11813158560063278
0.14656925265262744
0.1801165343834044
0.21941147487217233
0.2651407907213331
0.318040769287439
0.37889759878577534
0.44854698581058466
0.5278728956218502
0.6178052170361209
0.7193161005521739
0.8334146412289555
0.9611394763622649
1.1035487555222478
1.2617068523189612
1.4366671957066346
1.6294508199867974
1.8410208108929789
2.072253857753567
2.323911524893362
2.5966152139827003
2.890829374578818
3.206856648344806
3.5448462452581966
3.904813807058903
4.286668643719847
4.690243438436693
5.115322268151391
5.561664354616039
6.029022546767024
6.517156678118241
7.025842553681904
7.554877519605824
8.104083524618742
8.673308431614425
9.262426162766014
9.87133610354863
10.499962063631717
11.14825099668093
11.816171612112225
12.503712963603192
13.210883066341765
13.937707573078372
14.684228524641567
15.450503181431806
16.23660293665199
17.04261230862364
17.86862800760779
18.71475807163398
19.58112106543795
20.467845336727017
21.375068324196402
22.30293591211809
23.251601826747095
24.2212270702802
25.211979388450413
26.22403276839536
27.257566963686898
28.31276704386857
29.389822966127955
30.488929167018366
31.61028417243606
32.7540902242767
33.92055292238727
35.1098808806829
36.32228539637898
37.557980131527906
38.817180806110244
40.10010490210614
41.406971378049754
42.73800039368703
44.093413044411285
45.47343110527598
46.87827678439833
48.308172485674454
49.76334058073805
51.24400319017596
52.75038197401969
54.28269793160813
55.84117121087086
57.42602092720833
59.03746499205326
60.675719951288436
62.341000833659855
64.03352100936984
65.75349205897606
67.50112365277717
69.27662344082671
71.0801969537296
72.91204751432196
74.77237616038734