0.
0.
0.
0.
0.
0.
0.
0.
1.9859446137283985e-12
5.9578338411851955e-12
4.096010765814822e-12
5.461347687753096e-12
1.4149855372814838e-11
9.793189376448165e-11
5.321090349408527e-10
2.352351394961288e-9
8.816104626493792e-9
2.8805257771361914e-8
8.37122820871096e-8
2.2017088075023038e-7
5.313703876660841e-7
1.190355093779588e-6
2.4987382272345906e-6
4.954109133696117e-6
9.339153161499125e-6
0.000016834695104464996
0.000029157987227918516
0.00004872679806651873
0.0000788487912337733
0.00012393486192264366
0.00018973432401000586
0.00028358932445625364
0.0004147053416220854
0.0005944345075743906
0.0008365682563880431
0.001157636061726244
0.0015772069110525425
0.002118190940580249
0.0028071383337142926
0.0036745335727550454
0.004755083194080831
0.006087995736582155
0.007717252882431576
0.009691871293082447
0.012066154794445698
0.014899936982738638
0.018258814583279152
0.022214371855276263
0.026844396771831036
0.032233089593893774
0.038471264468714864
0.04565654487199141
0.053893553293132876
0.06329409600581021
0.0739773429724442
0.08607000340928078
0.09970649691089414
0.1150291200871997
0.13218820843469659
0.15134229287532458
0.17265825037993693
0.19631144780071136
0.2224858779756299
0.25137428704577464
0.2831782918883286
0.3181084863890646
0.35638453558555305
0.3982352563269234
0.44389868362750035
0.49362212168460423
0.5476621786603849
0.6062847848118825
0.6697651932906181
0.7383879634547018
0.8124469264061144
0.8922451329182473
0.9780947838366112
1.0703171432095233
1.1692424344543582
1.275209719918695
1.3885667640606498
1.5096698804447521
1.6388837625416972
1.776581298031478
1.9231433659652086
2.0789586157922946
2.2444232266879007
2.419940644982401
2.605921297007316
2.8027822737939645
3.010946983489089
3.2308447665499136
3.4629104682211573
3.7075839622523934
3.965309619529522
4.236535715302326
4.52171376914374
4.821297812670506
5.135743581574891
5.465507630796244
5.811046374654019
6.172815057284063
6.551266663160448
6.946850782017906
7.360012447224539
7.791190971201312
8.240818804880647
8.709320450930266
9.19711146086841
9.704597545265448
10.232173822831044
10.780224229205016
11.349121099567261
11.939224931646304
12.55088432783769
13.184436107722895
13.840205575702921
14.51850692361889
15.219643744791606
15.943909634388856