0.
0.
0.
0.
0.
0.
0.
3.971889227456797e-12
1.9859446137283985e-12
5.9578338411851955e-12
6.454319994617295e-12
9.929723068641992e-12
5.2255167648728484e-11
3.214747843472845e-10
1.5928517017485335e-9
6.57149072682727e-9
2.322003678832751e-8
7.188958143696937e-8
1.99121481424708e-7
5.01501408310994e-7
1.1638261009001739e-6
2.515906842541811e-6
5.112190945556589e-6
9.837818765023253e-6
0.00001804366904960598
0.00003171201328434854
0.0000536528582149767
0.00008773005768196043
0.00013911511162552996
0.0002145655576634512
0.0003227242888154394
0.00047443584844746733
0.0006830750259087687
0.0009648838688503564
0.0013393127392991404
0.0018293617550052992
0.0024619193439709133
0.0032680950188867996
0.004283544188676176
0.00554878327664266
0.007109493960606658
0.009016815784839542
0.011327626980327563
0.014104813496965038
0.01741752672753064
0.021341430572105993
0.02595893857786017
0.0313594421701349
0.03763953075965099
0.04490320475889944
0.053262082177104854
0.06283559954817171
0.07375120757167375
0.08614456178985064
0.1001597083019773
0.11594926426897997
0.1336745927391194
0.15350597111418304
0.17562275222349477
0.20021351692290604
0.22747621691412698
0.25761830634818683
0.2908568606191796
0.32741868102863386
0.3675403836186775
0.4114684708775467
0.45945938491585947
0.5117795411021876
0.5687053409833634
0.6305231640451686
0.6975293374210929
0.7700300834761812
0.8483414451280683
0.9327891887623393
1.0237086851454846
1.1214447684577105
1.226351573795504
1.3387923533274018
1.4591392711790534
1.5877731769367331
1.72508335729541
1.8714672649248034
2.027330223117467
2.1930851042570314
2.369151979204649
2.555957734310567
2.7539356515427382
2.9635249468109266
3.1851702606168453
3.419321094830208
3.6664311888742387
3.9269578289215334
4.201361084045279
4.490102964627677
4.793646500090502
5.112454735948751
5.446989653534603
5.7977110203087605
6.1650751837282645
6.549533826913803
6.951532709877951
7.371510424783253
7.809897197492781
8.267113769561398
8.743570394750483
9.239665981584416
9.755787408481453
10.292309030958698
10.84959239190115
11.427986136473283
12.027826124201924
12.64943572234035
13.293126258173263
13.95919760309365
14.647938858896712
15.35962911630743
16.094538257049365
16.85292777351002
17.635051583667643
18.441156822990216