0.
0.
0.
0.
0.
5.9578338411851955e-12
3.971889227456797e-12
4.344253842530871e-12
1.5887556909827188e-11
1.4559456449396322e-10
1.2732387404766194e-9
8.070754788653853e-9
3.917486757194475e-8
1.5391616891163863e-7
5.100265720515766e-7
1.4706289746843097e-6
3.779213005154406e-6
8.81864464965475e-6
0.00001896414395185987
0.000038032795384221815
0.00007182445945828984
0.0001287422956414898
0.00022047657509455544
0.00036273253309610605
0.0005759829838382478
0.000886226781470754
0.0013257371452563005
0.0019337866058133444
0.0027573388995310393
0.0038517014325503314
0.00528113525918369
0.007119422095912582
0.009450390333696565
0.012368403487877721
0.015978815852443984
0.020398400526079236
0.025755755373127524
0.032191691892152624
0.039859611635976115
0.04892587364047538
0.05957015538838713
0.07198580831660396
0.08638020775748886
0.10297509552214068
0.1220069120480172
0.14372711395743673
0.16840247130507932
0.1963153383725818
0.22776389089768964
0.263062322144831
0.3025409904423074
0.34654651046139734
0.3954417813308775
0.44960594482531707
0.509434267902164
0.5753379443565189
0.6477438111924979
0.727093976055058
0.8138453521792366
0.9084690979596846
1.011449957584163
1.1232854989493897
1.2444852438956215
1.3755696844928187
1.5170691771824072
1.6695227047303447
1.8334764937785557
2.0094824743437227
2.1980965663944176
2.399876779559288
2.6153811144561296
2.8451652599248125
3.089780089557416
3.349768974781572
3.62566494905903
3.9179877793775937
4.227241024141081
4.553909178905675
4.8984550290549365
5.2613173375203015
5.6429089928974125
6.043615726011411
6.4637954722514745
6.9037784152788495
7.3638677008379
7.8443407636177165
8.34545117182937
8.867430868129919
9.410492673439583
9.974832922032554
10.560634108982386
11.168067451174613
11.797295286753815
12.448473261688124
13.12175227374361
13.81728016224153
14.535203145800061
15.275667020293687
16.03881813556708
16.82480417305444
17.63377474773343
18.465881857767396
19.321280203957315
20.20012739933866
21.102584087187324
22.02881398359507
22.97898385854483
23.953263467582158
24.951825444328737
25.97484516250911
27.02250057481919
28.094972034732443
29.192442106391464
30.315095366840435
31.463118204109406
32.63669861419155
33.836025999242906
35.06129096917718
36.312685148231516
37.590400988010195