0.
0.
0.
0.
5.9578338411851955e-12
5.9578338411851955e-12
4.096010765814822e-12
1.0922695375506191e-11
1.3889200142262987e-10
1.4622758433958915e-9
1.0592035597320413e-8
5.632002390841544e-8
2.3548871979899425e-7
8.139393999365841e-7
2.4137370670931713e-6
6.315535482446883e-6
0.000014896497688233701
0.000032210602553126574
0.00006470418049244023
0.00012204690369203508
0.00021805017440338978
0.0003716405217944078
0.0006078558511890161
0.0009588350122167179
0.0014647767950825195
0.0021748502850954324
0.0031480453048475035
0.004453957320096473
0.006173506549689796
0.008399595094902
0.011237708748174764
0.014806472261617338
0.019238167494230234
0.02467922388573547
0.03129069015565879
0.039248694484677854
0.04874489880888586
0.05998695052612111
0.07319893283807673
0.08862181212975337
0.10651387864125994
0.12715117421694846
0.15082789897176108
0.1778567868977756
0.20856943906475142
0.24331660223872587
0.2824683803281435
0.32641436585425854
0.375563679345201
0.430344905056287
0.49120591250571216
0.5586135541636367
0.633053230675537
0.7150283155637162
0.8050594316683676
0.9036835710208612
1.0114530491005436
1.1289342821365507
1.2567063740172342
1.3953594957814497
1.5454930372526148
1.7077135075842038
1.8826321589435873
2.070862308406761
2.273016337340018
2.4897023575945987
2.7215205513600056
2.969059217741698
3.2328905941380137
3.513566562620959
3.811614396476655
4.127532742811165
4.461788064934155
4.814811773438856
5.186998251570625
5.578703926140498
5.990247456104775
6.421911018294367
6.873942579382835
7.3465589697318485
7.839949529159509
8.354280080036279
8.889696997235818
9.446331178876331
10.024301767916361
10.623719523236304
11.244689783394639
11.887315003215779
12.551696870937345
13.237938032458803
13.94614346026462
14.676421509890828
15.428884707593344
16.203650311110227
17.00084068185326
17.82058350258436
18.66301187009155
19.528264287997228
20.416484580768383
21.32782174650062
22.262429762790486
23.220467357502194
24.202097753938805
25.20748839810587
26.236810674259615
27.290239613692616
28.36795360071979
29.47013407900771
30.59696526078426
31.7486338409093
32.925328717407695
34.12724071975657
35.35456234589776
36.60748750881981
37.8862112933699
39.19092972379764
40.52183954246116
41.87913800009622
43.263022657862926
44.673691201473886