4.060547873775241
4.104254046571441
4.158826840004871
4.235111808525751
4.33299060869537
4.452292787418772
4.5928003943307845
4.754241267737559
4.936295850939013
5.138609570819833
5.360807170665703
5.602505385463368
5.863325202895408
6.142899480746573
6.4408786317818265
6.756940472454289
7.090780128365525
7.442121232960921
7.8107124623446715
8.196328334018881
8.598763497019485
9.017839739509613
9.453392977523238
9.9052813677284
10.37338010879728
10.85758160588151
11.357791734478027
11.873931331836502
12.405933466932645
12.953743482428878
13.517317642392129
14.096623365147337
14.691639366072573
15.302351386004087
15.928756570014801
16.57085922784657
17.22868028555901
17.902237295086405
18.59156342293434
19.296702796733666
20.017699156293272
20.75461730413987
21.507518068516873
22.2764809052854
23.061573059995567
23.862900111471895
24.680553564122732
25.514637929111387
26.365272901978667
27.232571869615775
28.116665129766282
29.017686168448577
29.935778418279572
30.871090561563367
31.82376596925552
32.793999799283235
33.78192864887529
34.78773556757091
35.811600090463095
36.85370919931306
37.914252520221986
38.99342732301801
40.0914323473775
41.20848034238261
42.34477177031297
43.500529045963184
44.67596153296271
45.87130400544044
47.08677338942708
48.322600992331864
49.57902085028258
50.856267255245726
52.15457872915188
53.47419791451175
54.81535796941278
56.17832232398859
57.56332094830387
58.970607954325054
60.40043049592971
61.85304138016799
63.328690684174916
64.82763046554635
66.35011295892967
67.89639056418986
69.46671562517382
71.06134021066373
72.68051589778246
74.32449355821157
75.99352314756008
77.68785349825326
79.40773211631823
81.15340498248952
82.92511635803262
84.72310859569997
86.5476219562908
88.39889443120326
90.27716157144033
92.18265632351847
94.11560887266346
96.0762464937684
98.06479341046483
100.08147066274233
102.1264959834622
104.20008368411462
106.302444550159
108.43378574621053
110.5943107313861
112.78421918497477
115.00370694269971
117.25296594368099
119.53218418824103
121.84154570666468
124.18123053894077
126.55141472547027
128.95227030879096
131.38396534619565
133.84666393318375
136.34052623760385
138.86570854434095
141.42236331035636