0.
0.
0.
0.
0.
0.
0.
0.
0.
0.
0.
0.
0.
0.
0.
0.
0.
0.
0.00003051943403025842
0.00003051943403025842
0.00006103886806051684
0.000045779151045387627
0.00001525971701512921
0.000045779151045387627
0.00003051943403025842
0.000045779151045387627
0.000045779151045387627
0.000045779151045387627
0.0000619926003739624
0.00003433436328404072
0.000027658237089921692
0.00009346576671766641
0.00012970759462859827
0.0002479704014958496
0.0005112005200068286
0.0010863011050145106
0.002217427628760963
0.004473958282373194
0.008755262637430384
0.016678870697536225
0.030885667238621517
0.05556921324290646
0.09760210376107986
0.16732470453551865
0.2804936271166572
0.4604343026944339
0.7411148613445264
1.1708952537525061
1.8181275673583905
2.777281849005904
4.177476286753936
6.19267737696884
9.054551467248112
13.067778836177393
18.628673409285852
26.24744954736822
36.57435812680243
50.43049495447088
68.84344746670773
93.0885112249568
124.73567744565814
165.7033729549136
218.3191251934806
285.3873315737686
370.26506689277346
476.9468129108035
610.1569694321522
775.4526275454616
979.3350418565191
1229.3717253915595
1534.328595885419
1904.312476741416
2350.925022750617
2887.426840255795
3528.913808412883
4292.504317826209
5197.537968277487
6265.78618906245
7521.674382321299
8992.515774387033
10708.757248872824
12704.236285018464
15016.450135283578
17686.83634186432
20761.064570197686
24289.339991210436
28326.71775452107
32933.42855164113
38175.215386484975
44123.68063855859
50856.64435730024
58458.5124265967
67020.65552364192
76641.79816351486
87428.4177560391
99495.15352614217
112965.22558097281
127970.86317672028
144653.7435136845
163165.43927039544
183667.8761910251
206333.80058493887
231347.2558714447
258904.0691120267
289212.34763783537
322492.9851286652
358980.1781391159
398921.95266564726
442580.7015184678
490233.73227222194
542173.8263591317
598709.8099025836
660167.1358104789
726888.4787201267
799234.3423225827
877583.6800449628
962334.5296782305
1.0539046620267562e6
1.1527322447813528e6
1.2592765223158256e6