0.
0.
0.
0.
0.
0.
0.
0.
0.
0.
0.
0.
0.
0.
0.
0.
0.
0.
0.00003051943403025842
0.00003051943403025842
0.00006103886806051684
0.000045779151045387627
0.00003051943403025842
0.00006103886806051684
0.000045779151045387627
0.000045779151045387627
0.000045779151045387627
0.000046732883358833204
0.00006294633268740798
0.00003624182791093187
0.000047686615672278774
0.00010777175141935004
0.00016213449328574784
0.0003242689865714957
0.0006790574071732498
0.001440135793302819
0.002934634328472036
0.005874991050824746
0.011402823539555301
0.02152764577909353
0.039480702847393044
0.07051038366534484
0.12280924880544643
0.2089560737497315
0.3477231716237493
0.566821234794661
0.9062135546604632
1.4226538799973616
2.1955442408289545
3.334207157316254
4.987161640238258
7.353425872638598
10.69663912419072
15.361834087662139
21.79580097127114
30.571101524607016
42.41448644664148
58.239824901315046
79.18610598156619
106.66221071905379
142.3961055968847
188.49215900045476
247.49529402151285
322.46203674685086
417.0409912371801
535.5606353552454
683.1267883933301
865.729289847444
1090.3583566670286
1365.1309155909278
1699.4278280601127
2104.040887071686
2591.331667971814
3175.400817848829
3872.2689499411163
4700.068838819193
5679.249191970597
6832.789984435353
8186.429256350108
9768.901978067226
11612.1901988809
13751.784691088813
16226.958519522663
19081.05162573318
22361.767096349697
26121.478125640155
30417.546642217338
35312.652628038006
40875.13384834403
47179.33672691929
54305.9776780677
62342.5143144893
71383.52696977134
81531.1109360619
92895.27740550465
105594.36529852782
119755.46207819923
135514.83468368102
153018.3695336787
172422.02240292722
193892.27777305362
217606.61753287786
243753.99929424253
272535.3443319554
304164.0357534652
338866.4253780199
376882.35204535426
418465.66920419165
463884.7833999999
513423.2036200345
567380.101269637
626070.8823467692
689827.7708829873
759000.4046789791
833956.4443770939
915082.1949619587
1.0027832419724145e6
1.0974851015034693e6
1.199633885597673e6
1.3096969826682725e6