0.
0.
0.
0.
0.
0.
0.
0.
0.
0.
0.
0.
0.
0.
0.
0.
0.
0.
0.00003051943403025842
0.00003051943403025842
0.00006103886806051684
0.000045779151045387627
0.00003051943403025842
0.00006103886806051684
0.000045779151045387627
0.000045779151045387627
0.000045779151045387627
0.000046732883358833204
0.00006485379731429913
0.000056270206493288954
0.000060085135747071256
0.00013829118544960844
0.00023557188142105717
0.0004911721414244714
0.0010433831509094598
0.002202167911745834
0.004463467226925294
0.008840144813327039
0.0169754814470178
0.03164674562475109
0.05730309858875052
0.10123391641068062
0.17444145505844955
0.2936379658605641
0.48365482332989335
0.7808540256488633
1.2368429820303275
1.924555509948096
2.944864061266053
4.435605844852608
6.582335204682478
9.632162275704783
13.909438065469978
19.836055600153845
27.954223144737956
38.95436850303646
53.70716725624621
73.30075358288816
99.083849941486
132.71449325446008
176.21596749338175
232.03941429788645
303.1338283438898
393.0249672477373
505.90119891920256
646.7099954282996
821.2622245874913
1036.3468839489958
1299.8555819463384
1620.9171429044086
2010.043263899568
2479.2841629194713
3042.396256448558
3715.01976349946
4514.868708164492
5461.931832864797
6578.684911561839
7890.314738559881
9424.954725184443
11213.931584552642
13292.024118252848
15697.732723929297
18473.560551753148
21666.306008400632
25327.365825524023
29513.049648355245
34284.90491412736
39710.05285196863
45861.53419846758
52818.666435278246
60667.4100118374
69500.74522699424
79419.05911624577
90530.54126686022
102951.59056468049
116807.2300571893
132231.53246976453
149368.0541786789
168370.27916109317
189402.07189868874
212638.13965171983
238264.50411969924
266478.9825783684
297491.6782764544
331525.48074456706
368816.5758264431
409614.96542204614
454184.99762253504
502805.90736966697
555772.3679944257
613395.053412655
676001.211848454
743935.2522870378
817559.3417782111
897254.017058224
983418.8086092522
1.0764728782561533e6
1.1768556728936965e6
1.285027591662373e6
1.4014706695770428e6