0.
0.
0.
0.
0.
0.
0.
0.
0.
0.
0.
0.
0.
0.
0.
0.
0.
0.
0.00003051943403025842
0.00003051943403025842
0.00006103886806051684
0.000045779151045387627
0.00003051943403025842
0.00006103886806051684
0.000045779151045387627
0.000045779151045387627
0.000045779151045387627
0.000046732883358833204
0.00006485379731429913
0.00005817767112018011
0.00006485379731429913
0.00014973597321095536
0.00026418385082442445
0.0005560259387387706
0.0011835818009859592
0.002492102535033289
0.005043336473500203
0.009955057887744917
0.019069877607344285
0.0354054046720401
0.06392676950563005
0.11258142347605608
0.19335682803101564
0.32451314204373777
0.5331516229330918
0.8583781567472869
1.3561739690886379
2.105047442803044
3.2134703688279247
4.829145363081969
7.150794951591638
10.441832369472092
15.048044711750784
21.417640386596094
30.125957458361746
41.90391252876459
57.67171326670029
78.57731194138908
106.04107156781147
141.8064033701582
187.99744183602124
247.18318512193778
322.4505337814184
417.4842163940108
536.6561781263773
685.1234060094175
868.9354565342155
1095.1515587204137
1371.9676007125508
1708.8538935515435
2116.7031093624846
2607.98927425369
3196.937752026923
3899.7061986704225
4734.577274463887
5722.1623402185205
6885.616726104962
8250.866531104888
9846.846769015945
11705.75139986878
13863.29401834893
16358.980451474124
19236.392457715698
22543.48236638338
26332.879009200693
30662.204021811747
35594.39937739355
41198.065328349
47547.80814569199
54724.59917542007
62816.142971557616
71917.25595268128
82130.25458909252
93565.35336288501
106341.07220811148
120584.65330038813
136432.48776150047
154030.55048503948
173534.84549696537
195111.85979008232
218939.02689325967
245205.1989317311
274111.12913362466
305869.96279228275
340707.7385985141
378863.89905905316
420591.8114861888
466159.29866777523
515849.1800492816
569959.8240106088
628805.7112729626
692718.0088120415
762045.1570757915
837153.4683121876
918427.7386984754
1.0062718732885765e6
1.101109524276502e6
1.203384745776505e6
1.3135626616026026e6
1.4321301499530035e6