0.
0.
0.
0.
0.
0.
0.
0.
0.
0.
0.
0.
0.
0.
0.
0.
0.
3.971889227456797e-12
3.971889227456797e-12
3.971889227456797e-12
1.9859446137283985e-12
3.971889227456797e-12
3.971889227456797e-12
3.971889227456797e-12
5.9578338411851955e-12
3.971889227456797e-12
3.971889227456797e-12
4.096010765814822e-12
6.33019845625927e-12
5.0889830726790214e-12
6.950806148049394e-12
1.3901612296098789e-11
2.5693158440111156e-11
5.064158765007416e-11
1.1121289836879031e-10
2.312384259610004e-10
4.755096134495934e-10
9.497780115156065e-10
1.8305444477041513e-9
3.428609254063722e-9
6.245919931714171e-9
1.1085294590755204e-8
1.9182114902464242e-8
3.243767459140951e-8
5.365811339678924e-8
8.697940921976953e-8
1.38326255450794e-7
2.160582376982756e-7
3.3183223023710826e-7
5.016108835078258e-7
7.469740922908927e-7
1.096757275891492e-6
1.5889495688256341e-6
2.2731370291811963e-6
3.213255778460243e-6
4.490960287765446e-6
6.20956361603526e-6
8.498540787698631e-6
0.000011518826299932114
0.000015468846305302532
0.00002059132940881977
0.000027181094549739494
0.00003559375477619744
0.000046255403565941336
0.000059673456966828014
0.00007644855312870579
0.00009728768833406197
0.0001230185565111063
0.00015460518383098555
0.00019316486248514028
0.0002399865385464832
0.00029655042391718914
0.0003645492147815556
0.0004459106446136442
0.0005428215272639896
0.0006577533379121692
0.0007934891916278943
0.0009531524366291939
0.0011402366909499682
0.0013586373691866103
0.0016126847365601565
0.0019071785396943392
0.0022474239299953404
0.002639269075332709
0.00308914406357725
0.0036041013534380117
0.004191857595476932
0.004860836884244825
0.005620215364335108
0.006479967243231042
0.007450912138459507
0.008544763705182581
0.009774179629622504
0.011152812901683238
0.012695364319602406
0.01441763629055621
0.016336587878065214
0.018470391071624903
0.020838488275830364
0.023461651067898957
0.026362040134471746
0.029563266485625527
0.03309045380472107
0.03697030222329077
0.04123115314822862
0.04590305552357705
0.05101783331602785
0.0566091544010107
0.06271260069310003
0.06936573980882635
0.07660819813826716
0.08448173532206596
0.09303032041563535
0.10230020952407616
0.11234002519018942
0.12320083746781024
0.1349362468193563
0.14760246891355255
0.16125842132283663
0.17596581234560021