25.405528457025405
25.830455428559418
26.277235310597415
26.745546176621158
27.235096132182505
27.74559158553769
28.276758200842877
28.828333136046222
29.40007340039703
29.9917499285165
30.603148504925812
31.234074096486697
31.8843474672238
32.553803781507206
33.24230785490627
33.94972045693718
34.67593299035928
35.420849959954296
36.18439206587431
36.966502070363596
37.76710572652968
38.586201248196716
39.42375402185134
40.27976015080745
41.15423323357814
42.04719052720785
42.95867321239703
43.88872531422421
44.83739675980056
45.804794362685115
46.79096945578425
47.79602374871354
48.820062497739634
49.86320300168109
50.92556712470256
52.007288540331096
53.10850696929288
54.2293746684404
55.370048847185124
56.53069545483847
57.71148536941977
58.91259863139702
60.134222562667
61.37654548964808
62.639767678535684
63.9240888878577
65.22971782179144
66.5568665527248
67.9057521699824
69.27659285703861
70.66961399465944
72.08504360974051
73.52311149263178
74.9840509767183
76.4680977188554
77.97548936793429
79.50646309899234
81.06126563972454
82.64013560557201
84.24331783565614
85.871054624883
87.5235946860684
89.20118075655019
90.90405566444915
92.63247372115681
94.38666307894269
96.16685006038695
97.97336187885611
99.806350794974
101.66608543315802
103.55280390279948
105.4667436791139
107.40813445532456
109.37721289989767
111.37420142218635
113.3993315849459
115.45282457412947
117.53489473871913
119.64576567531881
121.7856483026647
123.95474984884402
126.15327714330209
128.38143189264431
130.63941182501563
132.92741058958262
135.24561766778493
137.59421829652317
139.97339340344215
142.38331955439986
144.82416891318329
147.2961092134708
149.79930374300469
152.33391133988076
154.9000864008342
157.49797890133428
160.12773442729664
162.7894942181125
165.48339522072828
168.20957015451324
170.968147586444
173.7592520163158
176.58300397156526
179.43952011125717
182.32891333884803