35.58794748674657
36.03587957339179
36.50721643440148
37.00165079170007
37.51888122124398
38.05861462594579
38.62056793453517
39.20447030471657
39.810063902388976
40.43710554585137
41.085367982741445
41.75463893922963
42.44472312855043
43.15544303039412
43.886642874374616
44.63816253956292
45.40989273867114
46.201718154322705
47.0135466316594
47.84530254188049
48.69692706150981
49.568063795262844
50.459701031574845
51.37065788549798
52.30147996312991
53.252106304235376
54.22256889284845
55.21291105967617
56.223189336170456
57.25347127977104
58.30384101619161
59.37438843248958
60.4652158098648
61.576436064250025
62.70817198781439
63.860470452603465
65.03372914231637
66.22784005831679
67.44304702059996
68.67950706389244
69.93741220904079
71.21692067371704
72.51822365669136
73.8415282030299
75.18698833161064
76.55483905348518
77.94529161710803
79.35853889204371
80.79480117884835
82.25429571274373
83.73724853496422
85.24388055888697
86.774419723572
88.32909724860221
89.90814405427885
91.5117950537993
93.14028384790554
94.79385048140297
96.47272736998352
98.1771567875841
99.90737634747501
101.66362024789399
103.44613079150375
105.25514212332078
107.09089428567951
108.95361998880188
110.84354831692468
112.76093370548318
114.70598144973654
116.6789503005327
118.67996840021408
120.70942759692217
122.7674368616304
124.85422901656277
126.97002579222985
129.1150401710654
131.2894596628836
133.49355286426487
135.727456815365
137.99138917025948
140.2855423973956
142.61010422184586
144.96522762926955
147.35119083063296
149.76808907514285
152.2160981102565
154.6953964038088
157.20614612698955
159.7485048472818
162.32262551740243
164.92865647700626
167.56674146696542
170.23701965596513
172.9396256791345
175.67468968836553
178.4423374139529
181.24269023717133
184.07586527330758
186.94197546470286
189.84112968340642
192.77343284279507
195.73898601776995
198.73788657296353
201.77022829844233