-0.00000000000000E+00
-0.00000000000000E+00
-0.00000000000000E+00
-0.00000000000000E+00
-0.00000000000000E+00
-0.00000000000000E+00
-0.00000000000000E+00
-0.00000000000000E+00
-0.00000000000000E+00
-0.00000000000000E+00
-0.00000000000000E+00
-0.00000000000000E+00
-0.00000000000000E+00
-0.00000000000000E+00
-0.00000000000000E+00
-0.00000000000000E+00
-0.00000000000000E+00
-0.00000000000000E+00
-0.39209972273524E-10
-0.54044179640257E-11
 0.47650439016448E-10
-0.27308846869170E-10
-0.95300007641243E-10
-0.11600910390217E-09
-0.98643796534467E-10
-0.26151106936525E-25
-0.20392603673920E-11
-0.37175928561400E-11
 0.23136230953810E-11
-0.30748515400794E-11
-0.61213966806670E-10
-0.48238570073625E-10
-0.82537972986738E-10
-0.15212426037864E-09
-0.32678797837225E-09
-0.65180168289043E-09
-0.11847393169290E-08
-0.21299008285610E-08
-0.37385795127429E-08
-0.63462233883792E-08
-0.10441965134029E-07
-0.16812977415884E-07
-0.26499913111609E-07
-0.40883979261850E-07
-0.61691976348914E-07
-0.91406627274205E-07
-0.13302926961343E-06
-0.19043807491124E-06
-0.26836679458157E-06
-0.37279205998997E-06
-0.51076134517296E-06
-0.69084766521631E-06
-0.92309189408975E-06
-0.12193644933403E-05
-0.15934050547683E-05
-0.20609286972336E-05
-0.26400052313371E-05
-0.33508805641104E-05
-0.42163125457399E-05
-0.52617022635448E-05
-0.65150529131610E-05
-0.80070737516408E-05
-0.97713686084148E-05
-0.11844235845525E-04
-0.14264969596373E-04
-0.17075572818501E-04
-0.20320925607881E-04
-0.24048628985274E-04
-0.28308999553083E-04
-0.33154936956068E-04
-0.38641844537241E-04
-0.44827485366278E-04
-0.51771827240116E-04
-0.59536980573108E-04
-0.68186904868447E-04
-0.77787317680560E-04
-0.88405516153388E-04
-0.10011012312782E-03
-0.11297097280582E-03
-0.12705879135733E-03
-0.14244514548631E-03
-0.15920212717832E-03
-0.17740221477004E-03
-0.19711803640888E-03
-0.21842219930570E-03
-0.24138708483858E-03
-0.26608468135688E-03
-0.29258640429228E-03
-0.32096291657648E-03
-0.35128398056882E-03
-0.38361829846617E-03
-0.41803339492517E-03
-0.45459543709979E-03
-0.49336919127404E-03
-0.53441782015169E-03
-0.57780287542315E-03
-0.62358414512988E-03
-0.67181960585568E-03
-0.72256534513207E-03
-0.77587552150179E-03
-0.83180230178175E-03
-0.89039584096103E-03
-0.95170423993460E-03
-0.10157735427387E-02
-0.10826477370671E-02
-0.11523687284969E-02
-0.12249763704164E-02
-0.13005084799542E-02
-0.13790008603721E-02
-0.14604873292713E-02
-0.15449997468469E-02
-0.16325680842597E-02
-0.17232204421933E-02
-0.18169831149015E-02
-0.19138806453642E-02
-0.20139358816782E-02
-0.21171700419050E-02
-0.22236027779759E-02
-0.23332522215885E-02
-0.24461350781310E-02
