 0.00000000000000E+00
 0.00000000000000E+00
 0.00000000000000E+00
 0.00000000000000E+00
 0.00000000000000E+00
 0.00000000000000E+00
 0.00000000000000E+00
 0.00000000000000E+00
 0.00000000000000E+00
 0.00000000000000E+00
 0.00000000000000E+00
 0.00000000000000E+00
 0.00000000000000E+00
 0.00000000000000E+00
 0.00000000000000E+00
 0.00000000000000E+00
 0.00000000000000E+00
 0.00000000000000E+00
 0.86108573263050E-09
 0.18426678854903E-09
-0.12350539391843E-08
-0.46129875328342E-09
 0.10159418353878E-08
 0.92066661554683E-09
 0.18425975083359E-08
 0.13641934798597E-23
 0.12658341752863E-09
 0.68665774756896E-10
-0.40976551383450E-09
-0.25058073073367E-10
 0.12048216991706E-08
-0.13941050009670E-09
 0.27921853652976E-09
-0.69139654077832E-09
-0.33673515735993E-09
-0.77052686999049E-09
-0.97715399991714E-09
-0.25343277718375E-08
-0.34531396233603E-08
-0.48087228398476E-08
-0.96460936560390E-08
-0.17137370243679E-07
-0.29464858174050E-07
-0.40036608488190E-07
-0.62099767962170E-07
-0.91941059496090E-07
-0.13489737532228E-06
-0.19166945656246E-06
-0.27241584601462E-06
-0.37670489191362E-06
-0.51703988530734E-06
-0.69546630157914E-06
-0.93129260552444E-06
-0.12302231014581E-05
-0.16048268276341E-05
-0.20796742050894E-05
-0.26587312281401E-05
-0.33730794072387E-05
-0.42457570999644E-05
-0.52979349841272E-05
-0.65545086931147E-05
-0.80562757246610E-05
-0.98278510919729E-05
-0.11912773676940E-04
-0.14344658992512E-04
-0.17168297973036E-04
-0.20427591761263E-04
-0.24173744387414E-04
-0.28454345629846E-04
-0.33322038945755E-04
-0.38832638578785E-04
-0.45041904864747E-04
-0.52018622027094E-04
-0.59815365384451E-04
-0.68502218819728E-04
-0.78145254062638E-04
-0.88808133524508E-04
-0.10056438280561E-03
-0.11347548974523E-03
-0.12762572537358E-03
-0.14308048799494E-03
-0.15991465441511E-03
-0.17820006321243E-03
-0.19801134661622E-03
-0.21942177242915E-03
-0.24250810428359E-03
-0.26734148113609E-03
-0.29399725604719E-03
-0.32254615569181E-03
-0.35306344848040E-03
-0.38562186125954E-03
-0.42028794897562E-03
-0.45713956192731E-03
-0.49623862848501E-03
-0.53766081976719E-03
-0.58146941367667E-03
-0.62773084132121E-03
-0.67651175548153E-03
-0.72787726034679E-03
-0.78189079852590E-03
-0.83861496168172E-03
-0.89810861162499E-03
-0.96043608995402E-03
-0.10256565192014E-02
-0.10938242511321E-02
-0.11650016834729E-02
-0.12392452789480E-02
-0.13166121399470E-02
-0.13971553661607E-02
-0.14809330123462E-02
-0.15680010609550E-02
-0.16584119685820E-02
-0.17522207616389E-02
-0.18494824354312E-02
-0.19502505402248E-02
-0.20545813424581E-02
-0.21625275733426E-02
-0.22741402252248E-02
-0.23894773373066E-02
-0.25085928482840E-02
