 0.00000000000000E+00
 0.00000000000000E+00
 0.00000000000000E+00
 0.00000000000000E+00
 0.00000000000000E+00
 0.00000000000000E+00
 0.00000000000000E+00
 0.00000000000000E+00
 0.00000000000000E+00
 0.00000000000000E+00
 0.00000000000000E+00
 0.00000000000000E+00
 0.00000000000000E+00
 0.00000000000000E+00
 0.00000000000000E+00
 0.00000000000000E+00
 0.00000000000000E+00
 0.00000000000000E+00
 0.33695544969859E-07
 0.24238444611961E-07
-0.31056832199383E-07
-0.22920071444186E-07
-0.34325551188312E-08
-0.24173175513184E-07
 0.11049750464361E-06
 0.11332985226056E-21
 0.46625731742093E-07
-0.14142055460796E-08
-0.13519886608341E-06
-0.20252931119505E-09
 0.15552785707078E-06
-0.68400721942915E-07
 0.48790923347260E-07
 0.21742552022962E-07
 0.46938149002337E-08
-0.16285006240001E-06
 0.62093211880301E-07
-0.22591184597063E-06
-0.10520944286387E-06
-0.59140567402829E-06
 0.65209230839233E-08
 0.39593426617501E-06
 0.36584880942217E-06
 0.16049097750729E-06
-0.15078063129153E-06
-0.27285453405694E-06
-0.17316667737113E-06
 0.11620797724652E-05
 0.57126854488880E-06
 0.16889197511876E-05
 0.45490472770354E-06
 0.93148916289428E-06
-0.95674987871547E-07
 0.20555797873585E-05
 0.22262621619538E-05
 0.25406926212549E-05
 0.49568189309403E-05
 0.32152708771816E-05
 0.45158329311584E-05
 0.78782859968179E-05
 0.99868081631584E-05
 0.12511936165031E-04
 0.14010162013556E-04
 0.17381159583432E-04
 0.22494639483171E-04
 0.27655639203213E-04
 0.33129793251243E-04
 0.37938396413717E-04
 0.43777925972303E-04
 0.55594525135551E-04
 0.62336314348275E-04
 0.72950975894740E-04
 0.88456113689178E-04
 0.98100850598590E-04
 0.11537669034891E-03
 0.13344174871481E-03
 0.15256524546230E-03
 0.17340480633338E-03
 0.19966141424561E-03
 0.22978208957594E-03
 0.25767860213890E-03
 0.28822911398010E-03
 0.32523130414106E-03
 0.36773666566509E-03
 0.40799193834883E-03
 0.45715731520240E-03
 0.51213729316844E-03
 0.56629529409571E-03
 0.62817634950526E-03
 0.69798762794359E-03
 0.76954294679939E-03
 0.84774249500852E-03
 0.92953076781233E-03
 0.10183362389299E-02
 0.11142039977255E-02
 0.12249122335450E-02
 0.13307450338570E-02
 0.14486453365663E-02
 0.15764794626517E-02
 0.17149968406374E-02
 0.18566923412161E-02
 0.20085631235803E-02
 0.21794866276491E-02
 0.23471395876175E-02
 0.25334211221425E-02
 0.27281891333199E-02
 0.29380744687582E-02
 0.31499136668615E-02
 0.33853031487335E-02
 0.36297901232579E-02
 0.38926266284367E-02
 0.41672917533427E-02
 0.44532825887833E-02
 0.47616189805874E-02
 0.50759461601103E-02
 0.54109648062141E-02
 0.57783383811624E-02
 0.61534370569973E-02
 0.65448930849415E-02
 0.69459656957423E-02
