-0.12723681210270E-05
-0.15904601512837E-06
-0.12643305790166E-06
-0.78309816144737E-08
 0.51052043092588E-08
-0.53234932899412E-07
-0.96353279238168E-06
-0.93815418899017E-05
-0.54112872957143E-04
-0.21672830387042E-03
-0.66584609330786E-03
-0.16782058230790E-02
-0.36352380698497E-02
-0.69957546813991E-02
-0.12254101881275E-01
-0.19895346579952E-01
-0.30356721868542E-01
-0.44000419415871E-01
-0.61099051723918E-01
-0.81832476702364E-01
-0.10629339884103E+00
-0.13449879294441E+00
-0.16640444421846E+00
-0.20192045831705E+00
-0.24092616648877E+00
-0.28328343048747E+00
-0.32884779424872E+00
-0.37747726109233E+00
-0.42903870624950E+00
-0.48341208811205E+00
-0.54049268231238E+00
-0.60019163089800E+00
-0.66243508071958E+00
-0.72716220075761E+00
-0.79432234215180E+00
-0.86387158636241E+00
-0.93576890279008E+00
-0.10099721067162E+01
-0.10864337812598E+01
-0.11650972975194E+01
-0.12458930402293E+01
-0.13287349019327E+01
-0.14135170169141E+01
-0.15001104904209E+01
-0.15883595369533E+01
-0.16780762133655E+01
-0.17690333443187E+01
-0.18609564950107E+01
-0.19535169717379E+01
-0.20463272119620E+01
-0.21389375851127E+01
-0.22308320531813E+01
-0.23214217124743E+01
-0.24100393212808E+01
-0.24959413420891E+01
-0.25783240220181E+01
-0.26563562970977E+01
-0.27292267736962E+01
-0.27961973168075E+01
-0.28566536573019E+01
-0.29101443289411E+01
-0.29564023824114E+01
-0.29953483599293E+01
-0.30270766565793E+01
-0.30518298048094E+01
-0.30699661269725E+01
-0.30819258184327E+01
-0.30881993245020E+01
-0.30893003834901E+01
-0.30857447341668E+01
-0.30780344599702E+01
-0.30666473210801E+01
-0.30520301522339E+01
-0.30345953713049E+01
-0.30147197452533E+01
-0.29927447147758E+01
-0.29689777389854E+01
-0.29436942617267E+01
-0.29171400151331E+01
-0.28895334633741E+01
-0.28610682545321E+01
-0.28319155956447E+01
-0.28022264994633E+01
-0.27721338746293E+01
-0.27417544467353E+01
-0.27111905083789E+01
-0.26805315027176E+01
-0.26498554492351E+01
-0.26192302226289E+01
-0.25887146966196E+01
-0.25583597648108E+01
-0.25282092503685E+01
-0.24983007156900E+01
-0.24686661824531E+01
-0.24393327716519E+01
-0.24103232722490E+01
-0.23816566463406E+01
-0.23533484778877E+01
-0.23254113712813E+01
-0.22978553054187E+01
-0.22706879482650E+01
-0.22439149363385E+01
-0.22175401231042E+01
-0.21915657997123E+01
-0.21659928912375E+01
-0.21408211311078E+01
-0.21160492161983E+01
-0.20916749446976E+01
-0.20676953386820E+01
-0.20441067530730E+01
-0.20209049724640E+01
-0.19980852971604E+01
-0.19756426195856E+01
-0.19535714921498E+01
-0.19318661873048E+01
-0.19105207512083E+01
-0.18895290504246E+01
-0.18688848143949E+01
-0.18485816718100E+01
-0.18286131835392E+01
