0.00006103886806051684
0.00006103886806051684
0.00006103886806051684
0.00006103886806051684
0.00006103886806051684
0.00006103886806051684
0.00006103886806051684
0.00006103886806051684
0.00006103886806051684
0.00006103886806051684
0.00006103886806051684
0.00006103886806051684
0.00006103886806051684
0.00006103886806051684
0.00006103886806051684
0.00006103886806051684
0.0000619926003739624
0.00006866872656808144
0.00010395682216556774
0.00025655399231685984
0.0008326083096379874
0.002720998290260227
0.008447207100187462
0.023994951273977234
0.06286526544076511
0.15318276179174767
0.35012466958900523
0.7554647177326286
1.5482098778655313
3.0294124308530033
5.68537666839169
10.274090883915596
17.939743918936127
30.359515057136804
49.928801238164475
79.98758637595793
125.09230943082177
191.33812483574576
286.7308838494211
421.61329362705425
609.1443546394067
865.832968179774
1212.1238942376497
1673.035174675487
2278.8441576504224
3065.819448061821
4076.994492229229
5362.981010460123
6982.815285695846
9004.835166152974
11507.58283876553
14580.728906145854
18326.013605930122
22858.200777709928
28306.042234229677
34813.24713872492
42539.45479662233
51661.20662512248
62372.916835243916
74887.83733711067
89439.01770109149
106280.25634746288
125687.04393931055
147957.4966439325
173413.2800285908
202400.52141991715
235290.71325913197
272481.6035952292
314398.0771533787
361493.02482501784
414248.2012248452
473175.07084212854
538815.642351427
611743.2892124571
692563.5574851772
781914.9565902303
880469.7348001334
988934.6366248118
1.10805163877726e6
1.2385986644179486e6
1.3813902720127844e6
1.5372783162209638e6
1.7071525792953302e6
1.891941368647169e6
2.0926120782941156e6
2.310171712092008e6
2.5456673655909705e6
2.800186663164314e6
3.074858149775067e6
3.370851634604773e6
3.6893784843538343e6
4.0316918658567094e6
4.39908693672537e6
4.792900983757797e6
5.214513508654671e6
5.665346262437665e6
6.1468632284072e6
6.660570555785572e6
7.208016446687262e6
7.790790996878077e6
8.410525994638728e6
9.068894680883976e6
9.76761147309624e6
1.0508431658633893e7
1.1293151060351761e7
1.2123605679813674e7
1.3001671323028842e7
1.3929263213520737e7
1.4908335598481432e7
1.594088135254065e7
1.702893158566829e7
1.8174555260167923e7
1.937985882214319e7
2.0646985853204295e7
2.1978116747373056e7
2.337546841787031e7
2.4841294039458457e7
2.6377882829374865e7
2.79875598715094e7
2.96726859861723e7