0.00006103886806051684
0.00006103886806051684
0.00006103886806051684
0.00006103886806051684
0.00006103886806051684
0.00006103886806051684
0.00006103886806051684
0.00006103886806051684
0.00006103886806051684
0.00006103886806051684
0.00006103886806051684
0.00009155830209077525
0.00006103886806051684
0.00006103886806051684
0.00006103886806051684
0.00006103886806051684
0.0000619926003739624
0.0000705761911949726
0.00011063294835968677
0.0002851659617202271
0.000939426328743892
0.00313205691735527
0.009490590251096923
0.026831351174164377
0.06997343237287498
0.16978342643958136
0.3865334006547901
0.8309736124527418
1.6971761890995363
3.310399137575712
6.194347362249683
11.163030438914934
19.441374464345287
32.820784380208714
53.85299483443667
86.08779368274433
134.3579161366415
205.11423207752836
306.8133304703598
450.3606157666134
649.6066492748535
921.8992218790296
1288.688388465875
1776.1833653617769
2416.0581596759334
3246.2031103633503
4311.518649109887
5664.746799451213
7367.337414637552
9490.342930187131
12115.338323584676
15335.362069443052
19255.872885610814
23995.71892262527
29688.115688399783
36481.628299994576
44541.15653936056
54048.918031184236
65205.4288723598
78230.47856004957
93364.09858982298
110867.5217119876
131024.1327569265
154140.409739042
180546.85312106687
210598.9058262179
244677.86074405786
283191.7580543114
326576.27042874286
375295.57728037285
429843.2263585737
490742.9843218811
558549.6731869837
633849.994977183
717263.3384807425
809442.5734037563
911074.8253310628
1.0228822308361746e6
1.1456226718694651e6
1.280090485714596e6
1.4271171484788712e6
1.5875719290655782e6
1.7623625116645752e6
1.9524355828374808e6
2.158777380542259e6
2.382414203045739e6
2.624412874390761e6
2.88588116339272e6
3.1679681558631626e6
3.4718645755912624e6
3.7988030549148154e6
4.150058352307588e6
4.526947516341166e6
4.93082999641804e6
5.36310769989827e6
5.825224996974956e6
6.318668673285196e6
6.844967833408584e6
7.405693756160268e6
8.002459705235983e6
8.636920697304413e6
9.31077323208186e6
1.0025754987147456e7
1.0783644482861705e7
1.1586260720745524e7
1.2435462801048849e7
1.3333149524064766e7
1.4281258981079469e7
1.5281768139147695e7
1.6336692426747568e7
1.7448085325236946e7
1.8618037970295362e7
1.9848678772203155e7
2.114217305661434e7
2.2500722733158514e7
2.3926565996386617e7
2.5421977063293323e7
2.698926595131294e7
2.863077830073447e7
3.034889524375606e7