0.00006103886806051684
0.00006103886806051684
0.00006103886806051684
0.00006103886806051684
0.00006103886806051684
0.00006103886806051684
0.00006103886806051684
0.00006103886806051684
0.00006103886806051684
0.00006103886806051684
0.00006103886806051684
0.00006103886806051684
0.00006103886806051684
0.00006103886806051684
0.00006103886806051684
0.0000619926003739624
0.00006485379731429913
0.00008583590821010179
0.00018883899806222397
0.0006132498775455051
0.0021602036899542286
0.006939356312630008
0.02068073148475386
0.056501009713142786
0.14289866625586403
0.3370985936519656
0.7473694378561025
1.5678252903561665
3.130359273837337
5.978375633602246
10.968539623163233
19.405737302721082
33.217822188563794
55.17522260929284
89.16009640946531
140.49069054073516
216.30256694218363
325.9912449667065
481.71571386484214
698.9646922712333
997.1832246121676
1400.460476608206
1938.272954069011
2646.281716289367
3567.1795087482237
4751.581818995693
6258.958364114019
8158.598967858304
10530.608839456992
13466.927769157575
17072.368693121854
21465.66969354831
26780.55630864075
33166.80851586535
40791.32995457109
49839.214841531815
60514.81061185995
73042.77386567325
87669.11648845741
104662.24261178356
124313.97265762904
146940.55585875077
172883.66933429395
202511.40367581102
236219.23535746886
274430.9849995443
317599.76248758123
366208.89663536154
420772.85280223686
481838.1335130438
549984.1659355864
625824.1699057963
710006.011194837
803213.0339791231
906164.8720468762
1.0196182370712347e6
1.1443676801969793e6
1.2812463247539657e6
1.4311265672503756e6
1.59492074262008e6
1.7735817510965825e6
1.9681036427727216e6
2.179522156708352e6
2.4089152117639105e6
2.65740334465253e6
2.9261500948463706e6
3.216362331492217e6
3.529290521508489e6
3.8662289373996994e6
4.22851580312409e6
4.617533378156549e6
5.034707978536535e6
5.481509937311064e6
5.959453503835853e6
6.470096684770006e6
7.015041028711823e6
7.5959313568981765e6
8.214455444548231e6
8.872343655084219e6
9.571368533216776e6
1.0313344360621087e7
1.110012667922333e7
1.1933611788244205e7
1.281573622039295e7
1.3748476202475436e7
1.4733847107473059e7
1.5773902904076084e7
1.6870735608299993e7
1.8026474746066835e7
1.9243286829772156e7
2.0523374856922213e7
2.1868977834441878e7
2.3282370335273974e7
2.4765862090509e7
2.632179762193017e7
2.795255591753175e7
2.966055015284611e7
3.1448227458792873e7
3.3318068737231884e7
3.527258852187464e7