0.
0.
0.
0.
0.
3.971889227456797e-12
1.9859446137283985e-12
1.9859446137283985e-12
7.447292301481494e-13
1.290863998923459e-11
1.4435334911038297e-10
1.1046816913864217e-9
6.224571027116591e-9
2.7868388399835543e-8
1.0347801646293327e-7
3.2965228365892627e-7
9.250327692639357e-7
2.334067919996536e-6
5.382983678632295e-6
0.000011497075241550253
0.000022984373553645582
0.00004338695605570276
0.00007789620472420927
0.0001338251324638324
0.00022112777527014775
0.00035295411505157324
0.0005462282042422255
0.0008222375853506452
0.0012072229597445716
0.0017329586225379918
0.0024373160240239024
0.003364804755881673
0.0045670871034686296
0.0061034641786236075
0.008041333161941236
0.01045661651083145
0.013434164871810487
0.017068136409078997
0.02146235551080303
0.02673065385549025
0.03299719719359064
0.04039680051467254
0.04907523378160993
0.059189520337130715
0.07090822856460748
0.08441175725340394
0.09989261396053942
0.11755568494921748
0.1376184943083007
0.16031144940550762
0.1858780689814676
0.21457518978849935
0.24667314723684938
0.28245592557529925
0.3222212726829842
0.36628077517198504
0.4149598893807242
0.4685979244148677
0.5275479739507318
0.592176793785662
0.6628646229733104
0.7400049466248939
0.8240041989618183
0.9152814054794898
1.0142677631542463
1.1214061575426784
1.2371506151060165
1.3619656886887386
1.4963257730656128
1.6407143462658003
1.7956231312899937
1.9615511712398752
2.1390038097109403
2.3284915668779265
2.5305289017024535
2.7456328501979836
2.9743215318043545
3.2171125185530225
3.474521067074536
3.7470582206245626
4.0352287981076875
4.339529298771916
4.660445764363008
4.998451653909907
5.3540057981612055
5.727550509216969
6.119509924330365
6.530288659092158
6.960270834361786
7.409819523152
7.879276640281956
8.36896327137129
8.879180412014033
9.410210065596635
9.96231663181619
10.535748508390828
11.130739826471695
11.747512244113919
12.386276731266458
13.047235291418653
13.730582578144237
14.436507377514411
15.165193939036476
15.916823147454483
16.691573535511733
17.48962214349541
18.31114523532873
19.156318883364246
20.025319435258304
20.918323876713284
21.83551010344737
22.777057115140764
23.743145143106386
24.733955722314487
25.74967171730239
26.790477310380975
27.856557959523325
28.948100332307142
30.065292221501903
31.208322447034323