0.
0.
0.
0.
5.9578338411851955e-12
5.9578338411851955e-12
2.606552305518523e-12
2.805146766891363e-11
4.0997344119655626e-10
3.964069570540241e-9
2.6284349327310426e-8
1.2959951833191798e-7
5.082080673930932e-7
1.662663612754928e-6
4.7013435646084545e-6
0.000011799108496979906
0.000026826284071470777
0.00005614221868762373
0.00010953056447112256
0.000201241200384711
0.00035109809031386727
0.0005856320303757147
0.0009392013708368102
0.001455071127154049
0.0021864291477422526
0.0031973265014465786
0.0045635372643356865
0.006373338971731237
0.008728220390622354
0.011743526465605144
0.015549052249628735
0.02028959832342748
0.026125499743180333
0.03323313908273976
0.04180545208467137
0.05205243194086754
0.06420163519518139
0.07849868887821525
0.0952077959781357
0.11461223241785184
0.13701482677905152
0.16273841088150726
0.19212622781153285
0.22554228238783564
0.2633716181500242
0.30602050493343563
0.35391652109481375
0.4075085153279316
0.46726643392041917
0.5336810004472111
0.6072632357821318
0.6885438070714894
0.7780721943277029
0.8764156624920811
0.9841580253397015
1.1018981845924867
1.2302484241411056
1.369832434706671
1.5212830396528962
1.6852395890848066
1.8623449876309082
2.053242324274945
2.258571082107
2.4789629247599523
2.7150370872102645
2.9673954421754676
3.2366173686168525
3.5232546109175362
3.827826376268993
4.150814961796524
4.492662216836498
4.853767118978743
5.23448467080617
5.635126215536962
6.055961140476638
6.497219812006744
6.959097486591595
7.441758884612534
7.94534310191318
8.469968561408878
9.01573776183774
9.582741647590726
10.171063490511099
10.780782232943599
11.411975286709641
12.064720814676908
12.73909954120704
13.435196147690823
14.153100312128014
14.892907449905904
15.654719208145615
16.43864376007346
17.244795939296868
18.073297247768135
18.924275765318693
19.797865983735935
20.694208583940696
21.61345017117249
22.55574298009857
23.52124455932378
24.51011744266509
25.522528813112782
26.55865016395739
27.61865696071171
28.702728306452666
29.81104661284278
30.943797278332532
32.101168374888026
33.28335034412174
34.49053570364306
35.722918764091794
36.98069535740117
38.26406257651086
39.573218526875515
40.908362089946245
42.269692698766896
43.657410125871
45.07171428357094
46.51280503671537
47.98088202804951