0.
0.
0.
0.
5.9578338411851955e-12
5.9578338411851955e-12
4.716618457604946e-12
8.651271223554336e-11
1.211053849759249e-9
1.0616487540376944e-8
6.4359127704788e-8
2.945327149882149e-7
1.084312105726486e-6
3.360558007078936e-6
9.066886609276956e-6
0.000021840497259362617
0.0000478907358641929
0.00009705329622805437
0.00018397684939022588
0.0003293898099237159
0.0005613948966459631
0.0009167445859358
0.0014420604740307474
0.0021949713178712918
0.003245155300539009
0.004675282900042645
0.006581864410420864
0.00907601257116005
0.012284134306829666
0.01634856778547037
0.021428180872204793
0.02769894612611174
0.03535450497109573
0.0446067307813136
0.055686296852273255
0.06884325119985804
0.08434759623385234
0.10248986694051918
0.12358169796064442
0.14795636593897094
0.1759692912338829
0.2079984805541746
0.2444448908343727
0.2857326938984721
0.33230942147919695
0.38464597070702744
0.4432364512151789
0.5085978560903005
0.5812695400034673
0.6618124882029582
0.7508083600598716
0.8488582894065222
0.9565814211694456
1.074613159781019
1.2036030994825986
1.3442126000352603
1.4971119657037208
1.6629771804307911
1.8424861525252152
2.036314429370522
2.245130362001033
2.4695897341425788
2.710329923850605
2.9679637378193005
3.243073143985411
3.5362032148633693
3.847856664149849
4.178489389845513
4.528507409790802
4.898265481483324
5.288067546307732
5.698168955272718
6.128780255350333
6.580072178640767
7.052181402699533
7.545216644823695
8.059264703253557
8.594396143655725
9.150670426663906
9.728140364510908
10.326855870379617
10.946867019499916
11.588226476451863
12.25099136231632
12.935224642105373
13.640996111723933
14.368383057463221
15.117470652586954
15.888352146146266
16.681128890097167
17.495910242482267
18.332813377212275
19.191963024761105
20.07349116305097
20.97753667356002
21.904244974387055
22.853767639274096
23.826262009533586
24.821890804076883
25.840821731576163
26.883227107627278
27.949283479195365
29.039171257881613
30.153074363185056
31.291179876607988
32.453677707149176
33.64076026859579
34.852622168882064
36.08945991166702
37.351471610257356
38.638856713940235
39.95181574673459
41.29055005862229
42.65526158926129
44.04615264417099
45.46342568345107
46.90728312300517
48.3779271483249
49.87555954084354
51.40038151688183