 0.00000000000000E+00
 0.00000000000000E+00
 0.00000000000000E+00
-0.34151229060655E-15
 0.90887410468434E-15
-0.39682539583981E-15
-0.11948386947351E-14
 0.54828778030424E-14
-0.15335464205141E-13
-0.64641508654599E-13
-0.32964508484410E-12
-0.13984164660295E-11
-0.45280347620613E-11
-0.12198901333305E-10
-0.28603843991445E-10
-0.59945464245803E-10
-0.11466226675527E-09
-0.20278659180325E-09
-0.33655674809576E-09
-0.53114896669425E-09
-0.80164627679828E-09
-0.11676563758600E-08
-0.16500150427719E-08
-0.22765464965758E-08
-0.30808345698571E-08
-0.41070096937982E-08
-0.54108412838932E-08
-0.70643844671820E-08
-0.91608367511879E-08
-0.11817936129496E-07
-0.15182322535395E-07
-0.19427704648266E-07
-0.24773564947463E-07
-0.31474438209458E-07
-0.39827411911348E-07
-0.50175442021862E-07
-0.62902890608324E-07
-0.78440778504506E-07
-0.97263046467270E-07
-0.11988106950866E-06
-0.14683056816266E-06
-0.17868661684960E-06
-0.21603262992119E-06
-0.25944624176773E-06
-0.30950354020255E-06
-0.36672629497205E-06
-0.43153937009412E-06
-0.50423904187783E-06
-0.58484076438932E-06
-0.67296641023954E-06
-0.76758625806882E-06
-0.86666475799083E-06
-0.96658580989221E-06
-0.10613476607855E-05
-0.11413287596935E-05
-0.11915784204336E-05
-0.11894438161607E-05
-0.11016760726671E-05
-0.88123376649339E-06
-0.46486657345166E-06
 0.22671257666805E-06
 0.12826984298797E-05
 0.27863848724662E-05
 0.47859402745790E-05
 0.72521809129204E-05
 0.10617458737665E-04
 0.12803942711226E-04
 0.15091504959573E-04
 0.16303072707133E-04
 0.15499059978104E-04
 0.13347638182268E-04
 0.86922134836808E-05
 0.22380288748954E-05
-0.52560920240635E-05
-0.12751334625435E-04
-0.19148675490223E-04
-0.23531255162760E-04
-0.25356791949770E-04
-0.24547708257090E-04
-0.21462766885506E-04
-0.16772511511969E-04
-0.11285277678156E-04
-0.57762653694701E-05
-0.86024901878372E-06
 0.30730242762568E-05
 0.58626421164113E-05
 0.75365418035706E-05
 0.82498007859596E-05
 0.82211717650408E-05
 0.76809997011819E-05
 0.68363794061657E-05
 0.58531625602578E-05
 0.48511966844358E-05
 0.39081449157752E-05
 0.30674858348884E-05
 0.23476684617039E-05
 0.17503907201481E-05
 0.12673841803609E-05
 0.88525220636505E-06
 0.58883353800265E-06
 0.36308169674075E-06
 0.19433055181702E-06
 0.70737464172746E-07
-0.17719071332343E-07
-0.79128686113719E-07
-0.12009156252561E-06
-0.14572074429153E-06
-0.16004868352656E-06
-0.16617484134721E-06
-0.16647500465015E-06
-0.16272418118257E-06
-0.15625520740876E-06
-0.14809638990953E-06
-0.13893160766146E-06
-0.12932218751685E-06
-0.11961257327681E-06
-0.11008944308891E-06
-0.10090540021143E-06
-0.92192600084650E-07
-0.83978644464046E-07
