 0.00000000000000E+00
 0.00000000000000E+00
 0.00000000000000E+00
 0.00000000000000E+00
 0.00000000000000E+00
 0.00000000000000E+00
 0.00000000000000E+00
 0.00000000000000E+00
 0.10851515385043E-14
-0.32464328337843E-15
-0.78332401379327E-14
-0.21170748120146E-14
 0.38285700796758E-14
-0.14259147057244E-13
-0.20061110582649E-13
 0.51617512115101E-13
-0.45092547077200E-13
 0.86953990873738E-14
 0.67797860234611E-13
-0.15458760645777E-13
 0.30437404336624E-13
-0.51836353488527E-12
-0.24392999139876E-12
-0.13862466036900E-11
-0.22318834869584E-11
-0.32345778909186E-11
-0.54127252912782E-11
-0.87353012162584E-11
-0.13937325838977E-10
-0.19217555283419E-10
-0.29135645708348E-10
-0.39901641232030E-10
-0.55602838167760E-10
-0.74701280731782E-10
-0.98363486682640E-10
-0.12697892250446E-09
-0.16215682699146E-09
-0.20782313220685E-09
-0.26006283407485E-09
-0.32200972150632E-09
-0.39523099636550E-09
-0.47920994303667E-09
-0.57756295995116E-09
-0.69204712425988E-09
-0.82289689730894E-09
-0.97822787199347E-09
-0.11504572052588E-08
-0.13511117766939E-08
-0.15812742448165E-08
-0.18420487661653E-08
-0.21434607201927E-08
-0.24806003614732E-08
-0.28750796527215E-08
-0.33114264595653E-08
-0.38152949820365E-08
-0.43865127638635E-08
-0.50205246802425E-08
-0.57464174096161E-08
-0.65594216717665E-08
-0.74690065425871E-08
-0.84807565799826E-08
-0.95987505364072E-08
-0.10842643075706E-07
-0.12211731163259E-07
-0.13711124249648E-07
-0.15354321614624E-07
-0.17135312760473E-07
-0.19052769989507E-07
-0.21117199917777E-07
-0.23348675768459E-07
-0.25702189797540E-07
-0.28207997929826E-07
-0.30854627846162E-07
-0.33644871617290E-07
-0.36540520057891E-07
-0.39554278813385E-07
-0.42678387409772E-07
-0.45885831938244E-07
-0.49136024661303E-07
-0.52448402531519E-07
-0.55751203220124E-07
 0.30617078437093E-07
-0.62125818128712E-07
-0.65101360537748E-07
-0.67781557124509E-07
-0.70090587353140E-07
-0.71839280091172E-07
-0.72893895274515E-07
-0.72988223093813E-07
-0.71828977642375E-07
-0.69082250957456E-07
-0.64302863079041E-07
-0.56950169007858E-07
-0.46364463889766E-07
-0.31826497812324E-07
-0.12428419802603E-07
 0.12836655927241E-07
 0.45071801105881E-07
 0.85559476521103E-07
 0.13553779105427E-06
 0.19631945163155E-06
 0.26903868679880E-06
 0.35453421658364E-06
 0.45313185918697E-06
 0.56453860006972E-06
 0.68719123125290E-06
 0.81818374783489E-06
 0.95284108433158E-06
 0.10843181379175E-05
 0.12035273373129E-05
 0.12991307858296E-05
 0.13579842842578E-05
 0.13657202921909E-05
 0.13083897122681E-05
 0.11739735712330E-05
 0.95452353991702E-06
 0.64846123741505E-06
 0.26205614446894E-06
-0.18901227949854E-06
-0.68012426855337E-06
