0.
0.
0.
0.
0.
0.
0.
0.
0.
0.
0.
1.9859446137283985e-12
1.9859446137283985e-12
3.971889227456797e-12
5.9578338411851955e-12
4.344253842530871e-12
8.067899993271618e-12
1.675640767833336e-11
5.3496383032308733e-11
1.8953358907270402e-10
6.186217471763961e-10
1.874359350744534e-9
5.203671374121836e-9
1.3349892058097369e-8
3.187614875187781e-8
7.148444873576878e-8
1.5156555521821437e-7
3.056131688389741e-7
5.890427157349103e-7
1.0899843359079096e-6
1.9439042763219204e-6
3.3525304465856307e-6
5.607942920089301e-6
9.122367075099917e-6
0.000014464275833651083
0.000022401245725699585
0.00003394990203082374
0.00005043330264783709
0.00007354570880951437
0.00010542487433538197
0.00014873162292887624
0.00020673648091510657
0.00028341307931907756
0.00038353775941427667
0.0005127949713958216
0.0006778878265798808
0.0008866532937345722
0.0011481812241879567
0.0014729367542830898
0.0018728853759496617
0.0023616199544943322
0.002954489266383422
0.0036687274177920432
0.004523583605728673
0.005540451787061549
0.006742999873276661
0.008157298048192959
0.009811945914839089
0.011738198258871456
0.013970089192950945
0.01654455456416284
0.01950155253511242
0.02288418225354886
0.026738800661531403
0.03111513737897399
0.03606640781547903
0.04164942441761745
0.04792470638901732
0.054956587705643135
0.06281332371509661
0.07156719634724572
0.08129461806775072
0.09207623460663485
0.1039970265721193
0.11714641004914421
0.1316183361098401
0.14751138930731986
0.16492888515738363
0.18397896653726348
0.2047746989943324
0.22743416473155384
0.2520805553888282
0.2788422633177518
0.3078529712837563
0.3392517404732444
0.3731830965239655
0.4097971136547185
0.4492494964718722
0.4917016595076878
0.5373208043077383
0.5862799938898059
0.6387582245813319
0.6949404951147744
0.7550178729623787
0.8191875578986924
0.8876529428760987
0.9606236721977264
1.0383156971521983
1.120951329210261
1.2087592909792841
1.3019747650486828
1.400839440974142
1.5056015606419282
1.616515962191654
1.7338441227444967
1.857854200194673
1.9888210741542782
2.1270263863238186
2.2727585802591364
2.4263129406571196
2.5879916319797185
2.758103736309151
2.9369652900332666
3.124899318832675
3.3222358703249624
3.529312043291339
3.7464720123426924
3.9740670464141936
4.212455519246244
4.4620029095668094