 0.00000000000000E+00
 0.00000000000000E+00
 0.00000000000000E+00
 0.00000000000000E+00
 0.00000000000000E+00
 0.00000000000000E+00
 0.00000000000000E+00
-0.11310613640042E-14
 0.47500724640935E-30
 0.32932654776234E-15
-0.45293840762644E-15
-0.11285987114682E-14
-0.89389160065450E-16
-0.11630302251336E-14
 0.33379025554873E-14
 0.16945965207707E-13
 0.65964027165998E-13
 0.15724787142854E-12
 0.31851747661472E-12
 0.76916523310189E-12
 0.16127900855988E-11
 0.30757812709927E-11
 0.55005825266994E-11
 0.93775561924712E-11
 0.15353530218419E-10
 0.24086640152958E-10
 0.36444896575017E-10
 0.53524608241438E-10
 0.76343278140357E-10
 0.10612000812996E-09
 0.14444982747866E-09
 0.19269386240432E-09
 0.25223677186571E-09
 0.32514450515018E-09
 0.41282154162593E-09
 0.51720662581202E-09
 0.64036528669203E-09
 0.78446066248497E-09
 0.95162625454782E-09
 0.11449248178988E-08
 0.13667800244028E-08
 0.16206590113808E-08
 0.19098645974529E-08
 0.22386521872685E-08
 0.26114089240838E-08
 0.30332299116031E-08
 0.35096356831776E-08
 0.40473418862503E-08
 0.46526644772187E-08
 0.53334663082132E-08
 0.60976024336659E-08
 0.69540933149864E-08
 0.79114417868416E-08
 0.89794284802181E-08
 0.10167832460578E-07
 0.11485872151840E-07
 0.12943806468776E-07
 0.14550005390527E-07
 0.16314223630762E-07
 0.18244224237543E-07
 0.20346971067104E-07
 0.22629041360857E-07
 0.25095532117607E-07
 0.27749922817169E-07
 0.30592969583181E-07
 0.33626065261567E-07
 0.36846651306203E-07
 0.40251023958645E-07
 0.43832905179475E-07
 0.47582761864364E-07
 0.51488454190819E-07
 0.55533513914188E-07
 0.59697869534736E-07
 0.63955303811364E-07
 0.68273103423355E-07
 0.72609583707909E-07
 0.76913985602232E-07
 0.81121161614888E-07
 0.85149330695452E-07
 0.88897305031515E-07
 0.92238846216251E-07
 0.95015508274350E-07
 0.97033545652264E-07
 0.98053476701645E-07
 0.97784865140420E-07
 0.95877006021636E-07
 0.91912217710202E-07
 0.85401037767275E-07
 0.75778453863701E-07
 0.62409493204462E-07
 0.44598828800988E-07
 0.21612445713572E-07
-0.72788293668614E-08
-0.42749252738587E-07
-0.85332115320995E-07
-0.13531579421062E-06
-0.19261846825050E-06
-0.25664405372215E-06
-0.32613775334922E-06
-0.39906148973818E-06
-0.47251492222916E-06
-0.54274454883636E-06
-0.60526335871101E-06
-0.65510678088375E-06
-0.68723962151424E-06
-0.69707124080160E-06
-0.68104158099880E-06
-0.63718294166035E-06
-0.56556936120052E-06
-0.46854439720346E-06
-0.35067680219327E-06
-0.21841231972764E-06
-0.79456598661791E-07
 0.58011587757408E-07
 0.18619090357186E-06
 0.29842155955706E-06
 0.38976462903055E-06
 0.45732436635106E-06
 0.50028163018389E-06
 0.51969110431798E-06
