120.61201692305127
121.16134745742434
121.74089674249664
122.35048643373236
122.98994149964378
123.65909501937975
124.35778027641821
125.08584479544223
125.8431438576931
126.62954483490947
127.44492697188797
128.2891829450069
129.16221840222954
130.06395261208806
130.99431793543462
131.95326164626687
132.94074494972998
133.9567387413573
135.00123146120157
136.07422049368137
137.17571791712143
138.30574568289916
139.4643387158867
140.65154351022593
141.86741129166987
143.11200613358022
144.38542475285428
145.68772859126787
147.01901615281056
148.3793893220786
149.7689903397844
151.187841854855
152.63615944250293
154.1140400966608
155.62162565332014
157.1591460499382
158.72646428399682
160.3240218650034
161.951871076328
163.61017651201232
165.2990988901628
167.01880438770078
168.76945787476487
170.5512404299106
172.36431502808898
174.2088556001305
176.08504398927494
177.99304815130034
179.93304724424127
181.90521745497102
183.909729258352
185.9467634332495
188.01648706532842
190.11907169849343
192.25468780007787
194.4235019405868
196.62567554687047
198.8613714174501
201.13074545485898
203.434129491268
205.77113825632685
208.14245418867003
210.5480376162187
212.98802458795953
215.46254455357953
217.97173280631958
220.51571605472446
223.094566629085
225.7084410634944
228.3574280190415
231.04162714506288
233.76112997808016
236.51602542177835
239.30648473928974
242.13230729905754
244.9938388675735
247.89101621008172
250.82401021134285
253.79275599386438
256.79733972211767
259.8378072452632
262.9141898444545
266.02652145334946
269.1748255883583
272.3591245004141
275.57943787720086
278.8357757074048
282.12814508158635
285.4565500998139
288.8209926150381
292.22147089805264
295.6579733551451
299.1304927164828
302.6390146416731
306.1835265058216
309.76400542671877
313.3804352982098
317.03278763961384
320.72100628556257
324.4451713420906
328.2051460806721
332.0009394558872
335.8325178276776
339.6998503708251