146.12916710006658
146.6979734927613
147.29832996859903
147.93010861336856
148.59318841840837
149.28745535848344
150.01280306544055
150.7691341621447
151.55636238690875
152.3744119002477
153.2232173180794
154.10272403341207
155.01289346685047
155.95369060762195
156.92509749820883
157.92710557375926
158.9597177958442
160.02294536570707
161.11681306640904
162.2413528540477
163.39660833186988
164.58263258074064
165.79948549723582
167.0472372031726
168.32596519900488
169.63575585628269
170.97670180151553
172.34890438644544
173.75246943431543
175.18751127878267
176.65414636109998
178.15250473092362
179.68271141412805
181.24490286846418
182.83921821286438
184.4657993118358
186.12479433963247
187.81689413772932
189.54062313401366
191.29776087592825
193.08793306476215
194.9112850815904
196.76798083993376
198.65817931367778
200.58204042276756
202.539727057395
204.53139545029913
206.55720476127715
208.61731378721586
210.7118757921977
212.84104492512918
215.0049722903887
217.20380654271386
219.4376894788234
221.70676542589388
224.01116836033475
226.35103354972776
228.72648674065317
231.13765694246538
233.58465742656117
236.06760152728447
238.58659730480488
241.14174904160012
243.73315031661588
246.3608891450715
249.02505508354994
251.72572505861203
254.4629633939626
257.2368399328182
260.04741236686755
262.8947324899908
265.77884585833675
268.6997873426721
271.6576045850155
274.6523097024398
277.68393076836895
280.75247901595293
283.8579607617883
287.0003990604384
290.1797655983913
293.3960778396294
296.6493122620709
299.9394525051667
303.26643941983457
306.6303675963114
310.0310882566188
313.46861342647753
316.9428928968964
320.45391555790115
324.00161192700335
327.5859443965088
331.2068671734886
334.8643183541471
338.5582824871158
342.2886672747737
346.0553914932482
349.85847279633583
353.6978426427448
357.57339897229997
361.485086365686
365.43285474971793
369.4166426210219
373.4363886528469
377.4920303236893