165.28787205557092
165.86992465510474
166.48446245060444
167.13139948907272
167.81065796199795
168.5221705303458
169.2658750750047
170.0417212608483
170.84966758688876
171.68968206542084
172.56174425176314
173.46583991324314
174.40196683700472
175.3701316175517
176.3703371479575
177.4026458522336
178.46705457186582
179.56361621085676
180.69238086426557
181.8534079403864
183.0467628605987
184.27251797596804
185.5307539151824
186.82155721829974
188.14501829607792
189.50124705795096
190.89033860518916
192.3124074842447
193.76756562748562
195.25594694014615
196.77766328652936
198.3328510590362
199.9216417844437
201.54416908060395
203.200585326101
204.89101946846287
206.6156236905243
208.37454426683493
210.16792752894287
211.99592448371982
213.8586853638461
215.75636040052075
217.68909934254094
219.6570529007543
221.66036993461879
223.69919685906552
225.77368012415553
227.88396839304434
230.03018476201916
232.2124837611372
234.43103429697823
236.68585163941705
238.97717484511034
241.3050890516914
243.66970945907448
246.07115070333344
248.50949912401904
250.98491345223113
253.49743046256003
256.0471513998263
258.63417581331714
261.2585648678096
263.920392335717
266.61972200988714
269.35660467754633
272.13109422740945
274.94322993786295
277.7930517645108
280.68058106599705
283.60584270734233
286.56885306373493
289.5696180410138
292.60813968474395
295.6844119066881
298.79842698819135
301.95016591161743
305.1396085590505
308.36672487518985
311.6314815143699
314.9338426526209
318.2737618372686
321.65119827256143
325.06609499181417
328.5183988106618
332.0080468803705
335.53497878423997
339.0991300932184
342.7004368099515
346.3388212548121
350.01420964334733
353.7265141019816
357.4756877804417
361.2616480459217
365.0842726094019
368.94353937913695
372.83932186248103
376.77155001209263
380.7401430258643
384.745013620839
388.7860831895174
392.86326299723436
396.9764697512087
401.1256226665059
405.3106361213747