171.40204075378438
171.98812192165093
172.60699211538395
173.25856053540738
173.9427723472033
174.6595720612748
175.4089138727092
176.1907611811091
177.00509334209391
177.85188538804945
178.73113134105355
179.64283357681256
180.58699982453803
181.56364884368244
182.57280789044347
183.61451142862916
184.68880164851788
185.79573408093339
186.93536177245267
188.10775273743846
189.31297889202355
190.5511206380974
191.82226300465783
193.12649814999241
194.46392656582714
195.83463312625767
197.2387761785328
198.67642242020662
200.14770659819243
201.6527513711063
203.19168455169157
204.76463719822732
206.37174365707443
208.01314210993291
209.6889721422673
211.39937678475548
213.1444996760841
214.9244852545136
216.73948461668854
218.5897052583529
220.47510678500396
222.39579201316684
224.35254390649024
226.3448119151695
228.3729705150677
230.43716543475546
232.53753586993324
234.6742202487772
236.84733760185145
239.057062718172
241.3034859686458
243.5867379741162
245.90694217344176
248.2642061088726
250.6586444989787
253.09035919032968
255.5594464096714
258.0660012486183
260.610105148875
263.19183257221715
265.81126973207176
268.46846813731173
271.1634915166058
273.89639206227054
276.66720496153886
279.4759847742776
282.32274470636514
285.20751968624893
288.1303184609866
291.09115258714183
294.09002451902364
297.126929065429
300.2018582062176
303.3147925799532
306.46570936204097
309.6545810671008
312.8813715802718
316.14608089335906
319.4485461145966
322.7888361770936
326.166855637012
329.582544253762
333.03584440087167
336.5266849017725
340.05500180323736
343.6207145087182
347.2237506164288
350.8640304668634
354.54147290864694
358.25599726578145
362.0075241813467
365.7959424839904
369.6211913439145
373.48317080741714
377.38179398251395
381.31696531526
385.2885315925208
389.2966020729168
393.3408772824889
397.4213503528138
401.5379122771613
405.6904819656274
409.8789705160701
414.1032849177935