181.4378381910616
182.03037924722497
182.65617020866128
183.31516538964982
184.00732471153378
184.7326209356194
185.4910324184899
186.2825482508904
187.10716545872546
187.9648901574063
188.85573645758694
189.7797260245717
190.73688914600828
191.72726305621518
192.7508916019137
193.80782904126224
194.8981298529017
196.0218637902935
197.1790992835272
198.36991619744455
199.59439759060587
200.85263316613245
202.1447182925973
203.4707374866045
204.8308444925588
206.22510160504612
207.65363846754812
209.11657770035188
210.61403758440767
212.14614943072831
213.71304061093593
215.31484524556342
216.95170008008736
218.6237358848017
220.33110724311382
222.073941064131
223.85239136994196
225.66659280687713
227.5166953378654
229.40283812816253
231.32516977877142
233.28382652559782
235.27895871058692
237.31069845165084
239.3791858008274
241.4845550742055
243.62693813961266
245.80646616661085
248.02326139185254
250.27744466355088
252.56913159183955
254.89843699794673
257.26546301254416
259.6703104650314
262.1130757836614
264.5938452488726
267.1127020230913
269.6697211061847
272.2649646352941
274.8985088273466
277.57039754422186
280.28067582908415
283.0293889363669
285.8165651062215
288.6422311533443
291.50640375283933
294.4090924014588
297.35030158692155
300.33002604401645
303.3482465955064
306.4048961212338
309.5001430655165
312.63374522642806
315.8057423216952
319.0160870255525
322.264730832374
325.5516113453652
328.8766795940549
332.23988647515455
335.6411312684476
339.08034814029304
342.557472342503
346.07241019545955
349.6250856525118
353.215405507572
356.8432802272291
360.5086182868465
364.21132446012507
367.95129840818964
371.7284458473564
375.5426661419654
379.39385514659705
383.2819131547065
387.2067355051518
391.1682013757608
395.1662627551671
399.20076140016295
403.27161089282913
407.3787098401436
411.5219507580413
415.70124725803566
419.9164854302746
424.1675709167225
428.45440778494316