0.
0.
0.
0.
0.
3.971889227456797e-12
3.971889227456797e-12
4.840739995962971e-12
2.8175589207271654e-11
2.980158135976178e-10
2.4579788241039672e-9
1.4745142270779926e-8
6.834901455530671e-8
2.5805289837863796e-7
8.261616478186988e-7
2.3114480108461693e-6
5.784057233163966e-6
0.000013181532114010084
0.000027753140186133193
0.00005460999303419232
0.000101370257978488
0.00017888184865712419
0.0003020011038552065
0.0004904048206461928
0.0007694132025330838
0.001170804373282839
0.001733604384824867
0.0025048407385062227
0.003540251576339377
0.004904946694102513
0.006674019640499857
0.008933113220600034
0.011778942407713258
0.015319780367836775
0.0196759137768041
0.024980073926038716
0.031377849655425116
0.039028087376298634
0.04810328254333012
0.05878996508938728
0.07128908042888467
0.08581636532932868
0.10260271679953668
0.12189455026889782
0.14395414186641675
0.16905994826900933
0.1975068968121395
0.2296066373094582
0.2656877470195404
0.30609587989247755
0.3511938511925912
0.4013616495261825
0.45699636840811464
0.5185120506881257
0.5863394397231384
0.6609256321944237
0.7427336278273032
0.8322417718394329
0.9299430857621195
1.0363444820040661
1.1519658563126656
1.277339051195562
1.4130066810088842
1.5595208075372358
1.71744145233897
1.8873349300431652
2.0697719856626637
2.265325719125185
2.4745692830355055
2.6980733457917028
2.9364033226533315
3.190116393073797
3.4597583435350994
3.7458603003837156
4.048935445364305
4.369475833361053
4.707949453402207
5.064797684954356
5.4404332970291165
5.835239115726621
6.249567446748522
6.683740287474162
7.138050305634574
7.612762506772154
8.108116468665667
8.624328992802015
9.161597012926675
9.720100607108389
10.300005978843478
10.901468299440564
11.524634333473358
12.169644797590838
12.836636427712202
13.525743749536453
14.237100561925232
14.970841152479291
15.727101270459833
16.506018884865764
17.307734755854884
18.13239284659181
18.980140600573467
19.851129106988648
20.745513173932345
21.66345132674215
22.605105746133702
23.570642158687054
24.560229690134474
25.57404069026234
26.612250536691743
27.67503742359221
28.76258214032437
29.87506784409619
31.012679830056015
32.175605301566314
33.36403314297908
34.57815369677553
35.818158546642785
37.084240307765775
38.37659242536998
39.695408982440185