0.
0.
0.
0.
0.
0.
0.
0.
0.
0.
0.
0.
0.
0.
0.
0.
0.
0.
0.
1.9859446137283985e-12
5.9578338411851955e-12
3.971889227456797e-12
3.971889227456797e-12
5.9578338411851955e-12
1.9859446137283985e-12
5.9578338411851955e-12
6.08195537954322e-12
4.2201323041728465e-12
4.840739995962971e-12
8.440264608345693e-12
1.266039691251854e-11
1.899059536877781e-11
4.716618457604946e-11
9.892486607134585e-11
2.1311668136072876e-10
4.4584456578202544e-10
9.044736500149275e-10
1.7715867169840895e-9
3.354756938740697e-9
6.1821214609981465e-9
1.107300655845776e-8
1.9332798450030885e-8
3.293850499868414e-8
5.4868670760395056e-8
8.948269240537418e-8
1.4307452490068023e-7
2.2453648349735885e-7
3.4630666343272933e-7
5.254036170741372e-7
7.849254938592423e-7
1.1556744188685107e-6
1.6783555541203028e-6
2.4060152179488416e-6
3.4070886893785923e-6
4.768973667213591e-6
6.602163393143229e-6
9.045101541593585e-6
0.000012269709103587439
0.000016487805193923523
0.000021958269484547476
0.000028995205429886578
0.000037977094230303653
0.00004935694139549321
0.0000636735503314459
0.00008156396502818276
0.00010377708122765155
0.00013118855627527892
0.00016481695000894003
0.00020584128609481313
0.00025561987965116854
0.0003157106363329947
0.00038789276069257087
0.0004741898756778094
0.0005768946340714891
0.0006985947788012057
0.0008422007041269643
0.0010109745081490552
0.0012085604662593007
0.0014390170505260624
0.0017068504019218545
0.002017049248939244
0.002375121304494274
0.0027871310668927244
0.003259739039257319
0.0038002423969567957
0.00441661698499726
0.005117560673675533
0.0059125381019113
0.006811826670979635
0.007826563918723273
0.008968796098488541
0.010251528014419486
0.011688774179267013
0.013295611126155947
0.015088230929295895
0.017083995958584303
0.01930149479809719
0.021760599365704025
0.024482523209230615
0.027489880947022628
0.03080674894376666
0.034458727158142695
0.03847300214803412
0.042878411387081684
0.047705508695600744
0.05298663102889155
0.05875596651967364
0.06504962380468159
0.07190570277208008
0.07936436664839859
0.08746791557107676
0.09626086160355027
0.10579000538402443
0.11610451431074831
0.1272560024128593
0.1392986120049784
0.1522890971518697
0.16628690897990453
0.18135428305651433
0.19755632877817825