0.
0.
0.
0.
0.
0.
0.
0.
0.
0.
0.
0.
0.
0.
0.
0.
0.
0.
0.
1.9859446137283985e-12
5.9578338411851955e-12
3.971889227456797e-12
3.971889227456797e-12
5.9578338411851955e-12
3.971889227456797e-12
5.9578338411851955e-12
6.08195537954322e-12
4.344253842530871e-12
5.0889830726790214e-12
9.184993838493843e-12
1.4770463064604964e-11
2.631376613190128e-11
5.957833841185196e-11
1.2846579220055578e-10
2.717020474657165e-10
5.656218502975195e-10
1.140428694433533e-9
2.2201619566099913e-9
4.1747038211338096e-9
7.65680945822984e-9
1.3641205308623653e-8
2.36792864802522e-8
4.013805070960302e-8
6.654143259219879e-8
1.0800063295608463e-7
1.7187878969973527e-7
2.6855271167295835e-7
4.1240423740375983e-7
6.231014176172755e-7
9.271509033160154e-7
1.3598316352259422e-6
1.9674801695607203e-6
2.8103262345655047e-6
3.96576978737267e-6
5.532269121190873e-6
7.633890788536646e-6
0.000010425546288937722
0.00001409899793780956
0.000018889745005281917
0.000025084729677786257
0.000033031108975414605
0.00004314596676580989
0.0000559271397688631
0.00007196516574423864
0.00009195645166950037
0.0001167176274030503
0.00014720124432805712
0.0001845126802094944
0.00022992855287259895
0.0002849163508930131
0.0003511556284665531
0.000430560536447338
0.0005253038115657512
0.0006378422685099883
0.0007709437403818365
0.0009277154676508061
0.001111634026339459
0.0013265766807516342
0.0015768541556545842
0.001867245027378338
0.0022030313614676716
0.0025900359114106692
0.003034660695488723
0.0035439269274201504
0.00412551639153028
0.0047878141084131635
0.00553995237151569
0.006391856077068115
0.007354289349719348
0.008438903433715422
0.009658285835347214
0.011026010678313818
0.012556690319664278
0.014266028102196121
0.01617087231877658
0.018289271373816075
0.020640530088149277
0.023245267120637687
0.02612547364004845
0.0293045730863479
0.03280748211214273
0.036660672749573055
0.04089223565470461
0.04553194467406354
0.05061132254638676
0.05616370793309344
0.06222432365645903
0.06883034627482644
0.0760209770613837
0.08383751428609351
0.09232342703039982
0.1015244304516738
0.11148856260066864
0.12226626284920308
0.13391045204623717
0.1464766143776405
0.1600228810416102
0.17461011591723244
0.19030200307165665
0.20716513652963264