0.
0.
0.
0.
0.
0.
0.
0.
0.
0.
0.
0.
0.
0.
0.
0.
0.
0.
1.9859446137283985e-12
1.9859446137283985e-12
5.9578338411851955e-12
5.9578338411851955e-12
6.08195537954322e-12
2.358309228802473e-12
7.199049224765445e-12
7.943778454913594e-12
1.6011678448185214e-11
3.7857069199197596e-11
9.346351838359275e-11
2.2801126596369175e-10
5.249099857160873e-10
1.1677354328722983e-9
2.4782106348563252e-9
5.053484312708626e-9
9.925378814799462e-9
1.8819307645843736e-8
3.453086021427925e-8
6.149676090871358e-8
1.0651229158963355e-7
1.7978942770390729e-7
2.963000815728948e-7
4.775704033509517e-7
7.539695821927509e-7
1.167503077352492e-6
1.775453475268557e-6
2.654653621764562e-6
3.90668570092656e-6
5.664148876303966e-6
8.097891852949684e-6
0.000011425562368982201
0.000015921341178988245
0.000021927145884682662
0.000029865253598873295
0.00004025247140500914
0.00005371594075265948
0.00007101060843288856
0.00009303836686419962
0.00012086904577534507
0.0001557630580558784
0.00019919597780669357
0.00025288481190483415
0.0003188161148972679
0.00039927590824946537
0.0004968813034103347
0.000614613894850294
0.0007558548515784741
0.0009244215809074485
0.0011246060916900653
0.0013612148286447532
0.0016396100311415601
0.001965752430390741
0.0023462454424200046
0.0027883805146373362
0.00330018384393682
0.0038904641034160845
0.004568861457227068
0.005345897455944982
0.006233026073731304
0.007242685563085343
0.00838835125267125
0.009684589230379856
0.011147110709307186
0.012792827312480626
0.014639906935246721
0.016707830442128067
0.019017448965917918
0.0215910418724386
0.024452375478221166
0.027626762241460507
0.031141120790542567
0.03502403644558232
0.03930582247749197
0.04401858205939898
0.0491962707754941
0.05487476001114214
0.061091900966082996
0.06788758942154682
0.07530383139508652
0.08338480953467799
0.09217695041257755
0.10172899275952407
0.11209205662426712
0.12331971352507456
0.1354680577206922
0.1485957784593812
0.1627642334983395
0.17803752375424264
0.19448256925904692
0.21216918635378051
0.2311701663307091
0.2515613554614424
0.27342173649203316
0.29683351169964933
0.321882187577969
0.3486566610981742
0.3772493078086811
0.40775607168200484
0.44027655678484623
0.47491412103937714
0.5117759718114718