0.
0.
0.
0.
0.
0.
0.
0.
0.
0.
0.
0.
0.
0.
0.
0.
0.
0.
0.
1.9859446137283985e-12
1.9859446137283985e-12
1.9859446137283985e-12
1.9859446137283985e-12
2.1100661520864233e-12
2.358309228802473e-12
5.0889830726790214e-12
7.447292301481495e-12
1.241215383580249e-11
3.065801997443215e-11
7.782420455048162e-11
1.834516336931608e-10
4.1580715349938345e-10
9.131621576999892e-10
1.9158159445561143e-9
3.861421058318155e-9
7.518041578345568e-9
1.4146255848202457e-8
2.578289831234401e-8
4.566195565268856e-8
7.872098266511835e-8
1.323882810557461e-7
2.1751492807244538e-7
3.4974445768063155e-7
5.511163867173089e-7
8.522243160785018e-7
1.2947756892048122e-6
1.9348426592925545e-6
2.846753175399741e-6
4.127681369299179e-6
5.903205345601523e-6
8.333725630625312e-6
0.000011621888881606162
0.000016021170518709604
0.000021845568368933774
0.000029480665246458644
0.000039395857406605063
0.000052158117017886345
0.00006844709862207722
0.00008907179810648455
0.00011498868115111066
0.00014732145541734919
0.00018738231481812582
0.0002366948975341191
0.0002970187987763708
0.0003703756840961334
0.00045907704308496844
0.0005657535154464928
0.0006933857868332206
0.0008453370494836394
0.0010253869921607603
0.0012377672131441047
0.0014871982121717822
0.0017789276496634734
0.002118770086713366
0.002513147978338264
0.002969134036530993
0.0034944946955130693
0.004097734948157998
0.004788144180972351
0.005575843167751409
0.006471832185293496
0.007488040080009442
0.008637374357789985
0.0099337722415247
0.011392252619192961
0.013028968977976407
0.01486126309911231
0.01690771966367492
0.01918822176158924
0.021724007105282783
0.024537725152899943
0.027653495012861466
0.031096964191457414
0.0348953681143379
0.039077590518468215
0.04367422468264896
0.04871763551099958
0.05424202243812625
0.060283483388702444
0.06688007949046709
0.07407190087316216
0.08190113344927152
0.0904121266656386
0.09965146243051491
0.10966802509862059
0.12051307266564527
0.132240309166976
0.1449059583666687
0.1585688387798571
0.17329044004858327
0.18913500084767393
0.20616958819381104
0.22446417843495978
0.2440917398112991
0.2651283167763201
0.28765311604842664
0.3117485945555137
0.3375005493299915
0.3649982132351637
0.3943343296034802