3.971889227456797e-12
3.971889227456797e-12
5.9578338411851955e-12
5.9578338411851955e-12
4.344253842530871e-12
4.3070173810234644e-11
1.2384847097363725e-9
1.737478118243304e-8
1.4019552581846585e-7
7.664183518823691e-7
3.14859317359417e-6
0.000010420269882342121
0.00002916018132435207
0.00007144517208853538
0.00015724933403993117
0.00031700381495036544
0.0005941377851072227
0.0010474597442773615
0.0017532899934104545
0.0028073102524711277
0.004326134861000165
0.006448642788279277
0.009337124879152784
0.013178308525858284
0.018184320746902218
0.024593642973747828
0.03267210012955347
0.042713913056937586
0.05504282878136738
0.07001332841070793
0.0880118980219836
0.10945833414825958
0.13480704354463746
0.16454828629686477
0.19920930290274372
0.23935525995301501
0.2855899447285192
0.3385561363398562
0.39893557921080486
0.46744848187939847
0.5448524586678085
0.6319408218267004
0.7295401143356683
0.8385067472843146
0.9597225699338333
1.094089157255563
1.2425205575118592
1.4059342167756814
1.5852398175970384
1.781325874617479
1.995044168107037
2.227192498246362
2.478496793433696
2.7495941989714034
3.0410192042190913
3.3531948848218853
3.686430779442834
4.040927852183098
4.416789735356114
4.814038434260769
5.2326322153367135
5.672483533989412
6.133475399522589
6.615475253171027
7.118346037301813
7.6419545581201085
8.186177481295646
8.750905391441664
9.336045344681429
9.941522293842635
10.567279698143398
11.213279561443533
11.879502083343507
12.565945058568621
13.27262312177759
13.999566906273442
14.746822163666184
15.514448876253857
16.30252038278576
17.111122530606227
17.9403528617393
18.79031983686262
19.66114209857598
20.552947773816808
21.46587381418719
22.400065372437904
23.35567521288266
24.332863153555326
25.331795537756154
26.352644732788537
27.39558865379171
28.46081031071075
29.548497376617554
30.65884177576666
31.79203928993354
32.948289181752614
34.12779383389348
35.330758403127696
36.55739048835746
37.80789981194793
39.08249791366285
40.381397856723694
41.70481394555007
43.052961454830694
44.42605636964155
45.82431513642299
47.247954424653315
48.69719089912749
50.17224100277545
51.673320750028196
53.20064553073339
54.75442992466038
56.3348875266742
57.94223078265154
59.57667083623606
61.23841738652446
62.927678556804985
64.6446607744381
66.3895686619873
68.16260493968822