0.
0.
0.
0.
0.
0.
0.
0.
0.
0.
0.
1.9859446137283985e-12
1.9859446137283985e-12
3.971889227456797e-12
4.096010765814822e-12
3.2271599973086477e-12
1.315688306595064e-11
3.8601798429345743e-11
1.474563875693336e-10
5.250341072544454e-10
1.6768819832169164e-9
4.8660607897880086e-9
1.2972686703027331e-8
3.201429602407029e-8
7.3838165467652e-8
1.603270463678306e-7
3.299268405017742e-7
6.470558815480675e-7
1.2152822982064918e-6
2.1951806351923636e-6
3.827503482624903e-6
6.4627670859102505e-6
0.00001059769553946954
0.00001691945646179431
0.00002635792050734907
0.000040146540995191324
0.00005989184335222127
0.00008765172693741192
0.00012602228048647668
0.0001782330408000622
0.00024825003037699323
0.00034088621974969906
0.0004619187978860185
0.0006182123273172607
0.0008178473370308604
0.0010702533414129708
0.0013863455254930549
0.0017786644381498392
0.002261517723392925
0.0028511233685337227
0.003565753637134911
0.004425879130673931
0.005454312457237694
0.006676350947460354
0.00811991805874467
0.0098157031136482
0.011797299051083655
0.01410133811548816
0.016767625124133035
0.019839268509927375
0.02336280881128983
0.027388344844919515
0.03196965753577286
0.03716433142882251
0.04303387405574779
0.04964383332772035
0.05706391287559192
0.0653680857500642
0.07463470632582006
0.0849466207605077
0.09639127587700887
0.10906082675670496
0.12305224289851868
0.1384674130786515
0.15541324880613414
0.1740017864664122
0.1943502878508558
0.21658133916391797
0.24082294827869022
0.26720864007242195
0.2958775497227231
0.3269745136504223
0.36065015804131006
0.39706098464962103
0.4363694537344319
0.4787440638583917
0.5243594285016169
0.5733963491665474
0.6260418850713204
0.6824894191021238
0.7429387201420661
0.8075960017306444
0.8766739769774707
0.950391909981357
1.028975663630761
1.1126577441966823
1.2016773426314993
1.2962803729827213
1.396719508007556
1.5032542123577946
1.6161507734456109
1.7356823302496893
1.8621289003959363
1.9957774054332191
2.136921694602765
2.285862567029353
2.4429077922435702
2.608372128832066
2.782577340796894
2.965852211085009
3.158532551414968
3.3609612074223905
3.5734880575705414
3.796470004386856
4.03027095554967
4.275261792721801
4.5318203247937126
4.800331222399105
5.081185929712285
5.374782549127221