0.
0.
0.
0.
0.
0.
0.
0.
0.
0.
1.9859446137283985e-12
1.9859446137283985e-12
5.9578338411851955e-12
4.096010765814822e-12
4.716618457604946e-12
6.950806148049394e-12
3.28922076648766e-11
1.2523863220324713e-10
4.738960334509391e-10
1.6034020325089658e-9
4.886168479002008e-9
1.354203219947559e-8
3.454786486503429e-8
8.18670912978792e-8
1.818481075391135e-7
3.8141394407114324e-7
7.600794649184247e-7
1.4468837796671894e-6
2.6431454450926207e-6
4.652275962186298e-6
7.917532707384713e-6
0.000013068575804513517
0.00002097756770884381
0.00003282532390508161
0.000050177790020862495
0.00007507294626656223
0.00011011797250619729
0.0001585964301847139
0.00022458475895612318
0.0003130776532147336
0.00043012126771653665
0.0005829535622991146
0.0007801506581800152
0.0010317783229570915
0.0013495474798773588
0.001746972792465206
0.0022395333805656655
0.002844834753523487
0.0035827710639681465
0.004475687072768031
0.0055485390462911574
0.0068290540698750565
0.008347887307457563
0.010138776805959454
0.01223869559878242
0.014688000875073857
0.01753058008939575
0.020813994018748432
0.02458961666206654
0.028912772181898694
0.033842868902420796
0.039443530491503974
0.045782724552614264
0.05293288874557656
0.060971054564916985
0.06997896903581807
0.0800432143558626
0.09125532572249287
0.1037119072348484
0.11751474618624379
0.13277092553640424
0.14959293461298317
0.16809877796615133
0.18841208228788298
0.21066220114856465
0.2349843174678896
0.2615195433953354
0.29041501743576437
0.32182399848278387
0.3559059565165886
0.3928266597053811
0.432758257552653
0.4758793599804781
0.5223751119651587
0.572437263643181
0.6262642355967852
0.6840611793948673
0.7460400330832498
0.8124195718211809
0.8834254535364628
0.9592902597647902
1.0402535317832664
1.1265618022215542
1.2184686223315002
1.31623458518359
1.4201273449759144
1.5304216328813876
1.6473992694139752
1.7713491737821216
1.9025673702424069
2.041356991532749
2.1880282795192016
2.342898582684105
2.506292350404953
2.6785411232761405
2.8599835189567493
3.0509652123740314
3.251838909084196
3.4629643099963254
3.684708065517904
3.9174437165003986
4.1615516191127115
4.417418850093499
4.685439088561655
4.966012469801376
5.259545406339859
5.566450370935927
5.88714563617503
6.222054964980876
6.5716072467923645