0.
0.
0.
0.
0.
0.
0.
0.
0.
0.
0.
0.
0.
0.
1.9859446137283985e-12
2.1100661520864233e-12
2.730673843876548e-12
7.943778454913594e-12
2.2341876904444482e-11
7.782420455048162e-11
2.6288941824229673e-10
8.303730916151866e-10
2.383754144165868e-9
6.306739485509603e-9
1.5519412427057287e-8
3.578014349785276e-8
7.783090711355294e-8
1.6071877394288854e-7
3.167144751081775e-7
5.983138499210246e-7
1.0878885437327344e-6
1.9105572873404998e-6
3.2508078810396953e-6
5.37353418179556e-6
8.649998977786165e-6
0.000013589175918053197
0.000020874974182463218
0.0000314095843294546
0.00004636330080565597
0.00006723081652487925
0.00009589416452785644
0.00013469216658950318
0.0001864961847179002
0.000254792048816902
0.0003437676835133006
0.0004584061706385187
0.0006045836910520973
0.0007891719270209072
0.0010201443581668971
0.001306685961075667
0.001659305732421796
0.0020899515100803305
0.002612126639553185
0.003241007818805425
0.003993563923289342
0.004888675100436387
0.005947252003413467
0.007192354560044083
0.008649310253931827
0.010345831400199406
0.012312131408892413
0.0145810397518095
0.017188115546866854
0.020171759659458544
0.023573325318826777
0.02743722716826657
0.03181104875872224
0.036745648621068126
0.04229526482447893
0.04851761822258715
0.055474014354038884
0.0632294441507382
0.07185268356735118
0.08141639211556147
0.09199721043477041
0.10367585702050834
0.11653722405792966
0.13067047248724373
0.14616912624361358
0.16313116578273493
0.18165912073408932
0.2018601617805474
0.22384619162009367
0.24773393493358584
0.273645027414776
0.301706103476079
0.33204888288416523
0.36481025583435206
0.4001323666602799
0.438162695835799
0.47905414026956533
0.5229650917841102
0.570059513596429
0.6205070148304996
0.6744829229812975
0.7321683542087953
0.7937502816334808
0.8594216014407577
0.9293811970609659
1.003834001330689
1.0829910568489627
1.1670695746343829
1.2562929912521676
1.350891024566822
1.4510997284314529
1.557161546319569
1.6693253644441335
1.787846564208969
1.912987074603313
2.0450154243668734
2.184206794359188
2.3308430701445824
2.485212894825995
2.64761172214429
2.8183418697075378
2.997712572134141
3.18604003360503
3.3836474793997926
3.5908652055518684
3.808030625577576