0.
0.
0.
0.
0.
0.
0.
0.
0.
0.
1.9859446137283985e-12
1.9859446137283985e-12
5.9578338411851955e-12
4.2201323041728465e-12
6.33019845625927e-12
2.271424151951856e-11
8.055487839435816e-11
3.218471489623586e-10
1.1753068467121378e-9
3.8099106198995745e-9
1.1165725347611205e-8
2.980989750283177e-8
7.346518024488614e-8
1.6871108391930012e-7
3.6408446725021085e-7
7.435189210276203e-7
1.4455077682929525e-6
2.6892064514911303e-6
4.80871589433737e-6
8.296801458908415e-6
0.00001385897108632512
0.0000224787257412242
0.00003549456764131554
0.00005468889337248037
0.00008238900734796856
0.000121579724867997
0.00017602719104979717
0.00025041320714237075
0.0003504790381131958
0.0004831777290146307
0.0006568337967762484
0.000881309033989963
0.0011681732504981947
0.0015308786442958173
0.001984936848244228
0.0025480972136565495
0.0032405256420035425
0.004084982870608872
0.005107001378733479
0.006335060421038292
0.007800758323422303
0.00953898193362261
0.01158807260770644
0.013989988634895655
0.016790463974988557
0.020039163216032642
0.023789832806985847
0.028100448628420056
0.0330333601653975
0.03865543119054596
0.045038177524195915
0.05225790170823556
0.06039582511263602
0.06953821740054601
0.07977652375212395
0.09120748977288273
0.10393328431877867
0.11806162020341449
0.13370587280969853
0.1509851965019461
0.17002463876581203
0.19095525189607793
0.2139142019252178
0.23904487468612146
0.2664969785510914
0.2964266436127714
0.3289965169725
0.36437585364394615
0.40274060291948216
0.4442734897316039
0.48916409073000056
0.5376089047765064
0.5898114177124641
0.6459821611039602
0.706338764928686
0.7711060040186191
0.840515838480822
0.9148074479223436
0.9942272596807932
1.0790289712840095
1.1694735673083723
1.265829330876428
1.368371850050638
1.477384019441748
1.593156037270828
1.7159853980906632
1.8461768813321902
1.9840425357613771
2.1299016597730684
2.2840807773522416
2.44691360922419
2.618741038721596
2.7999110712471826
2.9907787863055773
3.1917062804229217
3.4030625989353833
3.6252236542913647
3.8585721278630523
4.10349735190348
4.360395167597416
4.629667754890611
4.911723429109081
5.206976399016445
5.515846480894746
5.838758762817413
6.176143213776382
6.528434232423231
6.896070131273309
7.279492553224539
7.67914581908549