18.296858576305954
18.70096158976117
19.12552951701052
19.570255281416255
20.034848659270196
20.51903512190111
21.022556883752024
21.545170445003404
22.086663978129348
22.646820005572298
23.22545553853599
23.822397867937685
24.437493344383768
25.070603653452032
25.72160653797244
26.390394998665645
27.076879196633012
27.780981993220564
28.50264222041581
29.24181348534625
29.99846207058241
30.772568088258296
31.564127784087734
32.37314063459968
33.199639048911834
34.04364828971896
34.90519461808457
35.78437790578553
36.68122321592795
37.59581061567535
38.528257832866935
39.478634372636535
40.447055124799384
41.43363898277922
42.438509702870384
43.461803227281884
44.503663101976166
45.564232029360284
46.643685927950166
47.74217448070336
48.85987466205364
49.996966748859556
51.153633695386155
52.33006907235944
53.526469615852164
54.743036536184874
55.97997586978669
57.23750244966367
58.515831291991894
59.81518120173267
61.13576980194566
62.47785169005861
63.841627372243124
65.22734610409849
66.63523759600184
68.0655485630482
69.51851269691677
70.9943779371899
72.49338978714948
74.015790181809
75.56182936498445
77.13175476598033
78.72581205970653
80.34425627799727
81.98733155540782
83.65528891377974
85.34837398792295
87.06684264388339
88.8109308634647
90.58089391804256
92.37697073543168
94.19940617383163
96.0484401168209
97.92431335557106
99.82726302756687
101.75752283195796
103.71532535485687
105.70089998808355
107.71447320723853
109.75626840707852
111.82650574572486
113.92540199822629
116.05317041970167
118.2100206185954
120.39615844023756
122.61178586110357
124.85710089399869
127.13229750441947
129.4375655382681
131.773090661088
134.1390543089322
136.5356336509185
138.9630015635094
141.42132661650447
143.91077307065584
146.43150088685698
148.9836657466791
151.56741908420614
154.18290812881304
156.8302759587273
159.50966156506732
162.22119992605803
164.96502209108812
167.74125527425036