19.722458864729926
20.131194043134514
20.560698093159147
21.010865189997475
21.48079536000973
21.970814988153958
22.480460191075668
23.00948463099814
23.557645564932663
24.124774534152895
24.710634453086406
25.315060440140815
25.937894743910707
26.57899081295717
27.238221523975646
27.915475127564953
28.61065463700008
29.323679725576504
30.054484058379263
30.803016874640075
31.569240868920737
32.35313412643192
33.1546863797167
33.973901595070906
34.81079735736432
35.66540319140479
36.53776027579409
37.42792276811453
38.335954697769786
39.26193305110966
40.20593994788326
41.16808354261527
42.14845968605163
43.14718755334368
44.164393547396784
45.20013287771735
46.25522404374718
47.328259750306266
48.42080028007326
49.532568664125506
50.663736738858006
51.81448718852763
52.98500072504341
54.175475936587794
55.38610219925959
56.61708574596548
57.86863318606172
59.14094440181347
60.434270729563444
61.74880037236324
63.08476207806036
64.44239531928338
65.82192152898878
67.22357555159786
68.6476000172721
70.09423181346449
71.56370786289986
73.05626424841708
74.57217405425634
76.11165227448619
77.67495864962238
79.26234082076098
80.87404394990082
82.51031646739605
84.1714096330759
85.85754900630364
87.56904431330558
89.30608031749182
91.06892005967148
92.85781837838536
94.67300800166767
96.51473551969444
98.38323896098595
100.27875105609114
102.2015256112466
104.15177761631112
106.12974193998767
108.13564697980743
110.16971724726774
112.23217409064466
114.3232355412893
116.44311616952179
118.59202695043042
120.77017513998163
122.97776416172574
125.21499350441559
127.48205863076875
129.77915089760972
132.10645748754797
134.46416135234801
136.85244116806183
139.27147130197676
141.72142179139223
144.2024583341636
146.71474229096802
149.25843069910783
151.83367629772596
154.44062756427303
157.07942876188412
159.7502199974826
162.45313729027663
165.18831265033185
167.95587416685743
170.75594610585878