20.526168543142656
20.937398651471234
21.36955852691829
21.82235556129998
22.295475661127462
22.78864382629382
23.30159544227624
23.83408185801026
24.385871903862302
24.95674935104943
25.54643255065286
26.154997645857936
26.782023372780166
27.42744772189495
28.091140930446006
28.772986972082474
29.472888409106197
30.190760235629746
30.926535312058228
31.680159634155533
32.451594321265084
33.24081501872605
34.04780919218163
34.87258388525195
35.715150402052025
36.57553729875478
37.45378530318023
38.349954045564004
39.26409859861627
40.19629649437352
41.146636109167964
42.11521156260222
43.10213068987248
44.10750796503724
45.13146736401372
46.17414994610356
47.23569042421641
48.31624313197468
49.41596319387195
50.53501899614163
51.67358105333794
52.831831646266906
54.00995161336011
55.208133030164454
56.42658301433091
57.66548968309134
58.9250683369047
60.2055291473712
61.50708737992494
62.82996507759851
64.17439133630361
65.54058723159488
66.92878415703478
68.33921915956999
69.77212662630645
71.22774437377845
72.70631917375123
74.2080878314924
75.73329512669422
77.28218943739556
78.85501380822777
80.45205028546502
82.0734530913422
83.7195603944803
85.4171374168902
87.08679033788897
88.80840292446406
90.55568889208244
92.32887880449712
94.12821780024971
95.95395964344301
97.80632526454433
99.6855781360285
101.5919449757083
103.5256507515847
105.48693525270376
107.47603271721755
109.49316120312908
111.5385473473631
113.61241133156348
115.7149699763827
117.84643659922378
120.00702088076689
122.1969287436135
124.41636224004773
126.66551945189559
128.94459440124538
131.25377697272145
133.59325284739907
135.96320344848596
138.36380589886187
140.79523299047995
143.25765316565995
145.7512305101841
148.27612475813515
150.83249130829594
153.42048125194805
156.04024141191607
158.6919143924969
161.37563864007254
164.0915485140709
166.83977436793919
169.62044263976875
172.43367595219163