22.31043903601182
22.72694790427627
23.164739055146107
23.623511759268876
24.103054574280478
24.602792472163483
25.12275077342326
25.662579717656488
26.222031251542457
26.80089538116801
27.398965115188766
28.01605480145601
28.651992462691727
29.306624691970487
29.979815331684634
30.671444320089154
31.38140638503878
32.109612103445386
32.85599247850635
33.62048532268095
34.40304983319538
35.20365761962866
36.02229400375317
36.85895917065038
37.71366413793228
38.58643934301143
39.47731926948591
40.386356752396615
41.31361322907728
42.2591630662919
43.22309163856873
44.205493799703454
45.206473564336484
46.226152301237704
47.26464942271126
48.32209921171376
49.39864370378646
50.494434171207466
51.60962837718515
52.74439195208936
53.89885397986089
55.07332290147472
56.267855337658425
57.48268559407394
58.718011659483196
59.974035505011074
61.2509636864853
62.54901015937577
63.86838903644192
65.20932258711812
66.57203694818901
67.95675692499137
69.36371391481833
70.79314231544711
72.2452785116257
73.72035888104648
75.21862845176864
76.74032262773905
78.28569447257006
79.85498173184281
81.44843121960461
83.06629180731002
84.70880900700803
86.376227967696
88.06879829845843
89.78676441408633
91.53037354369557
93.29986873397628
95.095494808464
96.91749746366027
98.76611124604119
100.6415802960178
102.54413658036538
104.47402176264889
106.43146274532683
108.416691311606
110.42993430868844
112.4714150257365
114.54135531191672
116.63997237204198
118.76748031199861
120.92408964294043
123.11000715197342
125.32543578358644
127.57057453211007
129.8456183454946
132.15075804059984
134.48618023022283
136.8520672619568
139.24859716901912
141.67594363308226
144.13427595911588
146.62375906220169
149.1445534662482
151.6968153144793
154.28069639150854
156.89634415679825
159.5439017893288
162.22350824307873
164.93529831310877
167.67940271186262
170.4559481553482
173.26505745880087
176.1068496414428