28.94759211664885
29.381221943105093
29.837283966017498
30.315477990758126
30.815490978088633
31.33703255778901
31.8798228681079
32.443596539087544
33.028100457005635
33.63310237479579
34.258378721418026
34.9037281129873
35.56895915559545
36.25391476188753
36.958429771279214
37.6823740842036
38.425626474617665
39.18808907769174
39.96967235400791
40.770308790284396
41.58994308274051
42.42854115069892
43.286075924479164
44.16254049662839
45.05794156554663
45.97229825990777
46.90564453477667
47.85802486865294
48.82950054318592
49.82014001303833
50.830023666262136
51.859248521860906
52.90790531182359
53.97614151797388
55.06404250707066
56.171762874585866
57.29943294530158
58.44720347150636
59.61524193031409
60.803703010218356
62.012762384019254
63.24259993771527
64.49340148079877
65.76535665282894
67.05866393214936
68.3735226768799
69.71014375399173
71.06873683378635
72.44951734877868
73.8527072039781
75.27852933948276
76.7272093522012
78.19897575850914
79.69406535274406
81.2127079499816
82.75514259577955
84.32160645832474
85.91233925405014
87.52758480548744
89.16754881584397
90.83257391774556
92.52279962075411
94.23851477902636
95.979947216721
97.7473454127489
99.54094937372403
101.36105469047676
103.20773722954836
105.08140040770124
106.98221847036633
108.91043467785057
110.86627583832178
112.84996887536788
114.86174619446585
116.90182818909479
118.97043585455762
121.06778972160144
123.1941030062957
125.34958480587834
127.53444465248705
129.7488879766475
131.99311382880404
134.26731551372006
136.5716862340759
138.90641346811074
141.27168040147222
143.66766585955673
146.09454425233935
148.55248553171802
151.0416551613891
153.56221409920067
156.11431879188507
158.69812118202782
161.31376872709836
163.96140443028003
166.64116688288058
169.35319031794964
172.09760467478574
174.8745356740275
177.6841049028031
180.52642990961542
183.40162430848272
186.3097978918809
189.2510567520427