53.753006038017794
54.2316549813015
54.735788284934685
55.26512091111563
55.819368902775565
56.39825218569538
57.00149708800475
57.62881541950758
58.28002664936136
58.95481586495727
59.65298173720433
60.37431112798987
61.11860927028226
61.88569598978395
62.67541055124857
63.48760747558611
64.32215996907615
65.17895766343872
66.05790906538205
66.95893754641413
67.88198460822497
68.82701198821586
69.79398785742609
70.78290492643413
71.79376517139069
72.82658457492629
73.88140586750403
74.95826478982045
76.05722278150344
77.17835006490502
78.32172951355426
79.48745500090051
80.67563012926696
81.88636783060639
83.11979381879249
84.37603791952519
85.65524406979114
86.95755889054895
88.28314222571991
89.63215316219824
91.00476910350683
92.40115942806011
93.8215200126506
95.26601626584066
96.73485868586558
98.22824068635504
99.74636637913294
101.28943789407151
102.8581213305659
104.45126327069329
106.07044210080223
107.71541741200802
109.38642892088639
111.08367421331661
112.80738345578796
114.55778121719528
116.33509050561975
118.13953665734235
119.97134555857173
121.83073920477428
123.7179433153311
125.63317912711075
127.57667276426982
129.5486389673308
131.54930090785385
133.5788729699601
135.63756983733356
137.7256049201395
139.84318563497789
141.99052138436096
144.16781232973852
146.375260198277
148.6130616901417
150.88141056647453
153.18049150141493
155.5104893786211
157.8715915942799
160.263967300205
162.68778987562587
165.14322631748513
167.63043420581423
170.14958528004783
172.70082102335263
175.28429009727202
177.9001397435105
180.54850584401262
183.2295219461298
185.94331713803433
188.6899969237674
191.46973684901053
194.2825760475932
197.1286974462568
200.0081523546729
202.92105927902955
205.86751446402064
208.84760987219428
211.86143330273327
214.9090685188843
217.99059538343573
221.1060900015177
224.25562487009893
227.43926903367404
230.6570882452908
233.9091451324864