59.13690405900527
59.623116771056544
60.135323755868804
60.67324690759019
61.23661007936755
61.8251387149743
62.4385655366021
63.07663071622851
63.73908490066009
64.425694897179
65.13623418833464
65.87049593629293
66.62828941045753
67.40943774850807
68.21378263161543
69.04118344146144
69.89151638061541
70.76467501891138
71.66056895530983
72.57912858167049
73.52029483689086
74.48403235882074
75.47031376659385
76.47913254629147
77.51049834292012
78.56442521914092
79.64095295860169
80.74029896721844
81.86201104372707
83.0066728791219
84.17419771038806
85.36467991184978
86.57823501302546
87.81494889189264
89.07497425186355
90.35843561212224
91.66547376023404
92.99623713237399
94.35088385688852
95.72957813339946
97.13247935149596
98.55979203080075
100.01166896594309
101.48831135270892
102.98990670704106
104.51665094826024
106.06874556527734
107.64639806233188
109.24980559637636
110.87919524097302
112.5347650283787
114.2167323384271
115.92531653549169
117.66073851973084
119.42321171176356
121.21295813246886
123.0301975560286
124.87515168530923
126.74804173343291
128.64908535093244
130.57850285138764
132.53649453255468
134.5233273598167
136.53917138221632
138.58424350172075
140.65876534765997
142.762943448879
144.89698131475876
147.06107950902475
149.25544191050216
151.48026172908448
153.7357323587755
156.02204038857116
158.3393739878067
160.68790572349528
163.06782445694293
165.47929152514845
167.92247367872656
170.3975455399956
172.90465194328655
175.44394522339488
178.01558525271253
180.6197166037095
183.25646230815565
185.92596488425153
188.62835265670608
191.3637482607757
194.132267535442
196.9340351022905
199.7691475510975
202.6377178345315
205.53984169210366
208.47561391962472
211.44512743834588
214.44846804680245
217.48571805144863
220.5569556861561
223.66225525107615
226.8016872587851
229.97531858700208
233.1832126371709
236.42542949841518
239.70202611599234
243.01305646380527