 0.00000000000000E+00
 0.00000000000000E+00
 0.00000000000000E+00
 0.00000000000000E+00
 0.00000000000000E+00
 0.00000000000000E+00
 0.00000000000000E+00
 0.00000000000000E+00
 0.00000000000000E+00
 0.00000000000000E+00
 0.00000000000000E+00
 0.00000000000000E+00
 0.00000000000000E+00
 0.00000000000000E+00
 0.00000000000000E+00
 0.00000000000000E+00
 0.00000000000000E+00
 0.00000000000000E+00
-0.74470356239644E-15
 0.31544627252624E-14
 0.56748191348171E-29
-0.60309325772572E-14
 0.57097772364842E-14
 0.90631198756402E-14
 0.11860966240905E-28
 0.88069197985791E-16
 0.10301771099697E-13
-0.62202068155385E-14
 0.12834494371692E-13
 0.85534512911186E-14
-0.82316836098370E-15
 0.43676115382712E-14
 0.56516910804325E-15
-0.98503704497250E-14
 0.58949412546571E-14
-0.31960074574721E-13
-0.14748407920219E-13
-0.28776057695786E-13
 0.24413800432002E-13
 0.39240788498032E-13
 0.12285030384816E-12
 0.79325767550402E-14
 0.37452885890240E-13
 0.12615866275409E-12
 0.66559788260209E-13
 0.38885063129563E-13
-0.71324628978160E-13
 0.20389520095132E-12
-0.36151721276394E-13
 0.15800991647237E-12
 0.23598532226704E-12
 0.41164317694886E-12
 0.22126785989919E-12
 0.34805638509996E-12
 0.70714633401421E-12
 0.79734316761645E-12
 0.10887721847650E-11
 0.14247223933771E-11
 0.16361434545212E-11
 0.20681956957239E-11
 0.23445377033010E-11
 0.30381329244436E-11
 0.38451894819769E-11
 0.45636831432129E-11
 0.49244862929874E-11
 0.63487836697304E-11
 0.73012160977573E-11
 0.85695635776067E-11
 0.10537224564587E-10
 0.12284109117526E-10
 0.14110017593402E-10
 0.16615184483045E-10
 0.18902040504813E-10
 0.21839560638236E-10
 0.25165466152277E-10
 0.28718949455590E-10
 0.32661449637087E-10
 0.37069075184744E-10
 0.41764225970146E-10
 0.47171015043140E-10
 0.53057536994483E-10
 0.58972637662399E-10
 0.66043679151372E-10
 0.73854982874788E-10
 0.81862487067408E-10
 0.90782994113763E-10
 0.10029979020931E-09
 0.11091306527637E-09
 0.12201395015309E-09
 0.13417373936218E-09
 0.14778320343348E-09
 0.16127332934217E-09
 0.17664438732612E-09
 0.19243634308046E-09
 0.20970886449677E-09
 0.22803912042963E-09
 0.24734966395119E-09
 0.26839209495981E-09
 0.29094629045205E-09
 0.31416713670557E-09
 0.33990823813982E-09
 0.36619972404371E-09
 0.39524892181289E-09
 0.42581205231371E-09
 0.45704141541085E-09
 0.49031941543954E-09
 0.52706897803025E-09
 0.56505872205690E-09
 0.60469350745292E-09
 0.64651711181285E-09
 0.69214424209831E-09
 0.73859318760631E-09
 0.78800663468054E-09
 0.84026012812789E-09
 0.89522558562636E-09
 0.95241545374422E-09
 0.10143169354665E-08
 0.10776752291833E-08
 0.11433836845891E-08
 0.12141888689230E-08
