0.
0.
0.
0.000045779151045387627
0.00003051943403025842
0.000046732883358833204
0.00011826280686725137
0.0022145664318206264
0.028205679437839453
0.2217923569563955
1.2274038933241564
5.207428025493141
17.980742963626525
52.747909017776536
135.69859767803052
313.539400764537
662.7155292050787
1299.9085999256426
2393.289381980596
4174.000071716345
6947.402626935829
11103.737463690088
17127.95925470887
25608.635374916536
37245.89495697778
52858.49664382295
73390.13910346724
99915.16821276845
133643.8492095422
175927.36515688387
228262.68462027074
292297.4144311522
369834.7180520633
462838.3396333995
573437.7344609383
703933.2635952685
856801.371768448
1.0346996307738868e6
1.2404715012934676e6
1.4771506384333787e6
1.7479645511845092e6
2.0563374148674542e6
2.405891830645603e6
2.800449330966068e6
3.2440294350375654e6
3.740847067596826e6
4.295308160268461e6
4.912003257612876e6
5.595698941960709e6
6.351326872777756e6
7.183970201371897e6
8.098847071573953e6
9.101290853314087e6
1.0196726684063876e7
1.139064383022705e7
1.2688563345264155e7
1.4096000533217842e7
1.5618421867310995e7
1.7261196314931523e7
1.902954153185681e7
2.092846612251931e7
2.2962710089870755e7
2.5136686591367505e7
2.745442897138551e7
2.991954747967864e7
3.253519985804335e7
3.530407895859001e7
3.8228418843915865e7
4.131001874229906e7
4.455028225089202e7
4.795026773621685e7
5.1510745220736496e7
5.523225517899179e7
5.91151654020308e7
6.315972314266493e7
6.736610085634284e7
7.173443481423064e7
7.626485659591635e7
8.095751795107219e7
8.581260978928335e7
9.083037616231805e7
9.601112410299867e7
1.0135523011647667e8
1.0686314402347808e8
1.1253539074624735e8
1.1837257052438948e8
1.2437535795291924e8
1.3054450015454869e8
1.3688081432978162e8
1.4338518487374914e8
1.5005856020429268e8
1.569019494106514e8
1.6391641880531e8
1.7110308843966445e8
1.78463128628836e8
1.8599775651737276e8
1.937082327096018e8
2.0159585798007095e8
2.0966197007512555e8
2.1790794061250296e8
2.2633517208297652e8
2.349450949564333e8
2.4373916489280397e8
2.5271886005812857e8
2.6188567854454836e8
2.7124113589352226e8
2.807867627207492e8
2.905241024417451e8
3.004547090966889e8
3.10580145273428e8
3.209019801278183e8
3.314217875004445e8
3.421411441291787e8
3.530616279577446e8
3.6418481653531045e8
3.755122855209339e8
3.870456072694884e8
3.987863495223546e8
4.107360741890867e8
4.228963362248876e8