0.
0.
0.
0.000045779151045387627
0.00003051943403025842
0.0000543627418663978
0.0005045243938127096
0.009711856147816295
0.10445657789781322
0.7209548677029138
3.5848785287237814
13.910005536196477
44.53388183836801
122.45009705951067
297.82230711251026
655.1736858840604
1326.1528258577914
2503.1438501543616
4452.995076359309
7530.258104757368
12189.500167739012
18996.436238330298
28637.798170151425
41929.99321535576
59826.703261653995
83425.63548410499
113974.65976228878
152877.56926162902
201699.67536095003
262173.41138679796
336204.0703023265
425875.7475506796
533457.4995639542
661409.6744818852
812390.3106713599
989261.451603609
1.1950951789464168e6
1.4331791299036464e6
1.7070212395719173e6
2.020353430531311e6
2.3771339665708845e6
2.781548186220408e6
3.238007337158814e6
3.7511452383332658e6
4.32581249683923e6
4.967067995966398e6
5.6801673463119995e6
6.470547939151213e6
7.343810170786927e6
8.305694303681e6
9.362052316671157e6
1.051881398475929e7
1.1781946360076422e7
1.3157405856553448e7
1.4651082356981581e7
1.6268735251245625e7
1.801592217417037e7
1.9897922461493447e7
2.191965890512557e7
2.408562300298039e7
2.639981012754029e7
2.88656713627637e7
3.148608777438055e7
3.426337053465956e7
3.719928705031695e7
4.029510985227405e7
4.355168237127692e7
4.69694944207637e7
5.0548760331088774e7
5.428949388963538e7
5.8191576004885264e7
6.225481281871346e7
6.647898350963005e7
7.086387811322494e7
7.540932634125358e7
8.011521869058844e7
8.498152119943796e7
9.000828512793644e7
9.519565268685639e7
1.0054385975728975e8
1.0605323636718972e8
1.1172420553176302e8
1.1755728092858802e8
1.2355306376752439e8
1.2971223912657864e8
1.360355719555109e8
1.4252390289493093e8
1.491781440180913e8
1.5599927457155526e8
1.6298833676790172e8
1.7014643166678834e8
1.774747151674808e8
1.8497439412797385e8
1.9264672261799175e8
2.004929983098429e8
2.08514559007151e8
2.1671277930932575e8
2.250890674091828e8
2.3364486201910797e8
2.423816294218275e8
2.513008606413382e8
2.6040406872945893e8
2.696927861643293e8
2.791685623566955e8
2.888329612610708e8
2.9868755908856386e8
3.0873394211886764e8
3.189737046095316e8
3.294084468002765e8
3.400397730115483e8
3.5086928983569074e8
3.6189860442036325e8
3.731293228433415e8
3.8456304857869893e8
3.962013810548199e8
4.080459142985003e8
4.2009823568303984e8
4.3235992475095403e8
4.448325521410598e8
4.575176786028522e8