45.223959912946626
45.279552387462154
45.349016828473765
45.44621788222574
45.57110575456155
45.72361553920787
45.90366559545955
46.1111645802609
46.345971689381294
46.60796778337272
46.896983089346115
47.212829372761846
47.555296804047885
47.924152763831835
48.31914777741096
48.74001579138639
49.18647986518856
49.65825433571999
50.15504906687016
50.67655704168753
51.22253555594679
51.79265310392451
52.386648199519804
53.00425123204885
53.64521029608895
54.30927689100161
54.996223297989836
55.70583521634301
56.43791560457595
57.19228272501997
57.96877293371407
58.76723892105285
59.58755258686445
60.42960276940322
61.29329400530678
62.17855021949428
63.085310749251036
64.01353214759209
64.96318577266145
65.93425946872946
66.92675604567454
67.94069277714735
68.97609957776388
70.03302226321064
71.11151789373031
72.21165513997322
73.33351870372508
74.47719250968073
75.6427888146706
76.83041805103647
78.04020287626534
79.27227521012921
80.52677751463789
81.80385731627871
83.10367125736794
84.42638564230738
85.77216911461926
87.14119946248731
88.53366019782523
89.94974044781128
91.38963278091728
92.8535390754047
94.34165821709695
95.85422542283132
97.39137960526293
98.95339369153533
100.5404895329841
102.15285803481602
103.79073591820728
105.45434161423867
107.1439039457481
108.8596421957692
110.6017905495617
112.37057562257237
114.16622694366895
115.9889679317513
117.83902988880482
119.7166380803746
121.62201722810616
123.555397977834
125.51700254000723
127.50704789875037
129.52575781039067
131.5733458134289
133.6500378724447
135.7560317842918
137.8915290465236
140.05678444246018
142.25194855106386
144.47724034956306
146.7328547645123
149.01898161247195
151.33580887141608
153.68352190197803
156.0622988150123
158.4723162312523
160.91374230526512
163.3867430115445
165.89146637646718
168.4281060046312
170.99677764524972
173.59763762424976
176.23082997134344
178.89649270094625
181.59475570021877
184.3257494683137
187.0895937913721
189.88640806634706
192.71630586079152
195.5793962197415
198.47578375344193
201.40556873545958
204.36884721059667
207.3657111120067
210.39624838695215
213.46054313042384
216.55867572628694
219.6907229950531
222.85675834785582
226.05685194596924