59.27436981404585
59.31762748061015
59.38970082616187
59.49056495626319
59.62016942602011
59.778458852141945
59.96536164980448
60.18078922641121
60.42464424291839
60.69679885534873
60.99711362344653
61.32542724219234
61.681554786147956
62.065295469178935
62.47642494708291
62.91470595525566
63.3798871734312
63.8717074851663
64.3898983761063
64.93419192538445
65.50430812495344
66.09998786298686
66.72096469418476
67.36698466838799
68.03780252612248
68.73318694513405
69.45291873746827
70.19679514502819
70.96462723316208
71.75624318658018
72.57148839022567
73.41022489604639
74.27233484952754
75.1577129038917
76.06627062750505
76.9979458071655
77.95268046638363
78.93043902364367
79.93120092286888
80.95496026952463
82.00172661283051
83.07152191333982
84.16438373153396
85.28036109061348
86.41951669247318
87.5819214907837
88.76766522653016
89.97684026835583
91.20955397216468
92.46592101314005
93.74606757983781
95.0501249426085
96.37824090275346
97.73055898370956
99.10723717878344
100.5084410153325
101.93433837081841
103.38510512767091
104.86092516058028
106.36197050095036
107.88846433362826
109.44057524259522
111.01850705945581
112.62246422280273
114.25265192043722
115.9092795359508
117.59255679098722
119.30269399860084
121.03991277098883
122.80442143846474
124.5964384482797
126.41618151564924
128.2638672524053
130.1397119010003
132.04393468673106
133.97674831586164
135.93837232950617
137.92901943710498
139.94889683311033
141.9982205076306
144.0772050904379
146.18599975278045
148.32492086523527
150.49408248732644
152.693696495077
154.92396164992607
157.18506525436067
159.4772035011559
161.80054462541202
164.1552788470642
166.54157430149118
168.95959902081415
171.40951862345787
173.8914965929477
176.40568463874365
178.952235841097
181.5312945764827
184.14299821767517
186.78749162442
189.46489710185057
192.1753418390692
194.91895276463282
197.69583806884825
200.50611358807953
203.34988193662556
206.22724735199606
209.13830555927385
212.08314510430077
215.0618618234632
218.07453554760508
221.12124142353332
224.20205670839547
227.31705221237317
230.46629490143732
233.6498480512724
236.86777140719798
240.12012134919814
243.40695106170423
246.7283107071826
250.08424760309515