70.20794483534972
70.25226084156625
70.3261015480931
70.42943833523992
70.56222995938585
70.72442352142775
70.91595289827923
71.13673532437763
71.38667610343634
71.66568170314616
71.97360037470487
72.31029244547669
72.67559096214883
73.06930868371859
73.49124428934896
73.94117481084238
74.41886834224391
74.92408094839719
75.45656157266355
76.01605533053058
76.60230802257792
77.21506643012559
77.85408255220092
78.51911699963264
79.20993944852813
79.92633062708373
80.66809031017348
81.43502200813309
82.22695697326996
83.04439614502446
83.8852039893093
84.75124909741058
85.64175905452772
86.55663992431549
87.49582126175132
88.45923872910481
89.44685206901318
90.45863264632882
91.49456789298898
92.55466187807178
93.63892756116277
94.7473997026708
95.88011741642657
97.03713660620095
98.21852449009077
99.42435950984394
100.65473175597197
101.90973932454179
103.18949114950686
104.494107079781
105.82371321992562
107.17844369373825
108.5584424089692
109.96386076871724
111.39485342696119
112.8515839214333
114.3342218208191
115.84294144240575
117.37792232521517
118.93934687192548
120.52740571692044
122.14229034179105
123.7841947133885
125.45331703740516
127.14986151923365
128.8740276072429
130.62602139040416
132.40604344976683
134.2143194599675
136.0510396071113
137.91641839199218
139.81061979164866
141.7339865423931
143.68659430185681
145.668690313075
147.68048470259947
149.72218128741773
151.79397773369416
153.8960803038941
156.02868056405285
158.19198084921908
160.38616705723854
162.6114296840553
164.8679559696275
167.1559221371399
169.47551861826793
171.82690519717144
174.21025952436688
176.6257445346974
179.07351235848432
181.5537427219413
184.0665639153643
186.61213125248932
189.19058473508645
191.80206257994195
194.44669289775115
197.12466195855168
199.83591525629814
202.58074496634597
205.3592017724435
208.17139343211227
211.01741598676034
213.89737367032666
216.81134806799622
219.75942584736381
222.74170291784986
225.75823896635822
228.80911295640848
231.89439074834382
235.01413919756578
238.1684137630617
241.357271924059
244.58076807699766
247.8389472735141
251.13185568061346
254.4595350270355
257.8220239889945
261.21935837208326
264.6515712954163
268.1186933771595