40.49924980831515
40.55404544110997
40.62251262842458
40.718315068499194
40.84140064290836
40.991700756540034
41.169130064237045
41.37358377303216
41.60493621476973
41.86303820755148
42.147728083199574
42.45877378124487
42.795985647799704
43.15911104013583
43.54788645295413
43.96203785911344
44.401278256112455
44.86531156106815
45.353841174256765
45.866569582320736
46.40320149937483
46.96345097202936
47.54703425078597
48.15368164898582
48.783135430169686
49.435231983466004
50.10949507644687
50.80595563713533
51.52433276362391
52.264443730797545
53.02612583373039
53.809231859704695
54.61363235563215
55.439215529756346
56.285883259965395
57.153560736027686
58.04218530053111
58.95171133011015
59.8821138213083
60.8333774041644
61.80549614937246
62.79850703423416
63.81242032470728
64.84728486276238
65.90316197332997
66.98011475200771
68.07822658321422
69.19758854978588
70.33830430410806
71.50048642620057
72.68425758247058
73.88974989988024
75.11710434628962
76.3664689238231
77.63800185189695
78.93186606575141
80.24823458100924
81.58728460873844
82.94919744055194
84.33416725609048
85.742386607059
87.1740537365026
88.63008672258879
90.10855772993523
91.61181532443092
93.13936332932579
94.6914214040775
96.26820922451402
97.86995173595633
99.49687487397523
101.14920464002374
102.82717456897686
104.53101276257523
106.2608392101911
108.01721679137341
109.80003423913318
111.60966961386099
113.44630240494156
115.31022546633271
117.20161543562453
119.12072377872637
121.06777118169957
123.04298322554439
125.04658734488493
127.07879552977317
129.13983838093043
131.229922365562
133.34926321932363
135.49806709268606
137.67654900154508
139.88490293515835
142.12333017938357
144.3920264309188
146.69118132322282
149.02098189444425
151.38161862494172
153.7732550147957
156.19608045650102
158.65025728203858
161.1359498573882
163.65331343361612
166.20250962885643
168.78366213942792
171.39699976364702
174.0425758713578
176.72055861878843
179.4310787949201
182.17426349979232
184.95023522844488
187.75911193458202
190.60100710551566
193.476029847893
196.38428498367776
199.32587315587304
202.30089094336645
205.3094309843309
208.35158210772983
211.42742947213176
214.53705471141757
217.6805360867512