40.825098983385146
40.879951499122235
40.94848974779249
41.044392020965475
41.16760617217916
41.318064013126985
41.49568017607408
41.70035087646214
41.93195044025984
42.190330774037605
42.47531905252043
42.78671750452338
43.12430580455271
43.48784082484171
43.87705970935636
44.291693683128244
44.731450064941015
45.19603733382117
45.685158299077365
46.198516283750486
46.735816757040105
47.296770923350174
47.88109932507379
48.48853065861002
49.118806886748196
49.771683372324
50.44692846703821
51.14432803851906
51.86368409856864
52.604813883167225
53.36755294730007
54.15175409941899
54.957325653957874
55.78404352870652
56.631924421856375
57.500852445322764
58.39076726153977
59.30162434408062
60.23339267067219
61.18606560155852
62.15963776752286
63.154128074224225
64.16956616067802
65.20599675866379
66.2634747947397
67.34207166570683
68.4418651270106
69.56294737877401
70.70542613827766
71.86940250211399
73.05501969611778
74.2623892790177
75.49166446162414
76.74298738972742
78.01651869153847
79.31242074238097
80.63086600166966
81.97203064411043
83.33610087678414
84.72326306398841
86.13371696136409
87.56765770863878
89.02559392061016
90.50682604553356
92.01246834907133
93.54245104220145
95.09697553634821
96.6762700183146
98.28055581981536
99.91003175368414
101.56501468170099
103.24564165989902
104.952175276524
106.684844395892
108.44388426652728
110.22952427191848
112.04199089660091
113.88152048834102
115.74834433401885
117.64268853528775
119.56478368146496
121.51485540464314
123.49312192165442
125.49982139056424
127.53515883936758
129.59935818846574
131.69263788949254
133.8152048627292
135.96727132584354
138.14904008491598
140.3607169066079
142.60249669289277
144.8745767559698
147.1771449079574
149.51038631382156
151.87449657365977
154.2696369222299
156.6959860803487
159.15371583041798
161.64298100126692
164.1639598320988
166.7167894825458
169.30162385418436
171.91861411937967
174.56789509776658
177.2496049278734
179.9638744307132
182.71083008767042
185.49059377502385
188.30328282853023
191.14901011925636
194.0278841401814
196.94000910301816
199.8854850447408
202.86440794320345
205.87686984127748
208.92295897903713
212.00275993322109
215.11635376354232
218.26381816519816