41.20335378594582
41.25827190288057
41.32689213446826
41.42290975663728
41.546272306786975
41.69691218567294
41.874744240098835
42.07966517913621
42.31155015103286
42.57025128609786
42.85559684354665
43.16739084221369
43.50541228407478
43.869419993166325
44.25915444748804
44.67434078827341
45.114693427174196
45.57991969603598
46.069723104049295
46.5838067797819
47.121877570099294
47.68364658647922
48.268834301382356
48.87716992901649
49.50839388711549
50.162398170147824
50.838549909037305
51.53703404443136
52.25751831504299
52.99982204109501
53.763781554122204
54.549248097039985
55.35609195234803
56.184201482829174
57.033481354597804
57.90385429166367
58.79526160597331
59.707652681990695
60.641003986054066
61.59529989451547
62.57054244517266
63.56675003459679
64.58395046070265
65.6221806070653
66.68152046799426
67.76201496432776
68.8637533731592
69.9868269059146
71.1313385074547
72.29740311195773
73.48514115760393
74.69468441881078
75.92617705316253
77.17976862893217
78.45560467071772
79.75386305814776
81.07470462303667
82.41832144096192
83.78488379908447
85.17458590595592
86.58762189311827
88.02419225968696
89.48454427161883
90.96875345758355
92.47716551795266
94.00995248232354
95.56733249113833
97.14952301871034
98.75675444700242
100.38924315430168
102.04723153508226
103.73093703645895
105.44058300565663
107.17642213271992
108.93866642835637
110.72755201951055
112.54331283953425
114.38617595141584
116.25637600840977
118.15413827071005
120.07968982553007
122.03325800217631
124.01506765952182
126.02534226221965
128.06430048432847
130.13214901930058
132.2291323151252
134.35543308364927
136.5112666864454
138.69684732284924
140.91236679827344
143.15802888977936
145.43402276575978
147.74054100764116
150.0777639761014
152.44589197625987
154.8450801862016
157.27551327705092
159.7373552413824
162.2307690151225
164.75587140260114
167.31294877727436
169.90201597838103
172.52326471621643
175.17683167396225
177.86285424993616
180.58146221247017
183.33278132527926
186.11693274694767
188.93403309656455
191.78419453060368
194.66752483052645
197.58412750057988
200.53410187525503
203.51754323580136
206.53454293520144
209.58518853115717
212.66956392629572
215.7877495151605
218.93982233736148