-0.00000000000000E+00
-0.00000000000000E+00
-0.00000000000000E+00
-0.00000000000000E+00
-0.00000000000000E+00
-0.00000000000000E+00
-0.00000000000000E+00
-0.00000000000000E+00
-0.00000000000000E+00
 0.29287796961614E-16
 0.49330992470299E-16
-0.25281481358990E-16
-0.48698017477129E-16
-0.49318297800261E-17
-0.24178104584705E-16
-0.13050470739997E-15
-0.50692477527049E-15
-0.17430768823973E-14
-0.53690835154439E-14
-0.14517857441892E-13
-0.35840783056927E-13
-0.81171316534029E-13
-0.17077160869582E-12
-0.33680487950331E-12
-0.62758156591072E-12
-0.11123322068846E-11
-0.18859010966337E-11
-0.30734191171802E-11
-0.48345362412782E-11
-0.73668239007854E-11
-0.10908298917078E-10
-0.15738920503384E-10
-0.22180791960116E-10
-0.30597313102537E-10
-0.41391185981999E-10
-0.55001316944338E-10
-0.71898987953064E-10
-0.92583209580234E-10
-0.11757566677909E-09
-0.14741512891272E-09
-0.18265196375734E-09
-0.22384241470910E-09
-0.27154312758614E-09
-0.32630585294478E-09
-0.38867261794073E-09
-0.45917124626848E-09
-0.53831138401336E-09
-0.62658107181471E-09
-0.72444382595131E-09
-0.83233631805055E-09
-0.95066653061274E-09
-0.10798124562644E-08
-0.12201212897862E-08
-0.13719090311463E-08
-0.15354604999180E-08
-0.17110297424069E-08
-0.18988406826711E-08
-0.20990880949692E-08
-0.23119387438495E-08
-0.25375327273230E-08
-0.27759849176980E-08
-0.30273865147494E-08
-0.32918065961099E-08
-0.35692937456721E-08
-0.38598775946793E-08
-0.41635703614685E-08
-0.44803682987115E-08
-0.48102530583181E-08
-0.51531929458741E-08
-0.55091440576022E-08
-0.58780512920538E-08
-0.62598492344426E-08
-0.66544629054741E-08
-0.70618083710778E-08
-0.74817932483440E-08
-0.79143170808560E-08
-0.83592716027802E-08
-0.88165409138990E-08
-0.92860015752152E-08
-0.97675226233228E-08
-0.10260965545163E-07
-0.10766184208621E-07
-0.11283024761359E-07
-0.11811325532222E-07
-0.12350916930536E-07
-0.12901621361375E-07
-0.13463253160364E-07
-0.14035618576293E-07
-0.14618515778888E-07
-0.15211734926330E-07
-0.15815058262949E-07
-0.16428260281275E-07
-0.17051107917615E-07
-0.17683360788260E-07
-0.18324771463210E-07
-0.18975085756871E-07
-0.19634043037143E-07
-0.20301376528485E-07
-0.20976813595689E-07
-0.21660075999820E-07
-0.22350880090680E-07
-0.23048936928982E-07
-0.23753952306518E-07
-0.24465626641078E-07
-0.25183654723836E-07
-0.25907725289348E-07
-0.26637520381259E-07
-0.27372714488624E-07
-0.28112973424729E-07
-0.28857952934953E-07
-0.29607297000514E-07
-0.30360635841726E-07
-0.31117583607503E-07
-0.31877735762063E-07
-0.32640666192175E-07
-0.33405924075105E-07
-0.34173030567741E-07
-0.34941475404209E-07
-0.35710713511994E-07
-0.36480161790717E-07
