 0.00000000000000E+00
 0.00000000000000E+00
 0.00000000000000E+00
 0.00000000000000E+00
 0.00000000000000E+00
 0.00000000000000E+00
 0.00000000000000E+00
 0.00000000000000E+00
 0.00000000000000E+00
-0.16631522993418E-16
-0.23190846565011E-16
-0.23585457204085E-16
-0.17133675782780E-15
 0.23781270209005E-16
 0.21226200622009E-16
 0.15370750310600E-15
 0.52517729701559E-15
 0.18415401437118E-14
 0.54181900571844E-14
 0.14519176025388E-13
 0.35802676459235E-13
 0.81135614421400E-13
 0.17078178679275E-12
 0.33669773864026E-12
 0.62755654238324E-12
 0.11122527062968E-11
 0.18859792854297E-11
 0.30734835251337E-11
 0.48345531993589E-11
 0.73668152787599E-11
 0.10908485801234E-10
 0.15739182289351E-10
 0.22181277830796E-10
 0.30598376255707E-10
 0.41393176132995E-10
 0.55004995471444E-10
 0.71905636815041E-10
 0.92594832089508E-10
 0.11759538058159E-09
 0.14744750419173E-09
 0.18270401239863E-09
 0.22392415914357E-09
 0.27166870088192E-09
 0.32649493861524E-09
 0.38895201416086E-09
 0.45957700232199E-09
 0.53889109057739E-09
 0.62739662778187E-09
 0.72557485797306E-09
 0.83388367966087E-09
 0.95275669945962E-09
 0.10826021155194E-08
 0.12238026262779E-08
 0.13767152420507E-08
 0.15416720773529E-08
 0.17189808325813E-08
 0.19089261656978E-08
 0.21117707349180E-08
 0.23277566645409E-08
 0.25571071045712E-08
 0.28000276889482E-08
 0.30567080491848E-08
 0.33273232618630E-08
 0.36120352014648E-08
 0.39109937386840E-08
 0.42243377419395E-08
 0.45521958414405E-08
 0.48946871035552E-08
 0.52519213534281E-08
 0.56239992838177E-08
 0.60110124118138E-08
 0.64130426821572E-08
 0.68301619343721E-08
 0.72624312781282E-08
 0.77099000468666E-08
 0.81726049063453E-08
 0.86505686480043E-08
 0.91437990601894E-08
 0.96522876988313E-08
 0.10176008631268E-07
 0.10714917355743E-07
 0.11268949651621E-07
 0.11838020658116E-07
 0.12422023908683E-07
 0.13020830757267E-07
 0.13634289789785E-07
 0.14262226356765E-07
 0.14904442479353E-07
 0.15560716766542E-07
 0.16230804502429E-07
 0.16914437830403E-07
 0.17611326174641E-07
 0.18321156530399E-07
 0.19043593918460E-07
 0.19778281722385E-07
 0.20524841995936E-07
 0.21282875597778E-07
 0.22051962062741E-07
 0.22831659271062E-07
 0.23621502626601E-07
 0.24421003853134E-07
 0.25229649150419E-07
 0.26046896740167E-07
 0.26872173642497E-07
 0.27704871601370E-07
 0.28544341988957E-07
 0.29389889810784E-07
 0.30240766540057E-07
 0.31096161820983E-07
 0.31955194138244E-07
 0.32816900342349E-07
 0.33680224364187E-07
 0.34544005111738E-07
 0.35406964111305E-07
 0.36267693109998E-07
 0.37124642446196E-07
 0.37976110741385E-07
 0.38820236958561E-07
 0.39654995714483E-07
 0.40478197094421E-07
