 0.00000000000000E+00
 0.00000000000000E+00
 0.00000000000000E+00
 0.00000000000000E+00
 0.00000000000000E+00
 0.00000000000000E+00
 0.00000000000000E+00
 0.00000000000000E+00
 0.00000000000000E+00
-0.65423800303418E-15
 0.66973032398987E-15
 0.29705626865675E-15
-0.29222662421096E-14
 0.16449269661235E-14
-0.14866901945246E-16
 0.33744393710121E-14
 0.39762903932927E-14
 0.14603670972002E-13
 0.11861445377949E-13
 0.19916621996838E-13
 0.25108817223781E-13
 0.71243054492038E-13
 0.18216096161346E-12
 0.29967335379121E-12
 0.62904672991997E-12
 0.11026872219193E-11
 0.19145943413684E-11
 0.31032132644840E-11
 0.48310726000924E-11
 0.73207381697737E-11
 0.10966326437036E-10
 0.15770200529003E-10
 0.22188947832200E-10
 0.30653236273516E-10
 0.41402056430106E-10
 0.55010566606147E-10
 0.72039786633020E-10
 0.92855156279807E-10
 0.11815822365219E-09
 0.14831769368930E-09
 0.18415269855956E-09
 0.22636621793935E-09
 0.27539185577033E-09
 0.33214243319224E-09
 0.39713972630112E-09
 0.47150098397593E-09
 0.55612915557923E-09
 0.65165599655288E-09
 0.75931892875153E-09
 0.88004492137447E-09
 0.10151002265205E-08
 0.11657269161847E-08
 0.13338004176237E-08
 0.15202023100765E-08
 0.17273570001339E-08
 0.19562761583577E-08
 0.22095346465144E-08
 0.24892368865432E-08
 0.27975243420927E-08
 0.31369130015482E-08
 0.35101556679057E-08
 0.39202544278182E-08
 0.43692729011151E-08
 0.48605760620634E-08
 0.53966319274390E-08
 0.59807388520213E-08
 0.66154008597286E-08
 0.73032866027395E-08
 0.80472329485329E-08
 0.88488971895862E-08
 0.97112217182307E-08
 0.10635307576869E-07
 0.11622407267282E-07
 0.12674295948698E-07
 0.13790934927945E-07
 0.14972601618109E-07
 0.16219335965334E-07
 0.17529620268561E-07
 0.18903643599374E-07
 0.20338334972955E-07
 0.21831598650021E-07
 0.23380905700837E-07
 0.24983064966873E-07
 0.26632624086910E-07
 0.28324487781349E-07
 0.30054844986658E-07
 0.31814371158173E-07
 0.33594535736614E-07
 0.35385960077902E-07
 0.37176325410412E-07
 0.38949378724747E-07
 0.40687460710140E-07
 0.42368355156356E-07
 0.43964736771753E-07
 0.45442688263961E-07
 0.46761360323436E-07
 0.47871388521506E-07
 0.48711064773998E-07
 0.49207777845661E-07
 0.49273113775965E-07
 0.48801508150550E-07
 0.47668134396955E-07
 0.45725382962664E-07
 0.42801193970332E-07
 0.38703232202413E-07
 0.33207338896046E-07
 0.26069139934167E-07
 0.17026304911399E-07
 0.58004685499511E-08
-0.78840179602934E-08
-0.24290495375453E-07
-0.43639669406136E-07
-0.66086043214096E-07
-0.91675060525039E-07
-0.12030523057334E-06
-0.15167754455248E-06
-0.18524923670728E-06
-0.22019083761447E-06
-0.25536147249534E-06
-0.28930102735450E-06
