 0.00000000000000E+00
 0.00000000000000E+00
 0.00000000000000E+00
 0.00000000000000E+00
 0.00000000000000E+00
 0.00000000000000E+00
 0.00000000000000E+00
 0.00000000000000E+00
 0.00000000000000E+00
 0.11449165053098E-14
-0.13911591126351E-14
-0.16160678938166E-14
 0.74643764762512E-14
-0.72671488446869E-14
 0.48026193216037E-16
-0.16605375740475E-13
-0.19861724804632E-13
-0.66238273457849E-13
-0.27706700326539E-13
-0.29178804162891E-13
 0.11180402601580E-12
 0.15057530389929E-12
 0.32055870247571E-13
 0.72209297151730E-12
 0.62754043778568E-12
 0.12337200966640E-11
 0.16776372467683E-11
 0.27724585934948E-11
 0.50248705232120E-11
 0.82674246201592E-11
 0.10276944518789E-10
 0.15743643847838E-10
 0.22754711853277E-10
 0.30929247904639E-10
 0.43763632638530E-10
 0.58939022334000E-10
 0.75630773153265E-10
 0.98182326869734E-10
 0.12347497034470E-09
 0.15679308866782E-09
 0.19603417488583E-09
 0.23840300908492E-09
 0.29380142781946E-09
 0.35742722810343E-09
 0.43816494222847E-09
 0.52889756352659E-09
 0.62863388393496E-09
 0.75058746613817E-09
 0.89195970937916E-09
 0.10588151554884E-08
 0.12554106652062E-08
 0.14857180917363E-08
 0.17358714671853E-08
 0.20444926667908E-08
 0.23789490056040E-08
 0.27913388190328E-08
 0.32581419729698E-08
 0.37923480425956E-08
 0.44082901311045E-08
 0.51172002309693E-08
 0.59189945814069E-08
 0.67959103663204E-08
 0.78109599059195E-08
 0.89305846182650E-08
 0.10198078470929E-07
 0.11586358889154E-07
 0.13119479500446E-07
 0.14806115060213E-07
 0.16619622291659E-07
 0.18619342199848E-07
 0.20726703317288E-07
 0.23004150925140E-07
 0.25447878332330E-07
 0.27996986054668E-07
 0.30702247174482E-07
 0.33553881840154E-07
 0.36489316632710E-07
 0.39594380378390E-07
 0.42679420502571E-07
 0.45859329102399E-07
 0.49090506384828E-07
 0.52267803672889E-07
 0.55300597358437E-07
 0.58239806190524E-07
 0.61018121018949E-07
 0.63210518371021E-07
 0.64920152169417E-07
 0.65922797282417E-07
 0.65819880156792E-07
 0.64256313317923E-07
 0.60915662020788E-07
 0.55181620020207E-07
 0.46289629967362E-07
 0.33398040902015E-07
 0.15507898578676E-07
-0.86740515162671E-08
-0.40730820903883E-07
-0.82307012753329E-07
-0.13556855771306E-06
-0.20286486679223E-06
-0.28669566723002E-06
-0.38984415906809E-06
-0.51491911009614E-06
-0.66406032464904E-06
-0.83985668468824E-06
-0.10425319321096E-05
-0.12712965521065E-05
-0.15233831474704E-05
-0.17919476354795E-05
-0.20666790675394E-05
-0.23312922504425E-05
-0.25641675021583E-05
-0.27366466318251E-05
-0.28143785287310E-05
-0.27574783841898E-05
-0.25235328446090E-05
-0.20717213808828E-05
-0.13685490492641E-05
-0.39439272485766E-06
 0.84791511343117E-06
