 0.75624131291703E-16
 0.15124826258341E-15
 0.22687239387511E-15
 0.30249652516681E-15
 0.38552539667310E-15
 0.40758343131821E-15
-0.78315585191300E-15
-0.91397651147454E-14
-0.86443968772592E-13
-0.52866793376100E-12
-0.23025573225181E-11
-0.78371999063955E-11
-0.21893967262577E-10
-0.52398397997369E-10
-0.11097861769056E-09
-0.21280179500542E-09
-0.37616743495188E-09
-0.62175870266382E-09
-0.97172999858096E-09
-0.14490180247734E-08
-0.20771183938575E-08
-0.28800434699078E-08
-0.38828386767479E-08
-0.51124663092661E-08
-0.65991409651875E-08
-0.83777658479212E-08
-0.10489630648697E-07
-0.12983885595567E-07
-0.15919317260019E-07
-0.19365793727695E-07
-0.23405210585289E-07
-0.28132692850383E-07
-0.33656695144675E-07
-0.40099318302216E-07
-0.47595425896830E-07
-0.56291767426453E-07
-0.66345147838780E-07
-0.77919977195064E-07
-0.91185402864959E-07
-0.10631179865253E-06
-0.12346645187195E-06
-0.14280828446967E-06
-0.16448230355754E-06
-0.18861189216054E-06
-0.21528935086719E-06
-0.24456358632633E-06
-0.27642385389664E-06
-0.31077723281266E-06
-0.34741947795184E-06
-0.38599647227480E-06
-0.42595481678729E-06
-0.46648065103057E-06
-0.50642539550609E-06
-0.54421459928067E-06
-0.57773482818812E-06
-0.60418501797484E-06
-0.61988145068697E-06
-0.62002523857611E-06
-0.59850292546906E-06
-0.54789839420957E-06
-0.46000424376871E-06
-0.32712731745284E-06
-0.14428275279617E-06
 0.88066480844965E-07
 0.36155610651345E-06
 0.65884222298393E-06
 0.95476195390788E-06
 0.12198917891188E-05
 0.14257692375354E-05
 0.15503678191704E-05
 0.15822758758685E-05
 0.15224644683912E-05
 0.13833307708929E-05
 0.11855241470757E-05
 0.95360757984517E-06
 0.71173736530883E-06
 0.48029813684275E-06
 0.27397707766791E-06
 0.10129032738764E-06
-0.34763900025939E-07
-0.13540140950569E-06
-0.20455419003114E-06
-0.24751089503413E-06
-0.26987339105605E-06
-0.27687395794666E-06
-0.27301029319508E-06
-0.26191756487028E-06
-0.24639124887528E-06
-0.22849042490183E-06
-0.20967101695167E-06
-0.19091904027291E-06
-0.17286883675467E-06
-0.15589983684518E-06
-0.14021236517665E-06
-0.12588495934322E-06
-0.11291587039144E-06
-0.10125316918026E-06
-0.90815544996218E-07
-0.81506564758230E-07
-0.73224194493404E-07
-0.65866964511583E-07
-0.59337560761502E-07
-0.53545196761604E-07
-0.48406501213456E-07
-0.43846007473844E-07
-0.39795968574379E-07
-0.36195968744579E-07
-0.32992497386922E-07
-0.30138246609387E-07
-0.27591663235389E-07
-0.25316131334923E-07
-0.23279526626885E-07
-0.21453712001534E-07
-0.19814055669653E-07
-0.18338876621628E-07
-0.17009289671171E-07
-0.15808656332812E-07
-0.14722445860115E-07
-0.13737824563136E-07
-0.12843598938525E-07
