41.77120317694837
42.23070735640073
42.714401921007045
43.221987027538
43.7531627545939
44.30763973116626
44.88513602844309
45.48537372210797
46.10811434313962
46.75309220317077
47.42008338996463
48.10887376532665
48.81926493974778
49.55107451333783
50.30413877369641
51.07831295821441
51.87346480288164
52.68948422346283
53.5262753828979
54.38376093689973
55.26188062822296
56.16058873455348
57.07985641689096
58.019671274990785
58.9800341390648
59.96096117492099
60.962482171359056
61.98464105439464
63.02749353987767
64.09110926092465
65.17556753921053
66.28094400159766
67.40739132043461
68.55497223854996
69.72382639726737
70.91408536868325
72.12589015244902
73.35938399220579
74.61473383372179
75.89210775715536
77.1916635698442
78.51358346894759
79.8580521238617
81.22526273519527
82.61540834716666
84.0287096283249
85.46530214392385
86.92547896226108
88.40941060939328
89.91732258566826
91.44943443319747
93.00596678435014
94.58714655238046
96.19320067516087
97.82435523119162
99.48084699957776
101.16290340682983
102.8707594732611
104.6046472214942
106.36479850661324
108.15145298582186
109.96483859112745
111.80518974117595
113.67273912836468
115.56771744451865
117.49035435324596
119.4408769210975
121.41950841112514
123.42648340422174
125.46201167099679
127.52631044023623
129.61961641660957
131.74211761605596
133.8940379823584
136.07557726122573
138.28694497475365
140.52833415247073
142.79994426102604
145.10196448102855
147.4345806766561
149.797977113207
152.19233338517506
154.6178200681366
157.07461140139776
159.56286857645802
162.0827526127901
164.63441682352715
167.21801664435753
169.83369462291168
172.48159307467657
175.16184868572543
177.8745934962995
180.61995494525536
183.39805592637566
186.20901485611165
189.05294575229325
191.92995832331707
194.8401580673317
197.78364638081885
200.76052067605156
203.77087450696678
206.8147977027176
209.89237650846985
213.00369373284443