48.11510175271446
48.58519420963355
49.08019318874253
49.5998056866892
50.14374104623155
50.71171171346976
51.30344665603415
51.91866976566006
52.557126360281046
53.2185717192649
53.90277719770024
54.609528213785126
55.33862556938266
56.08988550607277
56.86315376444718
57.658273557888755
58.47511879338225
59.313577153480914
60.17355447294202
61.05497438097061
61.95777670180946
62.88191560271714
63.82736186556918
64.7941063831798
65.782149470578
66.79150917425106
67.82221156349294
68.87430605463696
69.94784776770109
71.04290724719048
72.15956422809596
73.29791139224477
74.45805290477954
75.64010042976169
76.84417821548547
78.07041850552237
79.31896109226632
80.5899555133529
81.88353998876755
83.19993311924388
84.53925548211659
85.90169672228969
87.28744287653834
88.69668226729002
90.12960164175345
91.58642511250807
93.06733023746794
94.57309682069129
96.10224449144864
97.65667992083884
99.23605561375332
100.8405914488982
102.47051371897146
104.12604099682656
105.80736987090805
107.51482007222597
109.24852951889214
111.00875672370776
112.79572796088515
114.60967614732698
116.45082999976037
118.3194068367191
120.21564807437484
122.13977351367352
124.0920068331594
126.0725750918164
128.0816957398524
130.11957891131988
132.1864690529104
134.28255435297297
136.4080511031756
138.5631688037802
140.74811278530038
142.96308115577145
145.20827389473692
147.4838824616222
149.7900985442918
152.12710256873478
154.495081788036
156.89420293835957
159.32465759381088
161.78659149453316
164.2801800574926
166.80557705393036
169.36293510130238
171.95240555643494
174.5741319773542
177.228250253254
179.91489969635992
182.63420470424148
185.38629359287543
188.17128551152953
190.98929601910586
193.8404361464813
196.72481248141182
199.64252726391052
202.5936784915384
205.5783600340391
208.5966617566771
211.6486696516702
214.73446597722057
217.8541294033608
221.00773516414773
224.19535521557006