88.45261054724631
88.97290059428542
89.5214646208547
90.09807083826364
90.70248657794512
91.3344807002912
91.9938286209546
92.68031340790151
93.39372685630177
94.1338736113467
94.90057089538656
95.69364734578075
96.51295598246057
97.35835196986501
98.22971499187138
99.12693874592122
100.04993405452322
100.99862466638773
101.9729533000154
102.97287621754268
103.99836652861222
105.04940924763899
106.1260050749559
107.22817027628048
108.35592841866328
109.50932729334708
110.68841104919808
111.89324665412202
113.12390798371871
114.38048220475804
115.66305697587707
116.97174958303748
118.30666366436681
119.66792344251704
121.05565982864198
122.47000944933805
123.91111569641264
125.37912957426845
126.8742085396892
128.3965155384809
129.9462167139473
131.52327138888225
133.12849720223807
134.76143490565994
136.42248155212917
138.1118230169248
139.8296466965609
141.57615785742323
143.35153583247165
145.1559833893146
146.98969676793638
148.85287090745402
150.74570632341454
152.66839974853795
154.6211528728959
156.60421054434624
158.61761947915537
160.66172200094215
162.73666383298314
164.84263626678785
166.97982268021957
169.14842330673457
171.34860840465007
173.58056740603615
175.84447159853727
178.14049544426064
180.46881120987973
182.82958283744574
185.2229708414236
187.6491342890836
190.10822423800494
192.6003870058881
195.12576873248088
197.68450525999165
200.27671838652148
202.90256626600848
205.56213921491837
208.25556681180683
210.9829604908638
213.74442437594584
216.5400595195385
219.36968965292738
222.2342251897599
225.1329307649056
228.06615801647598
231.03398385305854
234.03647908673986
237.07370769069323
240.14573225079937
243.2526030122395
246.3943815611638
249.5711043491255
252.7828252104995
256.0295781052624
259.31139834787825
262.6283211322064
265.98037243440865
269.36757759475626
272.78996284119887
276.2475453607174
279.7403430097625
283.2683706035972
286.8316407232834
290.4301639063136