 0.00000000000000E+00
 0.00000000000000E+00
 0.00000000000000E+00
 0.00000000000000E+00
 0.00000000000000E+00
 0.00000000000000E+00
-0.19473415939843E-15
 0.52126901523358E-16
-0.41694075539819E-16
-0.18071989518567E-15
-0.13170648463902E-16
 0.79116587626970E-15
 0.44780660342936E-14
 0.20284978356614E-13
 0.72387512627096E-13
 0.21954367967172E-12
 0.58106656948917E-12
 0.13739163054561E-11
 0.29548772218050E-11
 0.58654835982602E-11
 0.10869097132100E-10
 0.18985147491141E-10
 0.31503224751904E-10
 0.49987703994641E-10
 0.76263144931109E-10
 0.11238995241829E-09
 0.16062402592396E-09
 0.22337294801185E-09
 0.30314398532734E-09
 0.40249405657309E-09
 0.52397879835592E-09
 0.67010633552685E-09
 0.84329817570195E-09
 0.10458544105162E-08
 0.12799289618255E-08
 0.15475106994618E-08
 0.18504122558441E-08
 0.21902661776573E-08
 0.25685259716874E-08
 0.29864731377793E-08
 0.34452276247873E-08
 0.39457617550631E-08
 0.44889158018830E-08
 0.50754152895588E-08
 0.57058877027961E-08
 0.63808800461084E-08
 0.71008739850605E-08
 0.78663002087664E-08
 0.86775503797175E-08
 0.95349864381812E-08
 0.10438947640415E-07
 0.11389754340327E-07
 0.12387709249863E-07
 0.13433095587712E-07
 0.14526172791160E-07
 0.15667169669324E-07
 0.16856275623752E-07
 0.18093629724546E-07
 0.19379308965378E-07
 0.20713315201794E-07
 0.22095561677767E-07
 0.23525859740351E-07
 0.25003905672565E-07
 0.26529268320971E-07
 0.28101377860713E-07
 0.29719515539721E-07
 0.31382805021629E-07
 0.33090205012368E-07
 0.34840503235305E-07
 0.36632311607083E-07
 0.38464062240135E-07
 0.40334004249888E-07
 0.42240200378322E-07
 0.44180523562934E-07
 0.46152652223311E-07
 0.48154064255570E-07
 0.50182248930552E-07
 0.52233594135482E-07
 0.54305574513832E-07
 0.56394529685636E-07
 0.58496742348398E-07
 0.60608190087850E-07
 0.62724512806107E-07
 0.64840976398827E-07
 0.66952433441678E-07
 0.69053282879628E-07
 0.71137431297336E-07
 0.73198259173626E-07
 0.75228596681443E-07
 0.77220714382779E-07
 0.79166334886980E-07
 0.81056672085907E-07
 0.82882504348253E-07
 0.84634286985192E-07
 0.86302307485262E-07
 0.87876883864081E-07
 0.89348602280909E-07
 0.90708585238409E-07
 0.91948776869639E-07
 0.93062227164022E-07
 0.94043354786443E-07
 0.94888167183419E-07
 0.95594419388636E-07
 0.96161697495273E-07
 0.96591419699886E-07
 0.96886755457341E-07
 0.97052470918005E-07
 0.97094714756125E-07
 0.97020762730504E-07
 0.96838740686273E-07
 0.96557345098697E-07
 0.96185577464599E-07
 0.95732505057563E-07
 0.95207056372207E-07
 0.94617855264525E-07
 0.93973094369190E-07
 0.93280445594548E-07
 0.92547003754170E-07
 0.91779258229163E-07
 0.90983087422531E-07
