 0.00000000000000E+00
 0.00000000000000E+00
 0.00000000000000E+00
 0.00000000000000E+00
 0.00000000000000E+00
 0.00000000000000E+00
-0.23529736047321E-15
-0.82316246260308E-16
-0.32332743848281E-15
-0.21931785551647E-14
-0.14921039140870E-14
 0.14524942938695E-14
 0.29467944569508E-14
 0.21446358375147E-13
 0.71761171666467E-13
 0.22222297061343E-12
 0.57800401906970E-12
 0.13647338009416E-11
 0.29137169614566E-11
 0.58359740945507E-11
 0.10799652360083E-10
 0.18891225887718E-10
 0.31371660862947E-10
 0.49885813817609E-10
 0.76087831193988E-10
 0.11234089089943E-09
 0.16074309888849E-09
 0.22407425392956E-09
 0.30482657083146E-09
 0.40603972429322E-09
 0.53082006502831E-09
 0.68233138270078E-09
 0.86440030268547E-09
 0.10805982361104E-08
 0.13353749643190E-08
 0.16335519504898E-08
 0.19803519758209E-08
 0.23821569764946E-08
 0.28458585170022E-08
 0.33797175310723E-08
 0.39926697737972E-08
 0.46955136794565E-08
 0.54998810194129E-08
 0.64195640792485E-08
 0.74684561319215E-08
 0.86633604796596E-08
 0.10021251040104E-07
 0.11560846901628E-07
 0.13301865053219E-07
 0.15264281791951E-07
 0.17468802110421E-07
 0.19935800790125E-07
 0.22685652396070E-07
 0.25737381985627E-07
 0.29109119248218E-07
 0.32816715932002E-07
 0.36874488926985E-07
 0.41293058981718E-07
 0.46080597725150E-07
 0.51241622617837E-07
 0.56775730096441E-07
 0.62678158494164E-07
 0.68938418045108E-07
 0.75538447143803E-07
 0.82453178658039E-07
 0.89646571204257E-07
 0.97070185909804E-07
 0.10466015037181E-06
 0.11233227445698E-06
 0.11997712488103E-06
 0.12745228904731E-06
 0.13457457502583E-06
 0.14110829341160E-06
 0.14675449433845E-06
 0.15113244512145E-06
 0.15376505628131E-06
 0.15799053296770E-06
 0.15128731892402E-06
 0.14457039083076E-06
 0.13286523635675E-06
 0.11496383950342E-06
 0.89510599450048E-07
 0.55039943117133E-07
 0.10061238067248E-07
-0.46817763345705E-07
-0.11670753297544E-06
-0.20018715473431E-06
-0.29700617073411E-06
-0.40575181600146E-06
-0.52352853058679E-06
-0.64571688667003E-06
-0.76589527018212E-06
-0.87600344920826E-06
-0.96682362944068E-06
-0.10287886665428E-05
-0.10530690594698E-05
-0.10328064175482E-05
-0.96429525614161E-06
-0.84787185832149E-06
-0.68831958400747E-06
-0.49463192693671E-06
-0.27915486017434E-06
-0.56207119762255E-07
 0.15957622235015E-06
 0.35489525052957E-06
 0.51915235881803E-06
 0.64534708976330E-06
 0.73039276647261E-06
 0.77489446691206E-06
 0.78249815007692E-06
 0.75899281238332E-06
 0.71133893151450E-06
 0.64677200165438E-06
 0.57209772794645E-06
 0.49320647234898E-06
 0.41481860024452E-06
 0.34041820046874E-06
 0.27233058775381E-06
 0.21188220135543E-06
 0.15960381819612E-06
