107.85476524170691
108.3933090064876
108.9613468718141
109.5586777670048
110.18510273018046
110.84042665032784
111.52446062603866
112.23702347336533
112.97794323957596
113.74706374843512
114.54423611889021
115.36932637170254
116.22221745929656
117.10280290638798
118.01099358387935
118.94671336530253
119.90990271031022
120.90051327699096
121.91851872232368
122.96389362507168
124.03661290894739
125.1367570842125
126.26427296882078
127.41921738611194
128.60163708434888
129.81158539442958
131.04912652274427
132.3143451603113
133.60731767730925
134.92814320806352
136.27692048103796
137.6537741520233
139.05881022758382
140.492161165113
141.95396037373968
143.44434669057344
144.96346494951268
146.51147175995288
148.08851548760396
149.69476410572375
151.33037822369863
152.9955268751781
154.6903847791011
156.41512457437594
158.16992474539134
159.9549649782707
161.7704265906164
163.61649180631767
165.49334474832224
167.40116904463483
169.34014944308686
171.31047125140344
173.3123088949262
175.34586007991123
177.41129355731428
179.50879543192448
181.63853631894975
183.8007061994109
185.9954598577652
188.22297365639946
190.48341139988904
192.77694349051754
195.10371650635474
197.46389962328428
199.8576287270861
202.2850602985544
204.74632976496105
207.24157457339567
209.7709245308366
212.3345097272391
214.93244602711312
217.56485594152275
220.23184017323712
222.93350761078884
225.66995771982292
228.44127429567988
231.24756422008812
234.08889065605135
236.96533752846835
239.87697695397958
242.82386973137258
245.80607847981221
248.82365767829123
251.87665562407997
254.9651179970873
258.0890717478608
261.24859059202254
264.44366328712954
267.67433902355737
270.940628770121
274.2425522049846
277.58013180656087
280.9533713548982
284.362268630724
287.80685744847216
291.2871116360082
294.8030340670581
298.3546330496909
301.94188974814335
305.5648018844093
309.2233535415338
312.9175362306378
316.64733490566175
320.4127341195567