109.53668850638041
110.07670312531435
110.64630990995889
111.24531127479841
111.87351120320089
112.53071809270082
113.21674593055138
113.93141732419242
114.6745646794507
115.44603224105987
116.24567640765122
117.07336777842329
117.92898969075696
118.81244114313604
119.72363483510149
120.66249822085396
121.62897419496917
122.62301730443568
123.64459949841238
124.69370439227953
125.77032703528451
126.87448371696051
128.00618823377621
129.16543893973832
130.35241013013834
131.5670260483501
132.8093996648094
134.079606249545
135.37773475004673
136.70387814254016
138.05814688771443
139.44064722795363
140.85150086068012
142.2908363643644
143.7587863125669
145.25549042882702
146.78109559351094
148.33575342532282
149.91961918864362
151.53285355166312
153.17562179713246
154.84809185408253
156.55043547911006
158.2828279546522
160.04544475989977
161.8384722989556
163.6620584133643
165.51644492486892
167.40176528150965
169.31821874557582
171.2659860738237
173.24525146686912
175.25619585615698
177.29900160298948
179.37384546093116
181.48091053242908
183.6203637874428
185.79239035155808
187.9975568511544
190.23481528212122
192.50554821966125
194.80951014009364
197.14685677154958
199.51774070382598
201.92230926766965
204.3607049043873
206.83307139955414
209.33953802532346
211.88020761486604
214.4552809979495
217.06479844532868
219.7088987521283
222.38768891916226
225.10126523868277
227.84973376974344
230.63317590193503
233.45167669087056
236.30531678477374
239.19416852715517
242.1183021403133
245.07777456885066
248.07264077967798
251.102965673673
254.16878952465356
257.2701394205931
260.40708070963353
263.5796204817588
266.78779451575883
270.03162696239053
273.3111332519205
276.6263382115917
279.9772347928326
283.36386180678795
286.7861959571026
290.2442470670196
293.73801752263995
297.2674992018944
300.8326873360234
304.43356650227315
308.0701412474154
311.7423862286442
315.4502829643629
319.1938252964771
322.97299175400383