130.76004362947256
131.3174161200061
131.90555187119787
132.52429284127712
133.1734842680134
133.85297906126505
134.56263452399875
135.30231954472853
136.07191168501546
136.8713006691903
137.70038732747236
138.55908553768185
139.44732085238024
140.36503343619296
141.3121739546573
142.28870494409608
143.29460912080285
144.32985849318982
145.3944912693675
146.48848425677022
147.61187326259295
148.76469319281335
149.94698797028815
151.15881537227153
152.4002381352707
153.67133136745753
154.9721758715543
156.30286389001634
157.66349411218567
159.0541738116958
160.47501247655285
161.9261366186849
163.4076666908739
164.91973647831907
166.46248288085306
168.03604806489454
169.6405797183704
171.27622793027209
172.9431465712217
174.64149447964462
176.37143173834664
178.1331207973849
179.9267258431284
181.7524185783516
183.61035727061375
185.50072300860086
187.4236761693644
189.37939077320397
191.3680293494784
193.3897662113474
195.44476097543745
197.53318814749642
199.65520484923348
201.810971234611
204.0006466357764
206.22439165883182
208.48235141401108
210.77467603998974
213.10150936568806
215.46299450554346
217.8596431773721
220.29045220294827
222.7566736408307
225.25807455619562
227.79474536995127
230.36680276943406
232.97435469602897
235.61750014131127
238.2963295210917
241.0109286131701
243.7613757096927
246.54775078842235
249.3701177925962
252.22854254994056
255.12307883004289
258.053779208075
261.02068510997344
264.0238425004221
267.06327843737415
270.13901994921775
273.25109585682026
276.399524401043
279.5842966690164
282.8054518484561
286.06297285789395
289.35686409159894
292.68711906159325
296.05372775422177
299.4566767219027
302.8959518803589
306.37152467723854
309.88338381131
313.43149451915275
317.0158307409553
320.63636017506917
324.2930478815727
327.9858633069453
331.71476499226964
335.4797135988786
339.28067187221785
343.11759557665226
346.99044525948176
350.89917493958
354.843741118346