140.47955487534315
141.04425261326887
141.64021523203203
142.2673042367998
142.92538687204674
143.61433423016115
144.33402821904664
145.08435863786588
145.86522523570352
146.67654780775155
147.51822473370797
148.3902136411037
149.29245977539702
150.22490094450862
151.18752834611553
152.18031378175968
153.20325353843634
154.25635148519905
155.33961780653107
156.45430495715985
157.5967829757398
158.770762254464
159.97507651267068
161.2097904725972
162.4749760246852
163.77071634217498
165.09709939594302
166.45422934411903
167.84219136052297
169.26109902117335
170.7111104246938
172.1922992865311
173.70481505644008
175.24878733883153
176.82435135802436
178.4316615401825
180.07085356700486
181.74208026896625
183.44549604982146
185.18125676856053
186.9495190805044
188.7504447090531
190.58419451075827
192.45093075340253
194.350817067283
196.2840163866398
198.25069193116084
200.2510066964229
202.28511996651974
204.35319583635354
206.45538954897427
208.59185953861976
210.7627568087157
212.96823493944487
215.20844011506108
217.48351569451543
219.7936003721987
222.13883348521586
224.51935035578498
226.93526795362789
229.3867003766843
231.87385553806547
234.3965747203195
236.95534032868625
239.55000386306224
242.1807169544021
244.84756950033898
247.5506430868505
250.29001189998476
253.06574786875143
255.877911052333
258.7265589772465
261.6117398930366
264.5335025910177
267.4918809718548
270.48693098148675
273.5186085730963
276.5870041215285
279.69207520006046
282.8339337229545
286.01247950198643
289.22775755462567
292.4797481564941
295.76844412087235
299.09383308047364
302.4558936761274
305.8546099762592
309.2899305572874
312.76187846184337
316.27036975565665
319.81538639915453
323.3968953640753
327.01484419949
330.6691951798626
334.35990241842416
338.08691077753815
341.85018506329646
345.6496638862517
349.4852985958284
353.35703419565715
357.26481352840653
361.20859277034276
365.18831458473505
369.2039139823644