142.91033956019834
143.47681783911727
144.0746842446489
144.7038049236211
145.36405141369053
146.0553028141305
146.77744458266608
147.53037237960996
148.31399242060272
149.12822131411173
149.9729865434774
150.84822804924212
151.75389650247652
152.68995484795963
153.65637697331175
154.65315032293304
155.68026942721676
156.73774500555538
157.8255933393013
158.94384728878447
160.0925370124613
161.27171987115278
162.48145018122403
163.72179554319433
164.99283082035188
166.29464650226947
167.6273119205214
168.99094736778952
170.38565069555466
171.81153353670604
173.2687130357822
174.7573160252586
176.27747029433343
177.82930888100492
179.4129698624526
181.02859836914433
182.67633923021066
184.35670808410964
186.0687623597349
187.81375246713043
189.59147067919994
191.4020783092834
193.24573325788958
195.12259796291022
197.0328340582994
198.97660369381484
200.95406815281672
202.96538892296198
205.0107246035758
207.09023160451574
209.20407280694278
211.35239724705949
213.53535461368384
215.75309612987425
218.0057513724969
220.2935022186181
222.6164474502582
224.97472853317697
227.36847828365882
229.797753504094
232.2628646920762
234.7649627781122
237.3005256055522
239.8733497661187
242.48229692841028
245.12745832820357
247.80886774220744
250.52673312627766
253.28102302445907
256.07180679701895
258.89916011473525
261.76313048166213
264.6637644226126
267.6011044539394
270.5751768466391
273.586003907353
276.6336461558997
279.7180714185407
282.83931075617437
285.9973577444019
289.19224096077033
292.423924292016
295.6924121249184
298.9976762428729
302.33971439112435
305.7184954783817
309.13399383499643
312.58617716671387
316.07501230257327
319.600441490901
323.16248956830407
326.76104775152663
330.3960929447063
334.0675779999946
337.77545338637304
341.5196694010828
345.30016821059314
349.116901691071
352.96981037774066
356.8588312663045
360.78393454210396
364.7450291327893
368.742082245848
372.7750202438753