0.
0.
0.
0.
0.
0.
0.
0.
0.
1.9859446137283985e-12
1.9859446137283985e-12
0.
0.
1.9859446137283985e-12
0.
1.9859446137283985e-12
3.971889227456797e-12
3.971889227456797e-12
3.971889227456797e-12
3.971889227456797e-12
5.9578338411851955e-12
3.971889227456797e-12
3.971889227456797e-12
5.9578338411851955e-12
5.9578338411851955e-12
5.9578338411851955e-12
5.9578338411851955e-12
5.9578338411851955e-12
6.08195537954322e-12
4.2201323041728465e-12
4.716618457604946e-12
8.192021531629644e-12
9.805601530283968e-12
1.8494109215345712e-11
4.021537842800007e-11
8.142372916286434e-11
1.738942752395929e-10
3.5610469354917346e-10
7.081133763325321e-10
1.3778731973124345e-9
2.5904165055319796e-9
4.739953306816255e-9
8.461117026789842e-9
1.4728385863101592e-8
2.5050208871416587e-8
4.168584629292759e-8
6.797938061407651e-8
1.0875243711391919e-7
1.70863599637505e-7
2.6393328037988776e-7
4.012501794807543e-7
6.008655405065889e-7
8.870643630448309e-7
1.2920648748070728e-6
1.858116806235003e-6
2.6400498539259718e-6
3.7082715881489537e-6
5.152336815923109e-6
7.085066181903579e-6
9.647401927083593e-6
0.000013013935765626777
0.000017399244420549563
0.000023065134101429
0.000030328730001543692
0.00003957163212315078
0.0000512500430985298
0.0000659061169945994
0.00008418032951367311
0.00010682520993161259
0.00013472028135915663
0.00016888824370809238
0.00021051270991435733
0.0002609571143649498
0.0003217852643216425
0.00039478316507992293
0.00048198247695379834
0.0005856853816606686
0.0007084910322487863
0.0008533234887595297
0.0010234612313503079
0.0012225681939063095
0.001454726335393992
0.001724469753300562
0.0020368203457378897
0.0023973249617636693
0.0028120940910578967
0.0032878420025941883
0.00383192839076718
0.004452401490622457
0.005158042577289877
0.005958411922603757
0.006863896191408778
0.007885757092362286
0.00903618152738004
0.010328333005632193
0.011776404392342303
0.013395671968433904
0.015202550834040974
0.017214651505322878
0.01945083790019932
0.021931286498523286
0.024677546873672882
0.02771260339684344
0.03106093833944466
0.0347485961197742
0.038803249026489316
0.04325426412433619
0.04813277157771955
0.053471734372004975
0.05930601932332685
0.06567246973325497
0.07260997934276542
0.08015956791617541
0.08836445844871217
0.09727015594980445
0.10692452795489087
0.11737788693814943
0.12868307437145113
0.14089554694700002
0.1540734646804149