0.
0.
0.
0.
0.
0.
0.
0.
0.
1.9859446137283985e-12
1.9859446137283985e-12
0.
0.
1.9859446137283985e-12
0.
1.9859446137283985e-12
3.971889227456797e-12
3.971889227456797e-12
5.9578338411851955e-12
3.971889227456797e-12
5.9578338411851955e-12
3.971889227456797e-12
3.971889227456797e-12
5.9578338411851955e-12
5.9578338411851955e-12
5.9578338411851955e-12
5.9578338411851955e-12
5.9578338411851955e-12
6.08195537954322e-12
4.344253842530871e-12
4.964861534320996e-12
8.564386146703719e-12
1.0798573837148167e-11
2.0852418444148185e-11
4.542848303903712e-11
9.27187891534446e-11
1.968567598358275e-10
4.0140905504985256e-10
7.967361547201618e-10
1.5382382248710025e-9
2.8782543529842396e-9
5.242893780242972e-9
9.317555641460213e-9
1.6150446328069485e-8
2.7362344887949874e-8
4.5376848479080175e-8
7.374395722003827e-8
1.1758529814809131e-7
1.8419201866946644e-7
2.8371043393724034e-7
4.3013897104743113e-7
6.424882089364922e-7
9.462061660062776e-7
1.3750517906240183e-6
1.9731659289898246e-6
2.797725415991398e-6
3.92205145088913e-6
5.439209618414635e-6
7.466309955345634e-6
0.000010149366929340355
0.000013669045893798895
0.000018247090473484024
0.000024153690915524253
0.00003171573159327313
0.00004132609205378607
0.0000534539813771041
0.00006865638553337191
0.00008759066596722438
0.00011102846766440259
0.0001398708036423105
0.00017516452600227663
0.0002181201259511268
0.00027013098467941905
0.00033279398386700925
0.0004079316237688221
0.0004976156621618315
0.0006041921686499422
0.0007303081842327284
0.000878939847494268
0.0010534220924188968
0.0012574798922648433
0.001495261019210092
0.0017713703118266914
0.002090905525601166
0.0024594947102739677
0.002883334933028772
0.003369232725729937
0.003924645772630623
0.004557726234251022
0.005277365364851272
0.006093239596896817
0.007015858044853579
0.008056611330132761
0.009227821791480281
0.010542794998518226
0.012015872642911263
0.01366248666963134
0.01549921474439075
0.017543836962042328
0.01981539389201687
0.02233424582836007
0.025122133341556163
0.028202239109424012
0.03159925101380464
0.03533942650316436
0.03945065832165186
0.043962541489176346
0.04890644168455552
0.05431556494596541
0.060225028864944755
0.06667193513059338
0.07369544363745385
0.08133684810209021
0.08963965326035479
0.09864965374948051
0.10841501469783751
0.1189863540836698
0.1304168269886714
0.14276221177879764
0.1560809982845501