0.
0.
0.
0.
0.
0.
0.
0.
0.
1.9859446137283985e-12
1.9859446137283985e-12
0.
0.
1.9859446137283985e-12
0.
1.9859446137283985e-12
3.971889227456797e-12
3.971889227456797e-12
5.9578338411851955e-12
3.971889227456797e-12
5.9578338411851955e-12
3.971889227456797e-12
3.971889227456797e-12
5.9578338411851955e-12
5.9578338411851955e-12
5.9578338411851955e-12
5.9578338411851955e-12
5.9578338411851955e-12
6.08195537954322e-12
4.344253842530871e-12
5.213104611037046e-12
9.309115376851867e-12
1.2536275374160516e-11
2.4700186133246955e-11
5.411699072409886e-11
1.1121289836879031e-10
2.347138290350251e-10
4.760060996030255e-10
9.388553161401005e-10
1.8002587923447933e-9
3.3478061325926477e-9
6.061351204175788e-9
1.0708709843376956e-8
1.8457493361530092e-8
3.111677318020341e-8
5.133579941411059e-8
8.304115692920776e-8
1.3183283717159392e-7
2.0562445706236167e-7
3.154788451938234e-7
4.7650655764568504e-7
7.092010533731635e-7
1.0409235601703633e-6
1.5078059819748436e-6
2.1570176064011133e-6
3.0494843594029775e-6
4.263080838875491e-6
5.8964849090286666e-6
8.073509045590018e-6
0.000010948253737955646
0.000014710944180409985
0.000019594624891418683
0.000025882681727096175
0.00003391740291607085
0.0000441094363759787
0.00005694843003233906
0.00007301472295037412
0.00009299224876189347
0.00011768267236378395
0.00014802082554839823
0.00018509144429651635
0.00023014727637209038
0.00028462865119283304
0.0003501843909581493
0.00042869425294036524
0.000522292877246096
0.0006333951258559371
0.0007647231023939059
0.0009193345412056954
0.0011006528556936524
0.0013124985980377671
0.0015591225915785165
0.0018452404327567583
0.002176068657771701
0.002557362287608554
0.0029954539566087665
0.003497294451309185
0.004070494799931589
0.004723369644171837
0.005464982197510523
0.006305190495504715
0.00725469508427597
0.008325088048766223
0.009528903363756926
0.0108796686328152
0.012391958038790365
0.01408144670966833
0.015964966236149764
0.018060561596518258
0.020387549234349343
0.02296657648293819
0.02581968216553064
0.028970358583853675
0.032443614625353244
0.03626604031421391
0.040465872521673586
0.04507306210621845
0.050119342313487324
0.05563829861970955
0.06166543990795995
0.06823827117470822
0.07539636764353425
0.0831814505028495
0.0916374641627422
0.10081065519590317
0.11074965304368437
0.12150555241604394
0.13313199767209866
0.1456852690330826
0.15922437094124323