0.
0.
0.
0.
0.
0.
5.9578338411851955e-12
1.9859446137283985e-12
4.096010765814822e-12
1.0674452298790142e-11
4.133247227322229e-11
3.0670432128267956e-10
1.8917363661146575e-9
9.228436376919151e-9
3.68951272769229e-8
1.2535207928930637e-7
3.7233110225871803e-7
9.881936276374154e-7
2.3844922949544833e-6
5.304437210850108e-6
0.000011002199937442964
0.00002147558999043463
0.00003975345329631607
0.00007023603455120684
0.00011908376994213855
0.00019464772165148515
0.0003079333916219745
0.00047308875205444154
0.0007079072879091593
0.0010343371577301607
0.001478988639234021
0.0020736329324400476
0.0028556869227926553
0.0038686797574994597
0.005162698568333827
0.006794811722977642
0.008829469370438684
0.011338881701314663
0.014403376236482116
0.01811173595539168
0.022561520326124965
0.027859371617367654
0.034121308609936396
0.041473009906548425
0.05005008848940912
0.0599983589204954
0.07147409801317033
0.08464429921232516
0.09968692034345236
0.1167911238183562
0.13615750771060714
0.15799832558930846
0.18253769268273734
0.21001177515686417
0.24066895953293618
0.27476999855064105
0.31258813017199
0.354409166252752
0.4005315475430655
0.4512663621705011
0.5069373248740313
0.5678807148265875
0.6344452701862417
0.7069920380638001
0.7858941788707672
0.8715367243625287
0.964316288914028
1.0646407336484964
1.1729287828429427
1.2896095919943837
1.4151222661567828
1.5499153268898067
1.6944461248243539
1.8491801944102826
2.0145905456879736
2.1911568872915965
2.379364773377912
2.579704666666293
2.7926709089621453
3.018760591135562
3.2584723152925905
3.5123048445246665
3.780755639207481
4.064319284434461
4.363485820136612
4.678738994368257
5.010554469667907
5.359398022753781
5.725723786817606
6.109972593043901
6.512570471676696
6.933927372194779
7.374436156234467
7.834471905677072
8.314391572851932
8.81453398144176
9.335220167364824
9.87675403124265
10.43942325904633
11.023500457428307
11.629244444926567
12.25690163976845
12.906707488793534
13.578887888732263
14.273660559616474
14.99123633944686
15.73182037837336
16.495613218746914
17.282811754658283
18.093610070041034
18.928200158892494
19.78677253406793
20.669516733171236
21.576621731228684
22.508276270164302
23.464669115217728
24.445989247941032
25.452426004937944
26.484169170675337
27.54140903204484