0.
0.
0.
0.
0.
0.
0.
0.
1.9859446137283985e-12
0.
1.9859446137283985e-12
6.206076917901245e-13
1.0550330760432116e-11
4.989685841992601e-11
2.7418447823287703e-10
1.2589647635654465e-9
4.892622798996626e-9
1.6526782832371015e-8
4.9454116892602934e-8
1.3354385257785928e-7
3.300495967032103e-7
7.555655369329584e-7
1.6176969859601211e-6
3.2659453714932246e-6
6.260211658005329e-6
0.000011459546101455398
0.000020132844802057516
0.000034092495088277136
0.00005585120581122027
0.00008880153487589147
0.00013741670200270023
0.00020747097384198634
0.0003062771249850635
0.00044293828478568
0.0006286113942619342
0.000876779090974767
0.0012035273039937028
0.0016278256718828617
0.002171808336775231
0.0028610527475374605
0.003724854674869433
0.004796497790997543
0.006113516544322478
0.0077179514986484
0.009656596494168097
0.011981237367314664
0.014748882141601674
0.018021982880723156
0.02186864953147006
0.026362856212734032
0.03158464049698152
0.037620296224002744
0.04456256052166018
0.0525107955020714
0.06157116514981988
0.07185680775978816
0.08348800421058916
0.09659234220342704
0.11130487637168252
0.12776828416974548
0.14613301707005333
0.16655744668479963
0.18920800505765412
0.21425931848093097
0.24189433379372235
0.27230443644183744
0.30568955909556755
0.3422582800172467
0.3822279100390469
0.4258245673875378
0.47328323934329514
0.5248478301323269
0.5807711944167959
0.6413151557643038
0.7067505100535385
0.7773570133351874
0.8534233543452228
0.935247111659264
1.0231346957274468
1.1174012760520675
1.218370693947272
1.3263753609579878
1.4417561435383541
1.5648622339010276
1.696051007094086
1.835687864129152
1.9841460604927188
2.1418065191556863
2.309057626567077
2.486295009802254
2.673921292225452
2.872345824485761
3.0819843869555967
3.303258859151602
3.536596850786227
3.782431288940116
4.041199955021494
4.3133449655222025
4.599312190305982
4.8995506030696525
5.214511559791976
5.544648002366015
5.890413587522243
6.252261743729267
6.630644662803764
7.026012236898247
7.438810956031105
7.8694827857096366
8.318464047942369
8.78618433215534
9.27306546407551
9.779520560854557
10.305953198992835
10.852756718047463
11.420313678068645
12.00899548219015
12.619162168915384
13.251162371325593
13.905333433943767
14.582001672327388