0.
0.
0.
0.
0.
0.
0.
0.
3.971889227456797e-12
3.971889227456797e-12
4.344253842530871e-12
5.9578338411851955e-12
3.8601798429345743e-11
2.2900423827055596e-10
1.156068008266644e-9
4.865440182096218e-9
1.7483884014649745e-8
5.4995771215673674e-8
1.5448539028654853e-7
3.940527438359875e-7
9.250247013639424e-7
2.0206636421948286e-6
4.145208819973792e-6
8.046953242458318e-6
0.000014878101883276735
0.000026343172262039833
0.000044876577487578924
0.00007384897372296915
0.00011780075787173163
0.0001827002027687921
0.00027622313924989067
0.0004080504002613739
0.0005901791412614886
0.0008372439812419135
0.0011668440601265355
0.001599872263952897
0.002160843409046298
0.0028782185070563263
0.003784722584858385
0.004917654378838714
0.006319186382949937
0.008036654340478006
0.01012283570785872
0.012636217032454908
0.01564125033788195
0.01920859905358313
0.023415374139424076
0.028345361172253277
0.03408923917962148
0.040744792180740126
0.048417114143288684
0.057218808012797856
0.06727017950062852
0.07869942586463954
0.09164281989590944
0.10624488911833851
0.12265858979103395
0.14104547531231704
0.1615758582801269
0.1844289651457195
0.20979308255482315
0.23786569397653212
0.2688536053527809
0.3029730583241217
0.34044982968794074
0.3815193156459523
0.4264265996089407
0.47542650236916795
0.5287836136483456
0.5867723041415199
0.6496767174718859
0.7177907416069628
0.7914179594496568
0.8708715786750864
0.9564743407158582
1.048558409374281
1.14746523908535
1.2535454232922343
1.3671585231414256
1.4886728765319288
1.6184653874127446
1.7569212949644706
1.9044339216036594
2.0614043987267205
2.228241367924306
2.4053606553360423
2.593184915557628
2.7921432410690787
3.0026707323204165
3.2252080228548263
3.4602007533376815
3.7080989880146458
3.9693565671504913
4.2444303893391275
4.533779618567178
4.837864812757899
5.157146972641737
5.492086513301641
5.843142164697652
6.210769812036235
6.595421292169676
6.99754316728894
7.417575501953282
7.855950673590599
8.313092248746083
8.789413958257336
9.285318802484188
9.80119831406497
10.337431999339692
10.894386972049377
11.472417784157662
12.071866449862359
12.693062650608864
13.33632410213231
14.001957059224864
14.690256930988204
15.401508978044907
16.135989063905722
16.893964434626092
17.675694504154905