0.
0.
0.
0.
0.
0.
0.
0.
0.
0.
0.
0.
0.
0.
0.
0.
0.
1.9859446137283985e-12
3.971889227456797e-12
5.9578338411851955e-12
6.08195537954322e-12
6.33019845625927e-12
5.5854692261111204e-12
9.557358453567918e-12
2.432782151817288e-11
6.08195537954322e-11
1.5775847525304966e-10
3.956994642853834e-10
9.559840884335078e-10
2.1840425889478064e-9
4.750751880653403e-9
9.88143979022072e-9
1.9723408931243588e-8
3.787680452379652e-8
7.023727551834734e-8
1.261282112686591e-7
2.1987758155509038e-7
3.729503446135862e-7
6.167725844979383e-7
9.963671550598296e-7
1.5749043479096549e-6
2.4394315908702043e-6
3.707869930850827e-6
5.537397823155826e-6
8.134489957385316e-6
0.000011766643143285441
0.000016776072253655424
0.0000235952532198669
0.0000327648309150536
0.000044953546122365505
0.0000609805880863256
0.00008184028154208002
0.00010872921608415855
0.0001430757987600284
0.00018657220866365835
0.00024120890930162377
0.00030931140768317763
0.0003935794473095668
0.0004971285007630901
0.0006235333842779753
0.0007768740706278231
0.0009617834644986929
0.0011834971263220981
0.0014479047669499904
0.001761603399724643
0.0021319520760911233
0.002567128021052474
0.003076184134706543
0.0036691076174551044
0.004356879669981378
0.005151536228897661
0.006066229497267303
0.007115290216504613
0.008314290681142186
0.009680108240402902
0.011230989421496704
0.012986614365827778
0.01496816176876282
0.017198374084026406
0.019701623043985702
0.022503975468021235
0.025633259268871552
0.029119129766551014
0.03299313615146171
0.03728878823869448
0.042041623436936085
0.047289273958420426
0.05307153434390016
0.05943042925584507
0.06641028165542409
0.07405778127216608
0.08242205356750006
0.09155472908543057
0.10151001334674133
0.11234475723310647
0.124118527965744
0.1368936807507261
0.150735430997855
0.16571192738617177
0.1818943255534243
0.1993568626224867
0.21817693265409766
0.2384351627800332
0.2602154904485325
0.28360524141494936
0.3086952088951745
0.3355797335512923
0.36435678463516785
0.39512804213034336
0.42799898003932785
0.46307895078822947
0.5004812707980058
0.5403233072974258
0.582726566394625
0.6278167824997224
0.675724009069333
0.7265827108657349
0.7805318577617212
0.8377150201451319
0.8982804660977016