0.
0.
0.
0.
0.
0.
0.
0.
0.
0.
0.
0.
0.
0.
0.
0.
0.
0.
1.9859446137283985e-12
3.971889227456797e-12
5.9578338411851955e-12
5.9578338411851955e-12
4.2201323041728465e-12
4.840739995962971e-12
8.936750761777794e-12
1.5639313833111137e-11
3.4505787663530926e-11
8.229257993137052e-11
2.067864829044695e-10
4.889147395922601e-10
1.111260132919397e-9
2.4181358102910413e-9
5.0342454742631325e-9
1.0066008517759103e-8
1.9384929496141256e-8
3.606847783145846e-8
6.50460162980613e-8
1.1392222330806928e-7
1.9421917714571948e-7
3.2294574869836543e-7
5.246833397870456e-7
8.3425226205349e-7
1.3000864774665369e-6
1.9883766511509857e-6
2.988189047751019e-6
4.417611657645078e-6
6.431005501338277e-6
9.227648949879809e-6
0.000013061645106054681
0.00001825345803252333
0.00002520293620423383
0.000034404102458568036
0.00004646168760485853
0.00006210948055261952
0.00008223063124394064
0.00010787980845815001
0.00014030738340410488
0.00018098557579812512
0.00023163657645330373
0.0002942626313614878
0.00037117811569176265
0.0004650434956775341
0.0005789011585327635
0.0007162131334839602
0.0008809004848434191
0.001077384486598896
0.0013106294139345646
0.001586186832650698
0.001910241479697351
0.0022896584302277857
0.0027320316673494047
0.003245733828298622
0.003839967188976325
0.004524815627181664
0.005311297703932661
0.006211420594150503
0.007238234970473132
0.008405890634032253
0.009729692899641042
0.011226159759844525
0.012913079591877551
0.01480956961195855
0.016936134787219413
0.019314727399025188
0.021968807133189727
0.024923401586867316
0.028205167501803567
0.03184245228021103
0.03586535614185671
0.04030579481797518
0.04519756271920191
0.05057639669072556
0.0564800403122097
0.06294830888410666
0.07002315498691637
0.07774873467023795
0.08617147447591793
0.09534013909049478
0.10530589986003983
0.11612240409230108
0.12784584529199286
0.14053503425450986
0.15425147122001165
0.16905941895308138
0.18502597699421594
0.20222115694500045
0.2207179589849405
0.24059244959636952
0.2619238405246137
0.2847945690923228
0.30929037988385455
0.3355004078620215
0.36351726291000175
0.39343711596337
0.4253597867200866
0.4593888329726302
0.495631641705015
0.534199521901568
0.5752077993180681
0.6187759131042808