0.
0.
0.
0.
0.
0.
0.
0.
0.
0.
0.
0.
0.
0.
0.
0.
0.
0.
1.9859446137283985e-12
5.9578338411851955e-12
5.9578338411851955e-12
6.08195537954322e-12
4.344253842530871e-12
5.337226149395071e-12
1.0674452298790142e-11
2.0604175367432134e-11
4.8531521497987737e-11
1.1890843374698786e-10
2.9677459821403756e-10
6.976871671104579e-10
1.5727440125345335e-9
3.3819395556411045e-9
6.972527417262049e-9
1.380293567310416e-8
2.6347403068796304e-8
4.8614558807149256e-8
8.69581844367103e-8
1.511446590816423e-7
2.558059261697426e-7
4.2244157384615823e-7
6.81847893479052e-7
1.0774033767799401e-6
1.6690455698926826e-6
2.538218930277049e-6
3.793870517619105e-6
5.579645195288286e-6
8.08238944517338e-6
0.000011542043233681982
0.0000162631691649524
0.000022628033898024298
0.000031111569136464676
0.00004229804226806319
0.00005689974807553659
0.00007577765809213606
0.00009996403355999152
0.0001306872143631447
0.00016939833606455929
0.00021780025630651356
0.00027787849260052245
0.00035193417634752847
0.00044261909185169384
0.0005529726115389347
0.000686460570946856
0.0008470159683013008
0.0010390814413892072
0.001267653465500716
0.00153832808452052
0.00185734824082875
0.0022316524925082935
0.0026689250867040415
0.003177647299270072
0.003767149926637071
0.004447666858530111
0.0052303896755579735
0.006127523128561875
0.007152341477133487
0.008319245669801103
0.009643821144823502
0.011142896343565563
0.012834601848453451
0.014738430031938192
0.016875295327432267
0.019267594877327435
0.02193926980484743
0.024915866801914054
0.028224600269726535
0.03189441486931427
0.03595604851557587
0.04044209586643899
0.04538707221690463
0.05082747796082336
0.05680186352545048
0.06335089482284324
0.07051741936828726
0.07834653286988826
0.0868856466070803
0.09618455539300175
0.10629550630133584
0.1172732682153322
0.12917520207389502
0.14206133214502517
0.1559944180449846
0.17104002784861294
0.1872666121386239
0.2047455791425783
0.2235513708932396
0.24376154069046763
0.2654568315482649
0.2887212560904456
0.31364217756972856
0.34031039231832394
0.3688202135518168
0.3992695565694186
0.4317600255139289
0.4663970016173091
0.5032897330451886
0.5425514264576005
0.5842993402596307
0.6286548796528242
0.6757436936694312