32.17261839302052
32.61347940976226
33.07726595512374
33.5636672021728
34.07238306359561
34.60311718784993
35.155588414884924
35.72952535343731
36.32468162337713
36.94080682007602
37.57767986223391
38.23509330481116
38.91285487836787
39.61079031695715
40.32874181491114
41.06657025716065
41.824155030578034
42.601388380820495
43.39817183089579
44.21444442227123
45.05014486898735
45.90522815248044
46.779681753766866
47.67348243725419
48.586637647746805
49.519164754022775
50.47109881723407
51.442481200938104
52.43336911303339
53.44383581615879
54.47395861903837
55.52383028907511
56.5935571744168
57.683248518136004
58.793029691123245
59.9230313118473
61.073395653154286
62.244272042998986
63.43581700090936
64.64819524646691
65.88158296259152
67.13615357829926
68.4126533175507
69.7095959914802
71.02885725057445
72.3700762089158
73.73346446812351
75.11922834285392
76.527588075308
77.95875838603413
79.41296446049407
80.89042755169748
82.39138724353852
83.91606483359216
85.46469731400968
87.03751785461257
88.63476814283084
90.2566821880607
91.90347553809549
93.57546247327002
95.2728089143772
96.99578282311876
98.74462108460938
100.51956340845221
102.32085001839422
104.14873246294492
106.0034268383537
107.88518191737208
109.79423105475878
111.73080280659616
113.6951293252143
115.6874381936549
117.70795808470878
119.75690707227245
121.83450782929792
123.94097563812925
126.07652631995207
128.24133271731566
130.43570670811118
132.65974284741614
134.91366464204864
137.19770814627364
139.51201816496481
141.8568009419264
144.23223342106803
146.6384944664546
149.0757570468233
151.54418963044105
154.04395615149443
156.57521598921716
159.13812395966127
161.73283031995652
164.35948078487863
167.01821655547315
169.70917435946453
172.4324865031111
175.18828093419623
177.97668131568926
180.7978071097063
183.65177367139472
186.5386923521368
189.45867061171307
192.4118121389011
195.3982169800083