33.44113737927221
33.884689380553645
34.35134935183663
34.84080807821536
35.35276234987183
35.886921092348224
36.44299891620676
37.020728646716826
37.61985144189201
38.24012672667013
38.8813300976879
39.543243102776025
40.22569120424957
40.928482250947155
41.65146221341786
42.394489656004055
43.15744204879762
43.94020908110514
44.742701204771876
45.56484389415867
46.40657871106176
47.26786786913094
48.14868041002063
49.04900712477361
49.96885050319259
50.9082285864514
51.8671724637526
52.845726780010764
53.84394792711616
54.86190578483258
55.8996806694911
56.95736583673642
58.035063007342906
59.132884465475975
60.25095657142848
61.389408190450375
62.5483806540315
63.72802438031184
64.92849670863687
66.14995572627684
67.3925922870063
68.65656572574493
69.94206718076104
71.24929094553357
72.57843025741917
73.9296816822986
75.30326914026753
76.6992841654298
78.11825470992696
79.56009156870054
81.02512273916605
82.5135703132406
84.02566379306748
85.56163398794921
87.1217132470116
88.70613674993143
90.315144072666
91.9489674201969
93.60784769397397
95.29202442762765
97.00173749266379
98.73722620916347
100.4987309959474
102.28648737561637
104.10074136856545
105.94172265610524
107.80967199742987
109.70482131871678
111.62740666947357
113.57765619348956
NaN
117.56206769125392
119.59667060774363
121.65985350706758
123.75181313437277
125.8727749258019
128.0229416983971
130.20252417654376
132.4117473759845
134.65078147844582
136.9198367328537
139.21910417485051
141.5487709676669
143.90902357966934
146.30003955813666
148.72199465227547
151.17505952307215
153.6594003003704
156.17517855282495
158.72255127067294
161.30167086119414
163.91268515670941
166.55573743488026
169.23096645107435
171.93850648247718
174.678487383611
177.45103465292527
180.2562695099731
183.0943089827877
185.96526600507653
188.86924952259523
191.80636460835404
194.77671258609348
197.7803911615476