 0.00000000000000E+00
 0.00000000000000E+00
 0.00000000000000E+00
 0.00000000000000E+00
 0.00000000000000E+00
 0.00000000000000E+00
 0.00000000000000E+00
 0.00000000000000E+00
 0.00000000000000E+00
 0.00000000000000E+00
 0.00000000000000E+00
 0.00000000000000E+00
 0.00000000000000E+00
 0.00000000000000E+00
 0.00000000000000E+00
 0.00000000000000E+00
 0.50257900974051E-16
 0.21774575301837E-16
 0.45101154570347E-17
 0.91313212316378E-17
 0.40928532517345E-16
-0.29776695825267E-16
 0.40160592476566E-16
 0.10646110283601E-16
 0.35763871496772E-16
 0.11667942450922E-15
 0.26923896076734E-15
 0.58530420197217E-15
 0.12336527950375E-14
 0.25144224539221E-14
 0.47099393189722E-14
 0.87481824616793E-14
 0.15399400062764E-13
 0.26278462791581E-13
 0.43556386860194E-13
 0.69987563948920E-13
 0.10956051591725E-12
 0.16729317702563E-12
 0.24982557509269E-12
 0.36537463366221E-12
 0.52392010382152E-12
 0.73811734789067E-12
 0.10225159557466E-11
 0.13947573523858E-11
 0.18751630114675E-11
 0.24871782564025E-11
 0.32576040010486E-11
 0.42164480626738E-11
 0.53973706817541E-11
 0.68374650289018E-11
 0.85774133431211E-11
 0.10661475716244E-10
 0.13137408563779E-10
 0.16056406577526E-10
 0.19472928219235E-10
 0.23444521880827E-10
 0.28031794467928E-10
 0.33298091304709E-10
 0.39309232496020E-10
 0.46133458814586E-10
 0.53840849019499E-10
 0.62503394622097E-10
 0.72194622569169E-10
 0.82989186383286E-10
 0.94962795895804E-10
 0.10819179714992E-09
 0.12275299311675E-09
 0.13872335774263E-09
 0.15617986373459E-09
 0.17519919024612E-09
 0.19585747241525E-09
 0.21823026603702E-09
 0.24239224468845E-09
 0.26841704873440E-09
 0.29637721218843E-09
 0.32634397963536E-09
 0.35838722201087E-09
 0.39257538198835E-09
 0.42897537058145E-09
 0.46765254251212E-09
 0.50867063901115E-09
 0.55209177724060E-09
 0.59797644310467E-09
 0.64638352490955E-09
 0.69737032893676E-09
 0.75099252976622E-09
 0.80730430514075E-09
 0.86635832951346E-09
 0.92820584090652E-09
 0.99289668387850E-09
 0.10604793707035E-08
 0.11310011172280E-08
 0.12045079563898E-08
 0.12810447439078E-08
 0.13606551730244E-08
 0.14433819429364E-08
 0.15292666889735E-08
 0.16183500749159E-08
 0.17106718326508E-08
 0.18062707453352E-08
 0.19051847030311E-08
 0.20074506796165E-08
 0.21131047827436E-08
 0.22221822339459E-08
 0.23347173020280E-08
 0.24507433617666E-08
 0.25702928243465E-08
 0.26933966669227E-08
 0.28200842767321E-08
 0.29503908341821E-08
 0.30843378550275E-08
 0.32219548790173E-08
 0.33632678596134E-08
 0.35083009306247E-08
 0.36570792955440E-08
 0.38096234070940E-08
 0.39659546821473E-08
 0.41260926281818E-08
 0.42900553961913E-08
 0.44578597506841E-08
