 0.00000000000000E+00
 0.00000000000000E+00
 0.00000000000000E+00
 0.00000000000000E+00
 0.00000000000000E+00
 0.00000000000000E+00
 0.00000000000000E+00
 0.00000000000000E+00
 0.00000000000000E+00
 0.00000000000000E+00
 0.00000000000000E+00
 0.00000000000000E+00
 0.00000000000000E+00
 0.00000000000000E+00
 0.00000000000000E+00
 0.00000000000000E+00
 0.24739447560402E-14
-0.16267080043777E-14
 0.50959501631050E-14
 0.31802488596944E-14
 0.78363414575460E-14
 0.33823003688066E-15
 0.16146493784416E-13
-0.71129028733782E-14
-0.45230862443357E-14
-0.33780341034232E-14
 0.29883412248312E-14
 0.13400327509370E-13
-0.13397267752021E-13
 0.26992658252551E-13
-0.23791878612085E-13
 0.55412113337690E-13
 0.41662091752569E-13
-0.13206939257556E-13
 0.93869321919668E-13
 0.61527072835343E-13
 0.12917212884480E-12
 0.12165983380049E-12
 0.17796214544009E-12
 0.44664969499910E-12
 0.46930018102153E-12
 0.88497811501616E-12
 0.10281563150796E-11
 0.14351251969640E-11
 0.18775904606737E-11
 0.23258825867922E-11
 0.31751318109291E-11
 0.41667995491804E-11
 0.52971427593848E-11
 0.69519027942471E-11
 0.86434606730415E-11
 0.10755805255700E-10
 0.13027725855583E-10
 0.16077271614921E-10
 0.19690674429865E-10
 0.23546695544944E-10
 0.28040185273209E-10
 0.33509313475392E-10
 0.39250350663252E-10
 0.46578943451226E-10
 0.54537540891546E-10
 0.62960831316279E-10
 0.72816368834955E-10
 0.83523242595527E-10
 0.95872797817466E-10
 0.10956382658647E-09
 0.12461228711405E-09
 0.14086558352123E-09
 0.15888795057074E-09
 0.17915329602569E-09
 0.20068078208055E-09
 0.22426959383717E-09
 0.24999229002456E-09
 0.27772387848437E-09
 0.30809138289380E-09
 0.34102309091646E-09
 0.37650209776528E-09
 0.41447485873469E-09
 0.45561216897478E-09
 0.50020023469762E-09
 0.54809227213649E-09
 0.59904965671310E-09
 0.65373342714380E-09
 0.71179551542796E-09
 0.77496907259839E-09
 0.84257104166396E-09
 0.91439881782543E-09
 0.99114157326792E-09
 0.10730993397980E-08
 0.11601071639123E-08
 0.12532730632293E-08
 0.13515870231993E-08
 0.14561120737335E-08
 0.15685207646038E-08
 0.16860878904224E-08
 0.18112067090669E-08
 0.19431641312713E-08
 0.20824185388419E-08
 0.22297820568043E-08
 0.23851105790921E-08
 0.25493176101521E-08
 0.27198254857223E-08
 0.28988636766917E-08
 0.30880176339703E-08
 0.32853237895465E-08
 0.34910689289292E-08
 0.37055893176770E-08
 0.36495936596212E-08
 0.41388060967643E-08
 0.44056732922496E-08
 0.46554110247979E-08
 0.49146995665289E-08
 0.51836976058556E-08
 0.53115153733605E-08
 0.57479638369535E-08
 0.60434812740185E-08
 0.63476168842128E-08
 0.66598541006856E-08
 0.69816356349887E-08
 0.73118793938030E-08
