 0.00000000000000E+00
 0.00000000000000E+00
 0.00000000000000E+00
 0.00000000000000E+00
 0.00000000000000E+00
 0.00000000000000E+00
 0.00000000000000E+00
 0.00000000000000E+00
 0.00000000000000E+00
 0.00000000000000E+00
 0.00000000000000E+00
 0.00000000000000E+00
 0.00000000000000E+00
 0.00000000000000E+00
 0.00000000000000E+00
 0.00000000000000E+00
-0.57289060745896E-14
 0.49198380591574E-14
 0.57862087187518E-14
 0.14241772136580E-13
 0.23979818917407E-13
-0.30215838722325E-13
 0.13804805893051E-12
-0.12799904679613E-13
-0.23412522515663E-13
-0.82660815984633E-13
 0.10095464491819E-12
 0.80402165816568E-13
 0.11698475524971E-12
 0.24008985802350E-12
 0.45285341129000E-12
 0.24297164281302E-13
 0.46860899237582E-12
-0.11627156318255E-12
 0.11458436720141E-11
 0.14347287722008E-12
 0.50432700563335E-13
 0.36815259639615E-12
-0.81408096519302E-13
-0.14655291350897E-11
-0.29188733751110E-12
-0.83607536051523E-13
-0.16831925973135E-11
-0.44676241183165E-12
-0.26697268812753E-11
-0.13679020248416E-11
 0.17916084111195E-11
-0.44408921229929E-11
-0.51956595570772E-11
-0.71857408890022E-11
-0.11264593450300E-10
-0.12348895571670E-10
-0.92926855795503E-11
-0.16158597641869E-10
-0.17551779326719E-10
-0.19166183817797E-10
-0.28706654807540E-10
-0.34984932423247E-10
-0.43632099723746E-10
-0.49094550797156E-10
-0.53873054862125E-10
-0.58925958733603E-10
-0.75261482984442E-10
-0.81555550007855E-10
-0.10272703680163E-09
-0.10542454060371E-09
-0.12260347896947E-09
-0.13637177439089E-09
-0.16967002287956E-09
-0.18149656889597E-09
-0.20408071706072E-09
-0.22325478274270E-09
-0.26322174895087E-09
-0.28718059553779E-09
-0.32127006560401E-09
-0.35061362837678E-09
-0.40200680515386E-09
-0.42984387406224E-09
-0.47443510021477E-09
-0.53956786252022E-09
-0.59069824308563E-09
-0.63580368390168E-09
-0.70691532313494E-09
-0.78933589311482E-09
-0.84592449127883E-09
-0.93630469158787E-09
-0.10083740218193E-08
-0.11049572579525E-08
-0.12152430932267E-08
-0.13083023720652E-08
-0.14341751139064E-08
-0.15705280078953E-08
-0.17062712338712E-08
-0.18676657426349E-08
-0.19838333241069E-08
-0.21556463973697E-08
-0.23337014040675E-08
-0.25084976806477E-08
-0.27046323465406E-08
-0.29212513009267E-08
-0.31297932825795E-08
-0.33801526284561E-08
-0.35876073992010E-08
-0.38653738598668E-08
-0.40791589996101E-08
-0.43876408378134E-08
-0.46429068075657E-08
-0.79934964719144E-08
 0.18957309342958E-07
-0.55474012238802E-08
-0.59067018402658E-08
-0.61847740015331E-08
-0.65297824408403E-08
-0.13368115730488E-07
-0.72647705715116E-08
-0.76168362274657E-08
-0.80237918789338E-08
-0.83640014771717E-08
-0.88053355571921E-08
-0.92227360691820E-08
