0.
0.
0.
0.
0.
0.
0.
0.
0.
0.
0.
0.
0.
1.241215383580249e-13
5.213104611037046e-12
1.4025733834456814e-11
4.195307996501242e-11
1.8469284907674106e-10
7.021555424913469e-10
2.343290522661152e-9
7.013735767996913e-9
1.911930940405508e-8
4.803056696917475e-8
1.1226669022944995e-7
2.462438510977171e-7
5.104968685604151e-7
1.006394437657621e-6
1.8966611363920888e-6
3.43258859058348e-6
5.989402789129637e-6
0.00001011040977094669
0.000016561114229273155
0.00002639366639330234
0.00004102232879235479
0.00006230995893070156
0.00009266544854294294
0.00013515199059178584
0.0001936055341616897
0.00027276279162198266
0.00037839795415710927
0.0005174671764363282
0.0006982597916497066
0.0009305552002637532
0.0012257842600446411
0.0015971941627795645
0.002060015747131527
0.0026316321484072223
0.0033317480524244414
0.00418255852376672
0.005208916872592562
0.006438500736825165
0.007901976020639079
0.0096331581777389
0.011669170555936428
0.014050599551307804
0.01682164646084184
0.02003027600825878
0.023728361398273706
0.027971826232943402
0.03282078311682288
0.0383396693080293
0.04459737950073308
0.051667395883305246
0.059627915779694445
0.06856197691846887
0.07855758052029808
0.0897078123718112
0.10211096195260855
0.11587063965253953
0.13109589208570074
0.14790131548514268
0.1664071670725337
0.1867394742885891
0.20903014165699912
0.23341705514345992
0.2600441836852303
0.28906167764570123
0.32062596387895786
0.3548998371647798
0.39205254754949187
0.43225988349312133
0.475704250365472
0.5225747441566928
0.573067220090299
0.6273843560660344
0.6857357107090326
0.7483377759839446
0.8154140243914079
0.8871949507150856
0.9639181084589095
1.045828141098524
1.1331768083357234
1.2262230075652716
1.325232790833379
1.4304793774531679
1.54224316276604
1.6608117229767059
1.7864798165051177
1.9195493819198444
2.060329532441599
2.2091365470679274
2.3662938579916277
2.532132033953572
2.7069887589003763
2.8912088051093616
3.0851439994606316
3.2891531814354638
3.5036021508867097
3.728863603102627
3.965317048566524
4.213348713855394
4.473351420012226
4.7457244340422795
5.030873288752782
5.329209565776689
5.641150636290237
5.967119353978085
6.3075436944823435
6.662856336499825
7.03349417981712