0.
0.
0.
0.
0.
0.
0.
0.
0.
3.971889227456797e-12
3.971889227456797e-12
6.08195537954322e-12
9.557358453567918e-12
1.874235229206176e-11
8.539561839032113e-11
4.0029196120463033e-10
1.6554089570809781e-9
5.924445147366887e-9
1.87097083274736e-8
5.3031299628081217e-8
1.3696799345654212e-7
3.263355079109231e-7
7.246703206987241e-7
1.5127975296399118e-6
2.9904001488353285e-6
5.631812112523241e-6
0.000010158072689919247
0.000017626808352489014
0.000029540927991033
0.000047976568018033626
0.00007573026873703405
0.00011648455731554776
0.00017499076714363538
0.0002572674610075545
0.00037081257031400597
0.000524827068556575
0.0007304477786379366
0.0010009871725789258
0.0013521777529259514
0.0018024189330973425
0.0023730244055273414
0.0030884682743043015
0.003976628308437442
0.005069025196796482
0.006401056646297851
0.00801222561956833
0.00994636215825585
0.012251838510976255
0.014981777413971293
0.018194253576608845
0.021952488614507173
0.02632503964526165
0.03138598203817115
0.03721508659971997
0.04389799176664333
0.05152637114828283
0.060198096841610635
0.07001739883816287
0.08109502077348364
0.09354837216467432
0.10750167720779014
0.12308611999234458
0.1404399860572072
0.1597087998408094
0.18104545773099312
0.20461035610928632
0.23057151383875377
0.2591046884660847
0.2903934854847899
0.32462945983248703
0.36201220895710556
0.4027494566325624
0.4470571269607676
0.49515940781250106
0.5472888032752167
0.6036861746265552
0.6646007695482101
0.7302902393598308
0.8010206441616265
0.8770664459426412
0.9587104897935942
1.0462439734280915
1.1399664052301661
1.2401855513178077
1.3472173717302174
1.4613859462303114
1.5830233898212707
1.7124697581221142
1.8500729425247184
1.9961885548404719
2.15117980070723
2.3154173410725303
2.4892791400471523
2.673150297489488
2.8674228639037103
3.0724956345664567
3.2887739194444676
3.516669284570235
3.7565992601401654
4.008987009953231
4.274260956442038
4.552854355213482
4.845204813153334
5.151753744379068
5.472945759052748
5.8092279813927545
6.16104929501222
6.528859515964125
6.913108497035963
7.314245170171684
7.732716537755565
8.168966627556147
8.62343542981193
9.096557838431476
9.5887626206595
10.10047144090878
10.632097964247897
11.184047063400032
11.756714149688017
12.350484643876182