 0.00000000000000E+00
 0.00000000000000E+00
 0.00000000000000E+00
 0.00000000000000E+00
-0.76815626799345E-15
-0.12987141108332E-14
 0.44949271540521E-15
-0.17741541548648E-15
-0.97811833490335E-15
-0.94518427780705E-14
-0.60545208410026E-13
-0.27925188435708E-12
-0.10053234334303E-11
-0.30017316185390E-11
-0.76940796512301E-11
-0.17434644830681E-10
-0.35681634640983E-10
-0.67127164998894E-10
-0.11767094949021E-09
-0.19429227104553E-09
-0.30484267370633E-09
-0.45775479778408E-09
-0.66177076564644E-09
-0.92563692651181E-09
-0.12578744977604E-08
-0.16665785324570E-08
-0.21593011129580E-08
-0.27429789033519E-08
-0.34239372486641E-08
-0.42079369522228E-08
-0.51002642499954E-08
-0.61058488260152E-08
-0.72294019468623E-08
-0.84755582049379E-08
-0.98490121819521E-08
-0.11354646626408E-07
-0.12997636608183E-07
-0.14783531183640E-07
-0.16718299538271E-07
-0.18808349849447E-07
-0.21060507108381E-07
-0.23481960611589E-07
-0.26080170212609E-07
-0.28862745939546E-07
-0.31837297985675E-07
-0.35011258536523E-07
-0.38391688930912E-07
-0.41985073504556E-07
-0.45797102107543E-07
-0.49832459534314E-07
-0.54094610134854E-07
-0.58585591568767E-07
-0.63305817307723E-07
-0.68253882546902E-07
-0.73426372195956E-07
-0.78817667378057E-07
-0.84419729743931E-07
-0.90221860972715E-07
-0.96210417314116E-07
-0.10236845668596E-06
-0.10867530286691E-06
-0.11510600499618E-06
-0.12163067404430E-06
-0.12821368634240E-06
-0.13481276111295E-06
-0.14137792423942E-06
-0.14785042073841E-06
-0.15416164651359E-06
-0.16023223721035E-06
-0.16597149325813E-06
-0.17127736256636E-06
-0.17603727763285E-06
-0.18013016449473E-06
-0.18342996216577E-06
-0.18581092197618E-06
-0.18715477217254E-06
-0.18735951855905E-06
-0.18634919996113E-06
-0.18408345616341E-06
-0.18056543579769E-06
-0.17584652073047E-06
-0.17002668446659E-06
-0.16324997038751E-06
-0.15569544517704E-06
-0.14756479787363E-06
-0.13906830638722E-06
-0.13041106531507E-06
-0.12178114180315E-06
-0.11334079983407E-06
-0.10522129570264E-06
-0.97521132980686E-07
-0.90307215798042E-07
-0.83618092363206E-07
-0.77468431281624E-07
-0.71853973771984E-07
-0.66756379495954E-07
-0.62147585406050E-07
-0.57993478362458E-07
-0.54256818037405E-07
-0.50899447825433E-07
-0.47883876547414E-07
-0.45174341558103E-07
-0.42737465760741E-07
-0.40542606756860E-07
-0.38561986058518E-07
-0.36770665846690E-07
-0.35146427687063E-07
-0.33669590021531E-07
-0.32322796975928E-07
-0.31090793380425E-07
-0.29960203562978E-07
-0.28919318867571E-07
-0.27957900548583E-07
-0.27066999909406E-07
-0.26238796328995E-07
-0.25466452979534E-07
-0.24743989561437E-07
-0.24066170622917E-07
-0.23428407976921E-07
-0.22826675238631E-07
