115.26844892057402
115.81335227069084
116.38818546439931
116.99275159199036
117.6268665678862
118.29034770177122
118.98302601402507
119.70473008012127
120.45530658255193
121.23461071417536
122.04251226322737
122.87889168727456
123.74364396372185
124.63667842190016
125.5579187482224
126.50730155635028
127.48477914175555
128.49031568767438
129.5238902581533
130.58549391537412
131.67512966753077
132.79281968338316
133.9385879245188
135.11247458897034
136.31453272985604
137.54482224130035
138.80340927805304
140.09039299662132
141.40584463488494
142.74986923372882
144.12257493006786
145.52407452123794
146.95449097946857
148.4139526439964
149.90259379592814
151.4205556951159
152.96798218675693
154.54502878814534
156.1518513166499
157.7886059923252
159.45545794192967
161.15257499697017
162.8801263243943
164.63828548653083
166.42722319707215
168.24712255293787
170.09816172837208
171.98051126442024
173.89435527779403
175.83987087859515
177.81723972280884
179.82663274744917
181.8682425966091
183.94222955783232
186.04877451378792
188.18804880817197
190.36022017347776
192.56545780836743
194.8039238955977
197.07577933948733
199.3811802707231
201.72027948950313
204.09322553235765
206.5001638377144
208.94123132906907
211.41656564104406
213.92629291126326
216.47053739145514
219.04942163375242
221.66306069796994
224.31155623242296
226.9950183499954
229.71353399193333
232.467200192561
235.25610245749453
238.0803109197737
240.93992407195466
243.83497726684269
246.76555417302382
249.73170900837354
252.73348916319154
255.77093998867483
258.8441092276233
261.9530170451569
265.0977233919335
268.2781349371492
271.4946264194287
274.7467430470054
278.034787936107
281.3586935464186
284.718486242029
288.1141490194766
291.54568742481985
295.01309822398184
298.5163703177429
302.05549879272206
305.6304651960066
309.2412580409633
312.8878585224737
316.57024807900575
320.2884055393332
324.0423088178707
327.83193383661603
331.65725582089306