116.7049184442219
117.25103200664844
117.82714691429155
118.4330790799867
119.06864557804735
119.73366878491973
120.42797770459879
121.1514094113579
121.90381129435453
122.6850426732049
123.49497452553177
124.33349096147961
125.2004935964283
126.09588519078261
127.01960067616652
127.97157346685216
128.95176576201774
129.96065438268633
130.9966647278392
132.06135831747733
133.15420829207397
134.27523949960406
135.42448090188876
136.60197419048302
137.807771764384
139.04193569972023
140.3045391785263
141.59566468264302
142.91540167356055
144.26384939051727
145.64111905807945
147.04732129616255
148.4825808403227
149.9470241898348
151.44078756837584
152.9640170559701
154.51685096260556
156.0994436428008
157.70332006029818
159.35453168458005
161.0273454061559
162.73057688025946
164.46437594479954
166.22892111316543
168.02438408595938
169.85094768127425
171.7087833235523
173.59806941092108
175.5189843490321
177.47170518273643
179.45641090511654
181.4732802244641
183.5224857795709
185.60420499790848
187.71860867958438
189.86586580595267
192.04614793234356
194.2596222915192
196.50644452519805
198.7883726141073
201.1007554532441
203.44858057142838
205.8303482160212
208.24622433213372
210.69633564001856
213.18077451681634
215.6998116335784
218.25342124685838
220.84176605045369
223.46496644724618
226.1229674365492
228.8163254026344
231.54467472105307
234.30827657919846
237.10719243720868
239.94149366712924
242.81128262981696
245.71659495104217
248.65749738502222
251.6340536667784
254.6463015825162
257.6942922626948
260.7780584349124
263.89763765225877
267.05305498645987
270.2443375455188
273.4715025369814
276.7345661125154
280.03353572874767
283.3684235134814
286.7392299898396
290.1459540099925
293.58859248564636
297.06713920546116
300.58155744637685
304.1319131734779
307.7181126350242
311.34016680812465
314.9980552124763
318.6917550764161
322.42124569770516
326.186503212537
329.9874997834128
333.8242097658156