8.897159764009661
9.260237108613312
9.641189944663353
10.039852553361419
10.455908244391788
10.889177439767924
11.33947039076213
11.806619155240798
12.290472500766958
12.790897762362365
13.30777733721842
13.841007783040967
14.390506742595287
14.956194826519871
15.538012085269374
16.13590894505897
16.749846439965793
17.379802626769848
18.02575747117226
18.687704982101916
19.365652969322877
20.05961426608234
20.769613751009157
21.495685165476573
22.237872708632416
22.9962289127201
23.770814611575464
24.56170092328403
25.368967938350263
26.192976116811327
27.032999896784233
27.889966197280504
28.76371388188018
29.654360769422038
30.562041861991617
31.486885593504844
32.42903721468311
33.388645860598714
34.365870028558504
35.36087116315424
36.37381750620628
37.40489113876329
38.45426745010905
39.5221365921951
40.60868995301126
41.714126738139704
42.83864865225973
43.98246702734793
45.145788353454705
46.328835624826986
47.53182368846369
48.75497057686456
49.998530048229895
51.26270674569427
52.547742491357276
53.85387927081863
55.18134741614834
56.530399486039144
57.901269336282155
59.29420993298952
60.709465873362234
62.14727826559766
63.60791823650161
65.0916184954706
66.59863409081974
68.12921869000881
69.6836237694472
71.2621019822093
72.86490536482057
74.49228551729078
76.14449338495781
77.8217790434999
79.5243914874895
81.25257842285033
83.00658606363527
84.78665893349144
86.59303967227865
88.42596884822957
90.28568477611805
92.17242334185242
94.08641783394941
96.02789878229574
97.99709380465124
99.99422746128347
102.01952111814403
104.07319281895883
106.15545716658964
108.26652521400982
110.40660436518135
112.57589828607637
114.77460682624142
117.00292595083116
119.26104768354853
121.54916006049274
123.86744709500229
126.21608875364049
128.59526094323363
131.00513550901093
133.44588024377092
135.91765890798612
138.4206312607103
140.95495310113947
143.52077632063487
146.1182489649874