32.077726556788534
32.51838312063805
32.98195050785297
33.468120944771336
33.97658998061456
34.50706384618208
35.05926156064745
35.632913474097
36.227764114229984
36.84357367645997
37.48011451492289
38.137167971487976
38.814595732645216
39.512162608784486
40.22973255866805
40.96716745624898
41.72434309754255
42.50115237865111
43.29750511993038
44.113338064219676
44.94857822507876
45.803196130023984
46.67716288145189
47.57046897111209
48.4831176477173
49.41512641747169
50.366529125775266
51.33736848036446
52.32770191868348
53.33760131002472
54.36714451053032
55.41642504147826
56.485549075163796
57.574625794263795
58.683780098330786
59.813142379884184
60.962855988723646
62.13306993723714
63.32393997402144
64.53563173658101
65.7683205369551
67.02218030642156
68.29812266671966
69.59416766453566
70.91268184928391
72.25313103425331
73.61576134007406
75.0007437181629
76.40829839046106
77.83867500239288
79.29206319652937
80.76870063237908
82.26881687266517
83.79263787809091
85.34041137678916
86.91235604219807
88.50871908801545
90.1297344154227
91.77564191266836
93.44668267665708
95.14309563206191
96.86512631853203
98.61300990923468
100.38697820490732
102.18730174240177
104.01418937960895
105.86788599814531
107.7486312484119
109.65665680374313
111.59219629126338
113.55547999324794
115.54673963620814
117.56619499510433
119.6140640862287
121.69058880815774
123.7959648062407
125.93040719455279
128.0941418950648
130.28735794760462
132.51026470214327
134.76306112640037
137.04593946049175
139.35909536831267
141.70270919370574
144.07696666302473
146.4820443614162
148.91811543015987
151.3853485124271
153.88390771939208
156.41395260909675
158.97563817793704
161.56911486465214
164.19452856660476
166.852020668128
169.54172808065465
172.26378329429778
175.0183144405697
177.8054453657824
180.62529571474053
183.47798102439054
186.3636128267696
189.2822987609524
192.234142693419
195.2192448463925