0.
0.
0.
0.
0.
0.
1.9859446137283985e-12
0.
0.
0.
0.
0.
0.
0.
0.
0.
0.
3.971889227456797e-12
1.9859446137283985e-12
5.9578338411851955e-12
3.971889227456797e-12
5.9578338411851955e-12
5.9578338411851955e-12
3.971889227456797e-12
5.9578338411851955e-12
5.9578338411851955e-12
5.9578338411851955e-12
8.067899993271618e-12
6.33019845625927e-12
5.213104611037046e-12
9.309115376851867e-12
1.4770463064604964e-11
2.581727997846918e-11
5.5234084569321085e-11
1.1915667682370392e-10
2.5395266748051894e-10
5.172144503378897e-10
1.0283469452962363e-9
1.98333806142288e-9
3.704655555371969e-9
6.733593455922851e-9
1.1912937008526514e-8
2.0576992750531728e-8
3.471865610181493e-8
5.732826316449768e-8
9.275466027803008e-8
1.4723532710951795e-7
2.2957631444084808e-7
3.5200471089413117e-7
5.312404324154233e-7
7.898731024997315e-7
1.1580081520327182e-6
1.6752738645659499e-6
2.3932948703332963e-6
3.3785777237746776e-6
4.715931941376288e-6
6.512499110927237e-6
8.902441334387945e-6
0.00001205227535100108
0.00001616709834953406
0.000021497529961797873
0.00002834764635962201
0.00003708385928910089
0.00004814478907011949
0.00006205227628687185
0.0000794234728392771
0.00010098420399894842
0.0001275834977041085
0.00016020942172315488
0.0002000063053939855
0.0002482932358432803
0.000306584021322366
0.0003766085824372584
0.0004603357001512403
0.0005599973766227086
0.000678114582356484
0.000817524509321745
0.0009814093688866284
0.0011733266403612492
0.0013972408597648885
0.0016575568878736777
0.001959154693419899
0.002307425565302559
0.0027083098739588835
0.0031683361929837448
0.0036946619224955913
0.004295115287024286
0.004978238768368049
0.005753333876977079
0.00663050733360608
0.007620718532521683
0.008735828323873573
0.009988649167980975
0.01139299648031707
0.01296374128001779
0.014716864144397452
0.016669510273855676
0.01884004592286594
0.02124811597548885
0.023914702748819797
0.026862186073274858
0.030114404497169612
0.03369671781716422
0.037636070815914566
0.04196105821797637
0.04670199100136462
0.05189096395318332
0.057561924552238505
0.06375074325956188
0.0704952851750162
0.0778354831404129
0.08581341235827798
0.09447336651819802
0.10386193556020512
0.11402808510809319
0.1250232375775059
0.13690135517998145
0.14971902471161638
0.16353554444174223
0.17841301287980885