0.
0.
0.
0.
0.
0.
1.9859446137283985e-12
0.
0.
0.
0.
0.
0.
0.
0.
0.
0.
3.971889227456797e-12
3.971889227456797e-12
5.9578338411851955e-12
3.971889227456797e-12
5.9578338411851955e-12
5.9578338411851955e-12
3.971889227456797e-12
5.9578338411851955e-12
5.9578338411851955e-12
6.08195537954322e-12
8.192021531629644e-12
6.702563071333345e-12
8.067899993271618e-12
1.1791546144012365e-11
2.097653998250621e-11
4.0339499966358095e-11
9.02363583862841e-11
1.9027831830285219e-10
4.011608119731365e-10
8.101412808628286e-10
1.5913622432882373e-9
3.0288137790125237e-9
5.597260772255133e-9
1.0049872717772561e-8
1.7593483333019883e-8
3.0044859574943505e-8
5.01751389089247e-8
8.202758044697613e-8
1.31441109596536e-7
2.06725290986059e-7
3.1947928237510255e-7
4.856651135965086e-7
7.269292085753018e-7
1.0722499746288532e-6
1.5599526673990472e-6
2.2401141215364288e-6
3.1774201526347446e-6
4.454624328018826e-6
6.176534502313575e-6
8.474683386810835e-6
0.000011512644054349577
0.000015492262826486083
0.000020660560679269724
0.000027317719347142474
0.000035825880298793085
0.00004661906974360728
0.000060214168369106305
0.00007722302672018451
0.00009836578877740133
0.00012448541318399683
0.00015656354565997388
0.0001957376145098193
0.0002433194287455683
0.00030081499123560797
0.00036994590967004415
0.000452672098886553
0.0005512160265234412
0.0006680883961242409
0.0008061153566889845
0.0009684671017661004
0.0011586880764147174
0.0013807285681221209
0.0016389778210648505
0.0019382986449172398
0.0022840634218890873
0.002682191617495762
0.0031391886546792897
0.003662186312514292
0.004258984344780405
0.0049380936335457655
0.005708780613134438
0.006581113033861729
0.007566007049277465
0.00867527557491031
0.009921677942840943
0.011318970799476559
0.012881960214255108
0.014626555043094156
0.01656982149904583
0.018730038904712948
0.021126756670985895
0.02378085237959242
0.026714591179473845
0.029951686296903864
0.033517360725506706
0.03743841016419321
0.04174326716366834
0.04646206654406737
0.051626711995842685
0.05727094403965732
0.06343040929054763
0.0701427310762519
0.07744758142782675
0.08538675456692098
0.09400424185942133
0.10334630827891259
0.11346157057370584
0.12440107700996203
0.13621838892090787
0.1489696640457606
0.16271374177503484
0.1775122303831601
0.1934295963047588