124.56145090468509
125.11396178900264
125.69690907964498
126.31011749035005
126.95342092711795
127.62666268514116
128.32968262262892
129.06233681796334
129.82448999236172
130.61601715968132
131.43680683209186
132.28676988217225
133.16578818593916
134.07382002410668
135.01079542412444
135.9766683573334
136.9714041630608
137.99498380952207
139.04739620206755
140.12865231069014
141.2387614691925
142.37775382226658
143.54566757710992
144.7425522751303
145.96846668545928
147.22347921575533
148.50767047738952
149.8211251340038
151.16393805162684
152.53621730805077
153.9380678489148
155.36960962591655
156.8309684362081
158.32227299869376
159.84366135170225
161.39527356395735
162.97725714462632
164.58976255431654
166.2329462078653
167.90696520204452
169.61198115046102
171.34816181341952
173.11567135634007
174.91467951140882
176.74535867647862
178.6078790845118
180.502413425562
182.42913579822113
184.38821673074915
186.37982966747805
188.40415286204043
190.46134669719024
192.55158593917508
194.67503734320294
196.8318639211878
199.0222290459236
201.24629061963554
203.504206723387
205.79612719915696
208.1221996792817
210.48255979029602
212.87738336810045
215.30677136902128
217.7708581613
220.26977769888185
222.80364343180818
225.37257333243602
227.9766726727752
230.61605262873195
233.29080359394968
236.0010186623662
238.74678400229772
241.52818158146158
244.3452818843194
247.19815601689118
250.08686373484207
253.01146428534878
255.97200499654718
258.9685343162365
262.00108760339856
265.06970298458805
268.174409182712
271.31522156095576
274.4921762306957
277.7052682508272
280.9545269428875
284.239716368061
287.56151935218014
290.91925480118203
294.3131472363627
297.74317882935657
301.20934385457736
304.71162042986015
308.2499678129725
311.824434365295
315.43491959196973
319.0814381186935
322.76394513657885
326.4824138016941
330.2368108585776
334.02711031104275
337.85326169745446
341.71525745118515
345.61303504965184