71.94701715899964
72.44936441074373
72.97878870054222
73.53502980788862
74.11783070840909
74.72693470418373
75.36209022734556
76.02305376302805
76.70959240903441
77.42148423084994
78.15852062860036
78.920508460604
79.70726842152243
80.51933092926753
81.3544786207788
82.2146520253102
83.09905127576602
84.0075810363772
84.94016468817104
85.89674067918305
86.87726067757413
87.88169762923437
88.91003594381068
89.96227658795466
91.0384322472317
92.13853561679423
93.26262322043117
94.41075190969518
95.58298502583209
96.77940353698159
98.00009112979664
99.24514973180445
100.51468658823056
101.80881911667562
103.12767342472785
104.47138634713227
105.83993311236611
107.23395714314417
108.65312913833553
110.09776756256474
111.56803475016896
113.06413379217764
114.58622015428853
116.13448521065396
117.7091069115221
119.31030527348216
120.93825139756959
122.59315289214575
124.27520839221087
125.9846265318749
127.72162104974753
129.4863846995456
131.27930696144102
133.1000773293269
134.9494268242496
136.82739115130698
138.7341835761501
140.67001211782272
142.63508612744823
144.62961378135668
146.65380249487444
148.7078562425089
150.79197789248747
152.90636844062732
155.0512289460665
157.22675051170557
159.43312543727404
161.67054264445042
163.93919153640158
166.23924775369284
168.5708924146377
170.93428898348031
173.32963342805925
175.7570610800874
178.21674580450954
180.7088404942243
183.2334953677665
185.79085536153679
188.38106390281098
191.00425441345973
193.6605574460805
196.35009843928742
199.07299932249694
201.82937292274022
204.6193320127756
207.44298036968223
210.30041805845644
213.19174075079712
216.11703987039965
219.07639970630538
222.0699019573236
225.0976231898263
228.15963447765037
231.25600428141715
234.3868008635752
237.55208164381128
240.7518994106071
243.9863089238948
247.25535918311814
250.55909588609893
253.89756160542836
257.27079596798814
260.6788358371188
264.1217154965818