100.27857621512106
100.81029111479215
101.3710433411918
101.96061881589503
102.57880550633752
103.22539342748881
103.90017936818994
104.60296748904696
105.33357006229868
106.09181858742294
106.8775456554492
107.69060604734318
108.53086543431863
109.39820670248254
110.29252734261537
111.21373663434656
112.16176537771777
113.13655335657495
114.13805893772341
115.16625447715299
116.22112546238203
117.3026709967548
118.41090404534413
119.54585015648965
120.70754503033383
121.89604418880157
123.11140179795774
124.3536915945757
125.62300455861129
126.91940243908036
128.2430143924477
129.59394110797942
130.97229777597587
132.3782113051104
133.81181159354944
135.2732400674121
136.76263985218887
138.28016263742884
139.82596519546195
141.40020972040597
143.0030580752557
144.63468358603586
146.29527118741066
147.98498248652436
149.7039994715877
151.4525148802686
153.23070371370878
155.03875673691255
156.87686256615174
158.74520484979465
160.64397714779506
162.57337520173218
164.5335822518053
166.52478404130687
168.54716406792488
170.60092996907926
172.68624778288716
174.80505470567402
176.95228318511968
179.13336110027737
181.34670666282625
183.59251164531338
185.87092857981347
188.18212256073218
190.52626360938717
192.90350033956682
195.31398956999612
197.75787367351782
200.2353059575011
202.7464172794247
205.2913460452814
207.87021400242224
210.48313818683334
213.13022851027108
215.81166449063934
218.5274881575884
221.27780479484994
224.06271799204077
226.88231826686712
229.7366923087356
232.62591443648557
235.5500710342711
238.50921569462423
241.5034219101389
244.5327441487288
247.5972350737585
250.69694377465848
253.83191976130772
257.0021936552451
260.2078088690211
263.44879042037087
266.72517006406673
270.0369685034939
273.38420782771976
276.7668991950722
280.18506327573476
283.63870369579877
287.12783093375293
290.65244874698107
294.212557976435
297.80816331816
301.43925814764526
305.1058401075669
308.80790367648154