20.537194745999095
20.94845921536219
21.380660532902063
21.83348958750186
22.30664891836477
22.799860554970135
23.31285679095655
23.845389957224384
24.39722832621809
24.968156667723687
25.55797912363357
26.166513180418303
26.793595439847483
27.439078057485432
28.102832247790076
28.78474086153016
29.48470577527315
30.202643025192494
30.938485567621008
31.69217829322992
32.46368464634748
33.2529770232566
34.060046794886546
34.88489081817216
35.727538503588946
36.5880045977731
37.46633554159183
38.362581546248066
39.27680930615406
40.20909178241809
41.15951682252191
42.12817899118063
43.11518745383847
44.1206556815419
45.144709662408566
46.1874825483964
47.24911722695049
48.32976554636795
49.42958398888864
50.548735490460714
51.68740205898343
52.8457535687863
54.023961381458086
55.22222854740615
56.44081878135704
57.679833878174115
58.93952211626082
60.220093444334815
61.52176409190067
62.844755407989105
64.18929667430899
65.5556088280337
66.94392455919738
68.35447861331039
69.78750697158206
71.24324709135678
72.721942542281
74.22383846821853
75.74917243768942
77.29819543839325
78.87115192930297
80.46833027822589
82.08985273633314
83.73609345842937
85.40725845298219
87.10359560166116
88.82535183129725
90.57277178503125
92.3461020131543
94.14558293078903
95.97146977226087
97.823978603915
99.70337877383996
101.60989295619984
103.54374800812703
105.50518232009684
107.49443174027736
109.51171306286335
111.55725330452371
113.63127263078682
115.73398784577644
117.86561224945326
120.02635550495265
122.21642351634297
124.43601831712627
126.68533796981725
128.96457647672318
131.27392370226298
133.61356530691162
135.9836826929165
138.38445296185907
140.81604888410422
143.278638880117
145.77238701359707
148.29745299635186
150.8539922047335
153.44215570746888
156.06209030474264
158.71393857815724
161.39783895138495
164.11392576115955
166.86232933828225
169.64317609827637
172.45658864131985