23.943447601507355
24.364503432250295
24.80715077833038
25.27107531467915
25.75597725283827
26.26156860039137
26.787577015161084
27.333740735167797
27.89982455287329
28.485602111483573
29.09086108723905
29.715409904964957
30.359074210602277
31.02169588138958
31.703134576893753
32.40326425826507
33.121975952273814
33.85917707514665
34.614729960739346
35.388757189205684
36.18102871799995
36.99157507872966
37.820378406792564
38.66743720456225
39.53276123371649
40.41637465730635
41.318317174172115
42.238634700282205
43.177389505577395
44.134655412508984
45.110514637221
46.10506577112627
47.11840696825887
48.15066316298802
49.201950148730916
50.272404264535325
51.36216653508589
52.47138697091339
53.60022600174339
54.74884486099134
55.91742061570814
57.106130494395394
58.31516058919156
59.54470023707918
60.79494774928692
62.066106672513065
63.35830634529425
64.67199255702934
66.0071461704123
67.36406886656488
68.7429831242615
70.1441166380251
71.5676939832674
73.01396500237651
74.4831421802792
75.97549351575087
77.49123335794154
79.03061235506459
80.59387562341125
82.18126532362396
83.79302223342265
85.42940516403166
87.09064712387345
88.77699804582242
90.48870495061061
NaN
93.98916192448546
95.7784021210088
97.5939517462087
99.43611538283002
101.30506486440018
103.20106488772795
105.12435258821316
107.07515169257559
109.05369942171563
111.060222084836
113.09494211354034
115.15808539861838
117.24986836506538
119.37050496500687
121.52020784791068
123.6991849299804
125.90764032678393
128.1457742381001
130.41378284407372
132.71185821291422
135.04018822034513
137.39895648097595
139.78834229170496
142.2085205872378
144.65966190774424
147.1419323786348
149.65549370239629
152.20050316237342
154.77711363836642
157.385473633803
160.02572731431883
162.69801455739164
165.40247101286107
168.13922817384415
170.90841345780325
173.71015029733746
176.5445582403095
179.41175305888706