28.58039548045705
29.01316299814846
29.468308649002267
29.94551951789236
30.4444950603396
30.96494100165409
31.50657802886168
32.069141187842895
32.65237925642364
33.25605603851025
33.87995291509545
34.52386809814391
35.187614679238465
35.871024398016125
36.573944703295616
37.29624159923281
38.03780596410753
38.798505688373375
39.578290394450576
40.37707659544612
41.19486808202732
42.031458298525564
42.886994227986484
43.761412164551395
44.65471738224377
45.56693047021306
46.49808494718616
47.44822543689183
48.417415061160916
49.40572001915837
50.41322373848833
51.440020318711255
52.48621220958616
53.55191354021579
54.63724734369093
55.742348515061394
56.86735556073736
58.01241908512363
59.17769766128006
60.36335552824316
61.569564457596506
62.79650390567748
64.0443617427429
65.31332565873524
66.60359494011094
67.91537105103438
69.24886028831239
70.60416270044581
71.98183375840075
73.38174951991678
74.80425829074953
76.24957516748881
77.71793388070549
79.20956579084603
80.72470366486337
82.26359474021045
83.82646755837524
85.41356227528064
87.02512037176437
88.66139200588488
90.32261057587672
92.0090213225677
93.72086881456732
95.45839503534377
97.22184245656187
99.01145201338748
100.82746579639111
102.67012354878433
104.53966053105373
106.43631593413195
108.36032300970749
110.31191195371818
112.29131662807396
114.29876157602271
116.33447408600786
118.39867163249835
120.49157683147413
122.61340239644798
124.76436024435984
126.94465826923629
129.15450235537764
131.39409029787052
133.663620665645
135.9632851338559
138.29327182284786
140.6537645726786
143.04494287451098
145.46698181444148
147.9200520298272
150.40431967810034
152.91994641804897
155.46708940346096
158.045901288997
160.65653024810368
163.29912000275985
165.9738098647817
168.6807347883596
171.42002543350887
174.19180824011457
176.99620551207767
179.8333355112161
182.70331256046663
185.60624715593144
188.54224608731178