51.03627958414303
51.51089417938574
52.01072102491279
52.53547106205912
53.08485723993773
53.658596471028574
54.2564128463394
54.878039667641815
55.52322203275856
56.19171674611469
56.8833390632051
57.59773838629909
58.334865367087545
59.09448170666233
59.87642791285838
60.68055709317229
61.50674175029522
62.35487075464738
63.22485079895495
64.11660512157157
65.03007458360405
65.96521520538559
66.92200032068274
67.90041720488445
68.9004705746274
69.92217605203722
70.96556632888364
72.03068482879753
73.11759242326491
74.22635651297452
75.3570589903603
76.50979319875377
77.68466304851151
78.88178086992538
80.10127190391006
81.34315852536024
82.60790665640988
83.89534066123714
85.20572773272978
86.5392297280691
87.89601600157893
89.27626853114639
90.68016382276922
92.10789291435462
93.55965807954945
95.035643396575
96.53606206354245
98.0611134781225
99.61101411805747
101.18596830625118
102.7862068984206
104.4119371999258
106.0633809559783
107.74076154196271
109.44430752045984
111.17424016440648
112.9307865603003
114.71417215704474
116.52462592676584
118.36237171684589
120.22763813855214
122.12063704797521
124.04163126476313
125.99080616008321
127.96839347881009
129.97461714768787
132.0096935424311
134.07383689123648
136.16725974500534
138.2901746131669
140.4427857389641
142.62529525637962
144.8379102712648
147.0808214689645
149.35422376338647
151.6583024122209
153.99325032563337
156.35923866024146
158.7564500430546
161.18505598648645
163.6452172547114
166.13710442721987
168.66086879281428
171.2166676792912
173.8046468340641
176.42495200465672
179.077716090627
181.7630791974293
184.48116336538936
187.2321011125496
190.01601080421295
192.83300059765307
195.6831841218911
198.56666700499687
201.4835504562743
204.43393136902296
207.41790243291757
210.43555225536727
213.48696549129446
216.57222298052753
219.69140189245547
222.8445758770544
226.03181522182683
229.25318701401446