52.29670927838361
52.773214771754134
53.275060726384275
53.80195915792519
54.35362455766749
54.92977500958233
55.53013656718795
56.1544426513991
56.802438024440185
57.47388228111803
58.168549052246476
58.886222886117636
59.62670738456118
60.38982316171518
61.175407323169864
61.98331511358779
62.813418603758144
63.665606733480956
64.53978646724653
65.4358819889577
66.35383330285282
67.29360168036357
68.255154840592
69.23848404728821
70.24359282314298
71.27049819663863
72.3192324489675
73.38984159909256
74.48238074389839
75.59689394311752
76.73355481121554
77.89236110492834
79.07344397323942
80.27693055820163
81.50293189094742
82.75158447963656
84.02305853735342
85.31741475879296
86.63489857755404
87.9756423302983
89.3398227228647
90.72760960276294
92.13919147668749
93.57475294056253
95.03448857703081
96.51859500214972
98.02727102098682
99.56074290022401
101.11943113508354
102.70285394389516
104.31192901875052
105.94664565427638
107.60721602583004
109.29384908391346
111.00682098928014
112.7463022837171
114.51253620388115
116.30574854196507
118.1261592392233
119.9740100067929
121.84951113696961
123.7528917689642
125.68434574904606
127.64418089610146
129.63253304823456
131.6496476576473
133.695742775269
135.77100896279958
137.87571343173164
140.01002867249846
142.17415178310478
144.3682959048651
146.5926584258435
148.8474331578688
151.1328126470197
153.44898367218
155.79612590549172
158.17442529821832
160.58404928837012
163.02516375321886
165.4979509982972
168.00254434443164
170.53913249909434
173.107837628466
175.70881350177828
178.34220825201191
181.00815569630487
183.7067778058993
186.43821644344283
189.20258058343344
191.9999933125946
194.83056499613934
197.69440416473685
200.59161412660706
203.52229378327644
206.4865377354704
209.48443639848364
212.516076126382
215.58153934445488
218.68090468912368
221.81424715492201
224.98163824766638
228.18314614335188
231.4188358521192