53.490289840742655
53.96855539031508
54.472279386468394
55.00117654320957
55.55496260907278
56.13335678060017
56.736086425878334
57.36288576793586
58.0135018086627
58.68769274650795
59.38523180384041
60.105907335871265
60.84952253780863
61.615898770733274
62.4048742338935
63.21630294894773
64.05005879907259
64.90603015017308
65.78412772200399
66.68427290493544
67.6064080806146
68.55049250380804
69.51649729049993
70.50441190303403
71.51424186117559
72.54600457974988
73.59979834517875
74.67547073816867
75.77327608963655
76.8932256038588
78.03539439603114
79.19987904365483
80.38678224316607
81.59621717246951
82.8283132617446
84.08319363297545
85.36100878802056
86.66190204923764
87.98602168060947
89.33355990809144
90.70466047999541
92.09950894744618
93.51830528421245
94.96118414550705
96.42839388747375
97.9201112817908
99.4365409392855
100.97788752189736
102.54457924553785
104.13617336638761
105.75354118991964
107.39667893522906
109.06580893028274
110.76115082046333
112.4829298697488
114.23136628246992
116.00668715834605
117.80911711036747
119.63887884535323
121.49619849918598
123.3813019550026
125.29440875819097
127.2357441400121
129.20552550264082
131.2039757911455
133.23131377920873
135.2877451615952
137.37349093427045
139.48875759497494
141.6337514457174
143.8086786874689
146.0137372983879
148.24912463652092
150.51503508561564
152.8116541472191
155.13923838062954
157.49774946745626
159.88761098237262
162.30888370782557
164.76174723629222
167.24636825723638
169.7628986580152
172.31149966695878
174.8923252392728
177.50549841163655
180.15117799521204
182.82948684446572
185.54055138942002
188.28451338837266
191.0614777730473
193.8715623903563
196.71487611224796
199.59152651547691
202.50161438471113
205.4452364431821
208.42248512852802
211.43344871095815
214.47821142010545
217.556853579963
220.66945175117328
223.81607888006198
226.9968044538928
230.211694661505
233.46081255890553