 0.16493909305326E-08
-0.15908088619543E-07
 0.18155262660809E-07
-0.62167645876320E-08
 0.57908667503139E-07
 0.32328098936017E-08
 0.26661983346889E-07
-0.65358062801615E-08
-0.90789760051449E-09
 0.27418982884594E-07
 0.13241688738354E-05
-0.59209139478974E-07
 0.66024972808054E-06
-0.66577993279143E-07
 0.34523025350630E-06
-0.38869357166377E-05
 0.38814840414835E-05
-0.56940189171037E-07
-0.35109508483431E-06
-0.14249964076189E-04
 0.91413331991134E-07
-0.55103841024653E-06
-0.38777527556868E-07
-0.17393984117643E-06
 0.43761965299135E-06
-0.25118912500327E-05
-0.28676229941080E-06
-0.21189875450510E-03
 0.69463164714032E-07
-0.47271806661109E-03
 0.14532194716521E-06
 0.10463179758391E-05
-0.70480711363107E-05
 0.10560796460859E-05
-0.10099911663058E-06
-0.26449068335728E-06
 0.80536822904255E-06
 0.30213531841989E-06
 0.41424954503571E-06
 0.51525665845672E-06
-0.12256857633699E-05
 0.46439482791656E-06
-0.59287657448017E-07
-0.47245670421648E-06
-0.13766767267141E-06
-0.10838749544979E-04
 0.74720803016965E-07
 0.27566126447470E-04
-0.23184454547425E-04
 0.14493837313179E-04
 0.39308573294911E-04
-0.14966881028646E-05
-0.65430731286267E-04
 0.45960214771804E-04
 0.83141623845858E-04
-0.23812774456401E-04
-0.59875181097297E-04
 0.11083798219819E-03
-0.10595492032586E-03
-0.58344553386586E-06
-0.20379017492248E-05
 0.53671401470154E-06
-0.36361492531352E-04
-0.20834246949763E-04
-0.10822253458288E-06
-0.22310427802627E-05
-0.97679873513047E-06
-0.31079881392664E-05
-0.69153685042345E-06
-0.12870198795681E-05
 0.83694847055219E-06
-0.40668562577959E-05
 0.19740556507221E-04
-0.96597206967423E-06
-0.25892294219041E-05
 0.47024979038671E-05
-0.39849983006436E-05
-0.15142394016321E-05
 0.20007760241712E-05
 0.36806763719767E-05
-0.16368050036461E-05
 0.25033161074858E-05
-0.13007266384664E-05
-0.27063972532750E-05
 0.54422038764240E-05
-0.59837239813942E-05
-0.28734198412450E-05
 0.10740098452555E-04
 0.51848747163984E-06
 0.41050803425870E-05
 0.45699099908910E-05
 0.96010320999620E-06
-0.62328893275525E-06
 0.75013379683505E-06
-0.47002976348741E-05
-0.14040358743326E-05
-0.25480637806016E-05
 0.14161597599667E-05
-0.98412577364937E-06
-0.81423615344334E-06
-0.26177284203872E-06
 0.23556298658749E-07
 0.24992351007369E-07
 0.26429118089650E-07
