0.
0.
0.
0.
0.
0.
0.
0.
0.
0.
0.
5.9578338411851955e-12
7.943778454913594e-12
2.482430767160498e-13
6.206076917901245e-12
1.973532459892596e-11
7.37281937846668e-11
3.03973647438803e-10
1.1079088513837303e-9
3.6007658277663026e-9
1.0564977101958363e-8
2.8284816161026716e-8
6.98476580094415e-8
1.6074521183055882e-7
3.475554502301494e-7
7.110371832900937e-7
1.3846471302683236e-6
2.5799402753299474e-6
4.619935102394808e-6
7.981737303774245e-6
0.000013349341827317827
0.000021677500358704705
0.00003426706632238693
0.00005285226870709821
0.00007969985749589891
0.00011771981585825913
0.00017058728535779543
0.00024287489204843595
0.0003401946518985512
0.0004693483492477794
0.0006384854186590889
0.0008572669742623918
0.001137034868875257
0.0014909845759428831
0.0019343407122879206
0.0024845340981055485
0.0031613794016951157
0.0039872522777759075
0.004987265504762706
0.006189443003038444
0.007624891619163294
0.009327969793019565
0.011336453110002467
0.013691696217939265
0.01643879118581629
0.019626722122848134
0.02330851605987492
0.027541390316010037
0.03238689628624324
0.037911060042471585
0.04418451969371688
0.05128265994963676
0.05928574390991928
0.0682790423556075
0.0783529607186065
0.08960316379081318
0.10213069832752393
0.11604211360556795
0.13144957985387287
0.148471004590721
0.1672301467044757
0.187856728104753
0.21048654278565906
0.23526156301548978
0.26233004237064045
0.2918466152488079
0.3239723926141111
0.35887505354392457
0.3967289322792853
0.4377151004017913
0.48202144388465307
0.5298427346975403
0.5813806967233107
0.6368440658358137
0.6964486439725692
0.7604173471663284
0.8289802474758109
0.9023746088851299
0.9808449173307776
1.0646429049287847
1.1540275686274564
1.2492651836288826
1.3506293117132742
1.4584008047552
1.5728678038125365
1.6943257338839457
1.8230772945467602
1.959432446615406
2.103708394734724
2.25622956578518
2.4173275827407568
2.5873412333539627
2.7666164329435694
2.9555061800533124
3.1543705035306875
3.363576399114868
3.583497753239734
3.8145152512325935
4.057016266650764
4.311394727861349
4.578050957689243
4.857391481147282
5.14982879628095
5.455781102417053
5.775671980290728
6.1099300184851595
6.45898838085859
6.82328431058568
7.2032585672829645
7.599354795301469