            -Infinity
 0.36291778479396E-22
 0.18145889239698E-22
 0.12097259493132E-22
 0.90729446198489E-23
 0.72583556958791E-23
 0.60486297465659E-23
 0.51845397827708E-23
 0.45364723099244E-23
 0.40324198310439E-23
 0.84098420425449E-08
-0.39694001310625E-08
 0.34735155797040E-08
-0.23341703089376E-08
-0.58393371110424E-08
-0.11086665596071E-08
-0.44729504119026E-08
 0.37555305554777E-08
-0.44798122964593E-08
-0.13482289528414E-07
-0.29122688810143E-07
-0.77197533415733E-07
-0.19168131240025E-06
-0.41601196299969E-06
-0.85530256417264E-06
-0.16606588356095E-05
-0.30613907496323E-05
-0.53964855197098E-05
-0.91065720307296E-05
-0.14794888802218E-04
-0.23243853827003E-04
-0.35411749148890E-04
-0.52456117177913E-04
-0.75796356477037E-04
-0.10704885062406E-03
-0.14806572545308E-03
-0.20091809402226E-03
-0.26790221251960E-03
-0.35152769050457E-03
-0.45446794084932E-03
-0.57957363320782E-03
-0.72984107672878E-03
-0.90836840865696E-03
-0.11183587624502E-02
-0.13630869251829E-02
-0.16458456349262E-02
-0.19699787564896E-02
-0.23388091498835E-02
-0.27556616312051E-02
-0.32237959310168E-02
-0.37464759019393E-02
-0.43268750731861E-02
-0.49681117376783E-02
-0.56732647547610E-02
-0.64453334506372E-02
-0.72872518608084E-02
-0.82019040513192E-02
-0.91921205762170E-02
-0.10260678583191E-01
-0.11410298024317E-01
-0.12643682273409E-01
-0.13963482480091E-01
-0.15372301471585E-01
-0.16872727513957E-01
-0.18467295870079E-01
-0.20158499431000E-01
-0.21948736417341E-01
-0.23840369704647E-01
-0.25835678797820E-01
-0.27936807340064E-01
-0.30145770326003E-01
-0.32464418925649E-01
-0.34894404628961E-01
-0.37437170871293E-01
-0.40093890486259E-01
-0.42865441842411E-01
-0.45752395388172E-01
-0.48754957887019E-01
-0.51872951414195E-01
-0.55105798860428E-01
-0.58452485399216E-01
-0.61911560411962E-01
-0.65481106604400E-01
-0.69158732120985E-01
-0.72941600264285E-01
-0.76826383396385E-01
-0.80809317147295E-01
-0.84886192590812E-01
-0.89052374839292E-01
-0.93302838208641E-01
-0.97632198335000E-01
-0.10203472453335E+00
-0.10650440807670E+00
-0.11103497490752E+00
-0.11561995327937E+00
-0.12025270264648E+00
-0.12492646717060E+00
-0.12963442446761E+00
-0.13436973206220E+00
-0.13912556536678E+00
-0.14389518670143E+00
-0.14867195479289E+00
-0.15344938904232E+00
-0.15822118866445E+00
-0.16298126811144E+00
-0.16772377071619E+00
-0.17244308730899E+00
-0.17713385615883E+00
-0.18179095547753E+00
-0.18640948740981E+00
-0.19098474017167E+00
-0.19551214852161E+00
-0.19998721930325E+00
-0.20440546825763E+00
-0.20876230109930E+00
-0.21305291182394E+00
-0.21727212902654E+00
-0.22141425821778E+00
-0.22547289201224E+00
-0.22944070955144E+00
