 0.00000000000000E+00
-0.20080714406353E-23
-0.40161428812706E-23
-0.60242143219058E-23
-0.80322857625411E-23
-0.10040357203176E-22
-0.12048428643812E-22
-0.14056500084447E-22
-0.16064571525082E-22
-0.18072642965717E-22
-0.22830005918140E-07
 0.21606041128986E-07
-0.17333005560909E-07
 0.29974355102689E-07
 0.50316082717288E-07
 0.11839389499539E-07
 0.31805160052282E-07
-0.25759138707305E-07
 0.36002602202759E-08
 0.52185781429094E-07
-0.22279751167066E-07
-0.95400612199367E-07
-0.69834468226986E-07
-0.33913053249674E-06
-0.79177667592002E-06
-0.16563177797538E-05
-0.31830028766113E-05
-0.53747159495962E-05
-0.90986474127548E-05
-0.14949357508448E-04
-0.23191468052887E-04
-0.35160836266256E-04
-0.52670962454603E-04
-0.76080880813713E-04
-0.10726031909278E-03
-0.14814936016160E-03
-0.20100575728896E-03
-0.26830858755987E-03
-0.35188558827797E-03
-0.45510445270949E-03
-0.58063424450360E-03
-0.73137307763106E-03
-0.91100255076362E-03
-0.11227943674439E-02
-0.13695272376949E-02
-0.16561452028891E-02
-0.19851218062003E-02
-0.23611198875588E-02
-0.27871266188328E-02
-0.32694111335580E-02
-0.38097470072847E-02
-0.44134855951620E-02
-0.50864957144693E-02
-0.58321247108787E-02
-0.66557786321637E-02
-0.75632553988782E-02
-0.85603796117804E-02
-0.96523625366067E-02
-0.10845340824105E-01
-0.12147857741683E-01
-0.13564438818877E-01
-0.15102246449152E-01
-0.16770541260103E-01
-0.18574878769789E-01
-0.20522196444264E-01
-0.22618193976071E-01
-0.24874761597184E-01
-0.27296698837635E-01
-0.29886859503371E-01
-0.32652298617758E-01
-0.35597315483726E-01
-0.38724872826292E-01
-0.42038440990455E-01
-0.45536027081250E-01
-0.49217337881037E-01
-0.53081565985880E-01
-0.57122118730509E-01
-0.61333215999576E-01
-0.65708059254771E-01
-0.70235837815758E-01
-0.74905928864504E-01
-0.79703615804119E-01
-0.84614006836342E-01
-0.89623774073210E-01
-0.94710987943416E-01
-0.99860972706757E-01
-0.10505196692056E+00
-0.11026370133758E+00
-0.11547652348959E+00
-0.12066984960685E+00
-0.12582107896319E+00
-0.13091208068170E+00
-0.13592103561150E+00
-0.14083190229661E+00
-0.14562449063193E+00
-0.15028351111621E+00
-0.15479410888898E+00
-0.15914213127290E+00
-0.16331583910876E+00
-0.16730769032447E+00
-0.17110535991753E+00
-0.17470399101761E+00
-0.17809635151347E+00
-0.18127649910951E+00
-0.18423719382399E+00
-0.18697187461380E+00
-0.18947015063845E+00
-0.19171854288309E+00
-0.19369953978894E+00
-0.19538758106610E+00
-0.19674952956323E+00
-0.19773963113941E+00
-0.19830198363594E+00
-0.19835859908378E+00
-0.19781806058094E+00
-0.19656004614051E+00
-0.19444154094453E+00
-0.19128762081357E+00
-0.18689146064304E+00
-0.18100525312227E+00
