-0.00000000000000E+00
-0.35478013781722E-26
-0.56764822050755E-25
-0.28737191163195E-24
-0.90823715281209E-24
-0.22173758613576E-23
-0.45979505861112E-23
-0.85182711089915E-23
-0.14531794444993E-22
-0.23277124842188E-22
 0.17766942553296E-07
-0.21606029887500E-07
-0.46899006588817E-07
-0.19773568233637E-06
-0.20085057658512E-07
-0.38560656572359E-06
 0.39627194787735E-06
-0.10064793789274E-06
-0.18296175777587E-06
 0.15347059421981E-05
 0.11137119239801E-05
-0.15275733815297E-05
 0.10506044146026E-05
 0.15085562514949E-06
 0.74675498702760E-06
 0.33270862138770E-05
 0.27894043163199E-05
 0.39955448074137E-05
 0.12395723043932E-04
 0.13976215508311E-04
 0.22510539884270E-04
 0.35320901385275E-04
 0.47954523785641E-04
 0.73913291310973E-04
 0.11050529378327E-03
 0.14961658888873E-03
 0.17918468915088E-03
 0.28491494309037E-03
 0.35809305240995E-03
 0.45807769848320E-03
 0.60069179657367E-03
 0.75969486185609E-03
 0.94649494379414E-03
 0.12079844727797E-02
 0.14606731819485E-02
 0.17433030973602E-02
 0.21501766818046E-02
 0.26397029175062E-02
 0.31790785655621E-02
 0.38381844100992E-02
 0.45068404871574E-02
 0.53586897216983E-02
 0.63767865927973E-02
 0.74851163134932E-02
 0.88612441332173E-02
 0.10304000494030E-01
 0.12112989045245E-01
 0.14126956978541E-01
 0.16291129804820E-01
 0.18936221239270E-01
 0.21959855727196E-01
 0.25116726656302E-01
 0.28900366678761E-01
 0.33205119420558E-01
 0.37837375511529E-01
 0.42742306398509E-01
 0.47472959092768E-01
 0.53095811605146E-01
 0.59786980439433E-01
 0.66265718633752E-01
 0.72656102108499E-01
 0.78777185734668E-01
 0.85462919178926E-01
 0.92341135180170E-01
 0.99033605580073E-01
 0.10479485958489E+00
 0.11183978515074E+00
 0.11708529040844E+00
 0.12180258207416E+00
 0.12596206316973E+00
 0.12921186912540E+00
 0.13236164571023E+00
 0.13343543779794E+00
 0.13400365672256E+00
 0.13316854897564E+00
 0.13119990768372E+00
 0.12799145286071E+00
 0.12322690374814E+00
 0.11684369293882E+00
 0.11197488483644E+00
 0.10312426973369E+00
 0.94957852837259E-01
 0.85527961141064E-01
 0.76249351579408E-01
 0.64640653605939E-01
 0.54058353274327E-01
 0.42404185689178E-01
 0.29369112912231E-01
 0.15338668266816E-01
-0.20321055208175E-02
-0.21205794587828E-01
-0.46442492620734E-01
-0.77943849403293E-01
-0.11982849168357E+00
-0.17597064301631E+00
-0.24907288804660E+00
-0.34490037759920E+00
-0.47085291761065E+00
-0.63421989401903E+00
-0.84490891024264E+00
-0.11158638884747E+01
-0.14562107510417E+01
-0.18842901631385E+01
-0.24088554649343E+01
-0.30559253105764E+01
-0.38352188429392E+01
-0.47615702381732E+01
-0.58514807413360E+01
-0.71111640293103E+01
-0.85406042907748E+01
