7.219901739062326
7.572157036280751
7.941712471487301
8.328338962888598
8.731830645225218
9.152003716110519
9.588694594426853
10.041759070492684
10.511070627525458
10.996518282917934
11.498007164105655
12.01545609433749
12.548795666973652
13.097916864699553
13.662937654322489
14.243659481317811
14.840115282457038
15.452289498662097
16.08017938137323
16.723788917968918
17.383132236257197
18.058234210217186
18.749124266542747
19.455843504491703
20.178442322407996
20.91697543503629
21.67150735512567
22.442181312136366
23.22888382606653
24.031895322697498
24.851247945643433
25.687054730432294
26.539419402633374
27.408471467919945
28.294331919291256
29.197136328627288
30.117030420875878
31.0541602532509
32.008682339851966
32.980755512543375
33.97055496429866
34.978247922816415
36.00398714217481
37.04804967527997
38.110533167912855
39.191665665635696
40.29164757789555
41.410688127422965
42.548991394725554
43.70678101495085
44.88426773056789
46.08167776565449
47.299234580716536
48.537172734275
49.795718850158714
51.075114803883125
52.37559330162118
53.6973963613091
55.04076887700444
56.4059547561544
57.79319349931888
59.202752182084566
60.63486668380953
62.08978203216877
63.56775882122476
65.06904638004792
66.59389695628253
68.14256295095038
69.71529669706193
71.31235024041369
72.93397512290107
74.58042216864017
76.25194127328346
77.94878119687783
79.67118936065357
81.41941164815928
83.19369221113818
84.99427328058026
86.8213949833967
88.67529516511553
90.55620921908354
92.46436992256145
94.4000072801803
96.36334837515568
98.35461722866238
100.37403466777869
102.42181820235588
104.49818191115402
106.60333633758236
108.73748839533127
110.90084128414033
113.09359441596912
115.31594335172204
117.56807974874471
119.85019131908102
122.16246179888006
124.50507092855018
126.87819444409347
129.282004079347
131.71666757916307
134.1823487234093
136.679207361661
139.20739945842737
141.76707714873476