14.687019004865283
15.077960074958446
15.48852959888924
15.918406212656881
16.367322086494852
16.83501422247649
17.3212517566082
17.82580355014751
18.348471304553563
18.889066492684734
19.447422101683266
20.023387656018
20.616826700777427
21.227619533784583
21.855662661074884
22.500866286851647
23.163154987797206
23.842469151331
24.538760179041436
25.251993302509984
25.982149241828235
26.729218006635413
27.493202851935074
28.274119807206436
29.07199574212931
29.886869159342677
30.718790070868387
31.5678174386146
32.434027250556284
33.31748953999518
34.218303314758344
35.1365686065926
36.07239238883576
37.02589424300934
37.99719929777746
38.98644486975958
39.99377257974406
41.019334051171576
42.0632876928904
43.125796624316976
44.207037778240036
45.30717021408844
46.426421251564015
47.564946166871735
48.72294721248217
49.90062683278235
51.0981947219153
52.31585907963447
53.55383753341005
54.81234612695491
56.09161599562821
57.39186765934903
58.71332599689406
60.05624496224672
61.42084124909225
62.807364659870814
64.2160501917108
65.64714301061484
67.1008896606901
68.57753785258626
70.07733194763323
71.60052400856968
73.14736138566573
74.71809719453655
76.31298000904027
77.93226062829764
79.5761901137095
81.2450179682115
82.9389835394607
84.65836841101671
86.40337867122956
88.17429403065951
89.97133683915273
91.79475749974246
93.64479695592694
95.52169401518631
97.42568515822106
99.35700435500864
101.31588288815512
103.30254918393003
105.31722865146202
107.36014353047725
109.43151274800175
111.53155178441274
113.66047254919098
115.81848326671624
118.00578837243745
120.22258841951793
122.46907999661471
124.74545565652267
127.05190385596507
129.38860890693644
131.75575093935024
134.15350587516716
136.5820454140077
139.04153703014768
141.53214398092183
144.05402532628625
146.60733595948145
149.1922266485577
151.80884408855866
154.4573309640993
157.1378260220616
159.85046415410935