0.4247482536193779
0.6536312289800794
0.9037577288825756
1.1725901405749042
1.4589338271173802
1.7620975500271492
2.0816294192221543
2.4172210785477253
2.7686430878140085
3.135732018459397
3.5183560216114578
3.9159801183463157
4.329847770600602
4.75858413756027
5.202586626869827
5.661826565270787
6.1362835284248725
6.625948060105624
7.130821665524389
7.650908177034324
8.186220264746344
8.736779888376569
9.302614121375516
9.883752041201975
10.480244467272644
11.092127631461558
11.719459269684497
12.36229565856826
13.020704444078309
13.694757818313532
14.384534225885966
15.090119205112064
15.811605817638926
16.54909074695867
17.302682155615457
18.07248353080616
18.858626255455043
19.661235853974354
20.480415862016137
21.316357377066844
22.1691578125431
23.038982069975177
23.925984499577805
24.830334454078717
25.752188799727826
26.691733513108176
27.649139554342014
28.624593202736747
29.618282530266676
30.630402546717345
31.661152098224296
32.7107345388324
33.779357532497805
34.8672328515009
35.97457617175104
37.10160686537225
38.24854779096773
39.41562508188825
40.603067932803576
41.81110838487834
43.03998110977513
44.28992319276042
45.561173915114054
46.853974536097724
48.16856807466761
49.50519909118857
50.86411346936488
52.245558198604876
53.6497811571104
55.07703089589736
56.52755642405683
58.001606995532796
59.49943189771232
61.02128024215214
62.56740075777802
64.13804158690593
65.73345008444839
67.35387262067391
68.99955438793624
70.6707392117358
72.36766936656309
74.09058539689363
75.83972594378861
77.61532757750396
79.41762463651041
81.2468490733641
83.10323030780697
84.98699508750379
86.89836735677342
88.83756813371238
90.80481539601965
92.80032397585454
94.82430546405271
96.87696812392369
98.95851681491558
101.06915292634426
103.20907432137105
105.37847529138851
107.57754652093072
109.80647506319532
112.06544432623345
114.35463406982315
116.67422041302936
119.02437585239792