 0.72971490370971E-08
 0.54445334002708E-08
 0.14680975669431E-07
 0.93779837982441E-08
 0.10241868635310E-07
 0.99944852815211E-08
 0.93458762086366E-08
 0.94832128616856E-08
 0.93194474145257E-08
 0.95227709047497E-08
 0.67574971951609E-08
 0.10562478351397E-07
 0.11700260336874E-07
-0.13037529414298E-07
 0.30800171862119E-07
-0.87633809067529E-09
 0.10410740634614E-07
 0.12973907938000E-07
 0.66443765221980E-08
 0.82048736766078E-08
 0.73729166255501E-08
 0.66892213563513E-08
-0.47020580066416E-08
 0.68229171869790E-08
 0.58716057517594E-08
 0.60519925793243E-08
 0.58724878732744E-08
 0.58106085786345E-08
 0.61045708024227E-08
 0.57788068398183E-08
 0.55436307220283E-08
 0.42097079979381E-08
 0.47283517710397E-08
 0.45089795429247E-08
 0.61405097713376E-08
 0.44529354821735E-08
 0.43883124499229E-08
 0.34453209273079E-08
 0.36920526346703E-08
 0.44610283013336E-08
 0.27896230742774E-08
 0.45033460915007E-08
 0.38041715843030E-08
 0.25917698984734E-08
 0.36957467783257E-08
 0.62311809596040E-08
 0.30208370388756E-08
 0.35842097088907E-08
 0.24504216187873E-07
-0.77852474119085E-08
 0.34705883726561E-07
-0.16637426481570E-08
-0.15891956089449E-07
-0.78354609943915E-09
 0.23801938688700E-07
-0.90807125529165E-08
-0.15442079312377E-07
 0.47242308040522E-08
-0.16997610816685E-07
-0.13656233050560E-08
 0.69274294268815E-08
 0.13891520790470E-08
 0.25658513281246E-08
 0.40558399498568E-08
 0.14693063083571E-08
 0.16140378697726E-08
-0.29836574464509E-08
 0.20680011637257E-08
 0.25025485457908E-08
-0.58459320150372E-09
 0.19523485667149E-08
 0.14940086043067E-08
 0.37200643141095E-09
 0.75356366623748E-08
 0.31838850016335E-08
 0.12936728790462E-08
 0.25743202187089E-09
 0.84863645095785E-09
 0.52634995018958E-08
-0.15855387538586E-08
-0.19077065963075E-08
 0.73807388015763E-09
 0.18472515453435E-08
-0.78583338370972E-09
-0.76165271090892E-08
 0.17277834189219E-11
-0.47263313556737E-08
-0.11249647317128E-08
-0.16463641725557E-08
-0.26256803516203E-08
-0.13274533274569E-08
-0.47874151451991E-07
 0.59185662327845E-09
-0.27190852325845E-08
-0.29607384897939E-08
-0.30576857562622E-08
-0.18851506605889E-08
-0.36122932961951E-08
-0.35938152533496E-08
-0.41514839783803E-08
-0.43402820456007E-08
-0.44772821863151E-08
-0.47327912723915E-08
-0.49939090637778E-08
