 0.24841071380348E-07
 0.38693708084269E-07
-0.22191497465470E-07
 0.90429103667389E-08
-0.62449646936864E-09
 0.21334949479957E-09
 0.45541177904732E-08
 0.12378682438664E-08
 0.11266281108181E-08
-0.52425936104017E-08
 0.14272442713542E-07
-0.83189868220236E-08
-0.84128502028947E-07
 0.34128127126227E-06
-0.34612317858294E-06
 0.17822520653282E-06
-0.93821540741478E-07
-0.80102548400830E-07
 0.15931468060519E-07
-0.22137489762043E-07
-0.75894254059857E-08
 0.29554402241807E-08
 0.12228029576110E-06
-0.15380686304498E-07
 0.15548844725919E-07
-0.38353542285817E-09
-0.42147752649651E-09
 0.22057886563592E-10
-0.31570986322061E-07
-0.22854932791695E-07
-0.16073000611977E-07
 0.54615770333110E-07
 0.43528274058229E-08
-0.37041922994728E-07
-0.53980762668298E-07
-0.13333444565755E-09
-0.32764204373154E-08
 0.55576854287424E-07
 0.17113804438557E-07
-0.30446969890083E-07
 0.61486606604760E-07
-0.36375388698388E-07
-0.17736604809170E-07
 0.62780803373822E-07
-0.19701312917743E-07
-0.19868705584390E-06
 0.10277977962658E-07
-0.34800690917759E-07
-0.21085192710342E-05
 0.13789386653900E-05
-0.28717378241434E-05
 0.17837942025987E-06
 0.15007346344164E-05
 0.42473703495500E-06
-0.16526290267023E-05
 0.13144754688087E-05
 0.16000741375207E-05
-0.46691026867951E-06
 0.33371150881383E-05
 0.17689109169817E-06
-0.64755753201123E-06
 0.56033532569774E-07
-0.43891443471092E-07
-0.15354197392420E-06
 0.45454501319462E-07
 0.74678336695529E-08
 0.49429132145000E-06
-0.77410139652672E-07
-0.12671157410171E-06
 0.28052828827775E-06
-0.94549921376542E-07
-0.88895758790826E-07
 0.14928503839572E-06
-0.15264947797181E-05
-0.38760460019932E-06
-0.11907306308658E-06
 0.27819241188502E-07
-0.91442016804837E-07
-0.10097003635382E-05
 0.26372206665480E-06
 0.35863585067227E-06
-0.15501133590805E-06
-0.49826665374125E-06
 0.12833996768792E-07
 0.11277404424729E-05
-0.17198138137125E-06
 0.80335018938662E-06
-0.81957263916688E-07
-0.49030511575112E-08
 0.23761870814921E-06
-0.11146145289334E-06
 0.11436607318335E-04
-0.61299721983446E-06
 0.85451682514873E-08
-0.37515255005727E-08
-0.33986844865585E-07
-0.36144753345688E-06
 0.20173647981416E-07
-0.51296676275687E-07
 0.36855040825582E-07
 0.26244885074189E-07
-0.14945101101007E-07
-0.15812347851438E-07
-0.16707607053687E-07
