0.
0.
0.
0.
0.
0.
0.
0.
0.
0.
0.
0.
0.
0.
0.
0.
0.
0.
0.
5.9578338411851955e-12
1.9859446137283985e-12
1.241215383580249e-13
8.316143069987669e-12
5.213104611037046e-12
8.067899993271618e-12
1.5142827679679038e-11
4.0339499966358095e-11
1.0984756144685204e-10
2.656200920861733e-10
6.388535579287542e-10
1.434844983418768e-9
3.093853465112129e-9
6.395858750050665e-9
1.2688944866340885e-8
2.4286737288976374e-8
4.4909406765623855e-8
8.051180822054793e-8
1.402168747230634e-7
2.377761556293943e-7
3.9338223928577744e-7
6.360448116372505e-7
1.006704369138901e-6
1.5619829234019695e-6
2.3789776991267747e-6
3.5609811510764047e-6
5.2443565525725215e-6
7.606733864794679e-6
0.000010876527748706233
0.000015344023604374325
0.00002137403722315317
0.000029420330139027423
0.00004004174542859872
0.000053920358127761305
0.00007188142627953463
0.00009491540252355424
0.00012420198252000706
0.0001611361869808512
0.00020735643386578185
0.00026477476892762747
0.00033560904831718
0.00042241712823330014
0.0005281330091148871
0.0006561048890703518
0.000810135071186386
0.0009945215839622056
0.0012141015555811288
0.0014742961717247422
0.0017811571901194003
0.0021414148822321735
0.0025625273409243246
0.0030527310520344127
0.0036210926622447814
0.004277561882660123
0.005033025351100808
0.005899361470860353
0.006889496163245658
0.008017459348710666
0.00929844221492059
0.010748855197397877
0.012386386532864955
0.014230061429595155
0.016300301829575113
0.018618986630289245
0.021209512467409434
0.02409685491565021
0.027307630235510416
0.0308701574841875
0.03481452122339228
0.03917263454206001
0.043978302744725355
0.049267287385699854
0.05507737089245439
0.06144842177609654
0.06842246035993121
0.07604372514377179
0.08435873986221484
0.093416381155951
0.10326794709268794
0.1139672263086809
0.12557056811741832
0.13813695344979762
0.15172806662616348
0.1664083682365034
0.18224516888477718
0.19930870412394444
0.21767221038657103
0.23741200214547975
0.2586075502519424
0.2813415614797119
0.30570005947013945
0.3317724668874756
0.3596516891091827
0.389434199205002
0.4212201245900467
0.45511333508679963
0.49122153266287527
0.5296563428842657
0.5705334080328082
0.6139724821273047
0.6600975278162702