0.
0.
0.
0.
0.
0.
0.
0.
0.
0.000045779151045387627
0.000045779151045387627
0.00005150154492606108
0.00009918816059833986
0.0004205959502294988
0.0022345948104029833
0.010130544633418904
0.039422525176272864
0.13266702599721988
0.3960907521678282
1.067331369300078
2.633002178360171
6.017174417845525
12.863007739819059
25.931915795055573
49.64152466683459
90.76069289584377
159.27534877734965
269.43244098283355
440.9635656733546
700.4831104128237
1083.0516846598596
1633.889036354989
2410.217506803322
3483.2168462033387
4940.0650758587335
6886.04427571749
9446.688011863765
12769.949295005285
17028.369160794206
22421.229059588233
29176.671956161972
37553.780718424125
47844.603075189276
60376.11837720388
75512.13988491417
93655.15165976307
115248.07978147997
140775.9981755756
170767.77348685116
205797.65151868208
246486.78962906057
293504.73999321036
347570.8878414526
409455.84926454414
479982.8320828712
560028.9626378325
650526.5806436829
752464.5021971143
866889.2519450422
994906.2608064419
1.1376810287475253e6
1.296440246171612e6
1.4724728706495299e6
1.6671311520006424e6
1.8818315988290203e6
2.1180558799244603e6
2.377351651721597e6
2.661333305233483e6
2.9716826237616055e6
3.3101493456361024e6
3.6785516236972837e6
4.078776377824663e6
4.512779534347611e6
4.982586149604236e6
5.490290415006656e6
6.038055542298424e6
6.628113529246332e6
7.262764806259707e6
7.944377765661516e6
8.675388176204508e6
9.458298484967757e6
1.0295677009293618e7
1.1190157020957686e7
1.2144435723128758e7
1.3161273120333375e7
1.4243490778912827e7
1.5393970472906379e7
1.661565270767271e7
1.7911535109921075e7
1.9284670667538263e7
2.073816579951954e7
2.2275178230138432e7
2.389891463636761e7
2.561262803276108e7
2.7419614853662763e7
2.932321168669624e7
3.1326791611652475e7
3.3433760095746107e7
3.564755040035765e7
3.797161845754917e7
4.040943718709296e7
4.296449023642724e7
4.5640265147062086e7
4.844024597618775e7
5.13679054291317e7
5.44266965937355e7
5.762004440008063e7
6.095133696278305e7
6.442391699191565e7
6.804107348015718e7
7.18060338845268e7
7.572195701931392e7
7.979192686045189e7
8.401894743183334e7
8.840593890140334e7
9.295573496478938e7
9.767108153859465e7
1.0255463673088194e8
1.0760897200671749e8
1.1283657442492312e8