0.
0.
0.
0.
0.
0.
0.
0.
0.000045779151045387627
0.000045779151045387627
0.00004864034798572435
0.0000820209789563195
0.00035669588522864524
0.0020543394031617697
0.010142943153493697
0.04236478936325247
0.15108168950522707
0.4721270608572767
1.3185253860153738
3.3456452689514067
7.8166670095315025
17.001340944964564
34.739366664677696
67.19488492108914
123.82484305793902
218.57204641941553
371.28848461143326
609.3822393216878
969.6751717496442
1500.4497628125168
2263.660123109295
3337.2771033704284
4817.734977398901
6822.449678778112
9492.376397158614
12994.578745225259
17524.783687394654
23309.90062248362
30610.486440303244
39723.14283083186
50982.83538161587
64765.12890027789
81488.33422780501
101615.56881440764
125656.73062113921
154170.3921273603
187765.61713547906
227103.70955741094
272899.8989447424
325924.97005960485
387006.842850515
457032.107513145
536947.5193569986
627761.4550545113
730545.3321752726
846434.9898861754
976632.0293525591
1.1224051082648302e6
1.2850911831844794e6
1.466096692777771e6
1.6668986717607784e6
1.8890457860346574e6
2.134159278295023e6
2.403933812019238e6
2.700138204001499e6
3.02461603375345e6
3.3792861204304257e6
3.7661428578041736e6
4.1872563999879165e6
4.644772691838479e6
5.1409133390436405e6
5.677975315242382e6
6.258330504691175e6
6.884425080082393e6
7.55877871692163e6
8.283983646325589e6
9.062703547796091e6
9.89767228548375e6
1.0791692487337597e7
1.1747633969291337e7
1.2768432000916386e7
1.385708540841969e7
1.5016654507026467e7
1.6250258849462366e7
1.756107477392867e7
1.8952332727981873e7
2.0427314340166356e7
2.198934920442764e7
2.3641811336638287e7
2.538811525879901e7
2.7231711660513267e7
2.917608258885265e7
3.122473611629225e7
3.338120044462015e7
3.5649017409778215e7
3.803173537272511e7
4.053290149930232e7
4.315605346376729e7
4.5904710644093126e7
4.8782364914915316e7
5.1792471186323136e7
5.493843787523164e7
5.822361753067281e7
6.165129785942432e7
6.522469340985484e7
6.894693816667321e7
7.282107928601076e7
7.685007216018926e7
8.103677694565858e7
8.538395662217045e7
8.989427658241603e7
9.457030568296933e7
9.941451862870865e7
1.0442929951637354e8
1.0961694633052973e8
1.1497967617084219e8
1.2051963098774609e8
1.262388836164011e8
1.3213944391963165e8
1.382232648784538e8