0.
0.
0.
0.
0.
0.
0.
0.
0.
0.
0.00001525971701512921
0.000045779151045387627
0.000047686615672278774
0.00004482541873194205
0.00011540160992691463
0.0006027588220976038
0.002565539923168598
0.010101932664015536
0.034408754404489476
0.10476844836430992
0.2885631562207202
0.7291674566539937
1.7084979453924485
3.7465924260593
7.749114149770152
15.21683244165513
28.52974718689281
51.317954316919746
88.9307485851218
149.0113693634212
242.1844966729592
382.8580024384649
590.1395883371014
888.8651915371252
1310.7326662705007
1895.5338982101189
2692.474065183429
3761.56796708685
5175.100428490736
7019.138545179164
9395.082886839802
12421.245733296197
16234.4442080388
20991.597604363244
26871.319583289966
34075.49626482919
42830.84355840091
53390.4372460764
66035.21179675209
81075.4240972803
98852.08040863578
119738.32482372348
144140.78949101182
172500.90706464392
205296.18649307845
243041.45350819058
286290.0595992417
335635.058162245
391710.35402303137
455191.8261251497
526798.425863259
607293.2524287101
697484.6072683901
798227.0270721909
910422.2962008702
1.0350204380001875e6
1.173020683540195e6
1.325472416495007e6
1.493476091724357e6
1.6781841250304997e6
1.8808017503041455e6
2.102587841834371e6
2.344855696259433e6
2.60897377214517e6
2.896366381479079e6
3.2085143316208557e6
3.5469555110151656e6
3.9132854194105323e6
4.309157636218208e6
4.736284227162648e6
5.196436086680946e6
5.691443215565761e6
6.22319493256799e6
6.793640021689289e6
7.404786814780052e6
8.0587032116183415e6
8.757516638918469e6
9.503413950722247e6
1.0298641272125171e7
1.1145503789014697e7
1.2046365485738523e7
1.3003648831899868e7
1.4019834419831416e7
1.5097460551827589e7
1.6239122775956372e7
1.7447473367077276e7
1.8725220747319266e7
2.0075128838892296e7
2.1500016337131582e7
2.3002755891367417e7
2.4586273174564093e7
2.6253545820665594e7
2.8007602203890774e7
2.985152002950702e7
3.1788424701886524e7
3.3821487431680486e7
3.5953923040210985e7
3.818898741745673e7
4.052997458822468e7
4.298021334337199e7
4.5543063395284325e7
4.822191102368063e7
5.1020164188457005e7
5.394124709911389e7
5.698859424884385e7
6.0165643942799725e7
6.3475831374325186e7
6.692258132989442e7
7.050930063087602e7
7.42393704450743e7