0.
0.
0.
0.
0.
0.
0.
0.
0.
0.
0.00001525971701512921
0.000045779151045387627
0.00004864034798572435
0.0000543627418663978
0.0001945613919428974
0.000932750202549773
0.003988508534829397
0.01522919758109895
0.05087780399306767
0.15189903809784994
0.41111298983690947
1.0222637025605208
2.3604083159957834
5.106904639655978
10.432642204899729
20.253550012900018
37.573003602352784
66.92326386568446
114.91677056805145
190.91520177867147
307.8197564941232
482.98549113112034
739.2559130804203
1106.1137369490461
1620.9389604848109
2330.364836354156
3291.7188186079206
4574.536750066389
6262.1349717752
8453.227750005857
11263.575681435525
14827.652828675704
19300.319152830205
24858.48930756433
31702.786961239926
40059.176566142414
50180.56725964969
62348.38156790986
76874.0875071804
94100.6898329973
114404.17975525575
138194.9430686544
165919.12717632335
198059.96796227526
235139.07893992876
277717.7052813467
326397.94341387675
381823.93060855847
444683.00696179504
515706.84981129953
595672.5848609447
685403.8735910584
785771.9787738874
897696.8069049221
1.0221479287928004e6
1.1601455753226029e6
1.312761607483637e6
1.4811204578729956e6
1.6664000404474572e6
1.869832625481326e6
2.0927056749834828e6
2.33636263532333e6
2.6022036819478967e6
2.8916864125544876e6
3.206326483543913e6
3.5476981881224667e6
3.9174349688577037e6
4.317229866180597e6
4.748835896278119e6
5.214066359651403e6
5.714795077787272e6
6.252956557864951e6
6.830546086069236e6
7.449619750368483e6
8.112294394231884e6
8.82074750326408e6
9.577217027271133e6
1.03840011396415e7
1.1243457936650436e7
1.2158005079401245e7
1.3130119377488678e7
1.4162336318260515e7
1.5257249537197616e7
1.6417510229969416e7
1.7645826500395764e7
1.8944962637280338e7
2.0317738311486308e7
2.1767027679763675e7
2.3295758378856376e7
2.490691038997143e7
2.6603514748438265e7
2.8388652069680102e7
3.0265450858070157e7
3.223708556125285e7
3.430677432837885e7
3.647777642858152e7
3.875338928431822e7
4.113694507522486e7
4.3631806870104775e7
4.6241364251848675e7
4.896902840872698e7
5.181822667902484e7
5.479239655383779e7
5.789497916360763e7
6.112941229957711e7
6.449912304773579e7
6.80075201413651e7
7.165798616442262e7
7.545386976227961e7
7.939847803232111e7