0.
0.
0.
0.
0.
0.
0.
0.
0.
0.
0.00003051943403025842
0.000045779151045387627
0.00004959408029916993
0.00006390006500085357
0.0002536927953765231
0.0012331758812851293
0.00526174117327924
0.019720323045114164
0.06504835870624202
0.19186709815741365
0.5136153702244727
1.2642809069558432
2.8922952898812464
6.204940467055123
12.577405922431588
24.24242001227621
44.67441906341578
79.08157692001254
135.0150653588426
223.10346135127992
357.9150278926703
558.9484749728466
851.7478192415364
1269.1349332875184
1852.5508976538265
2653.4929778696314
3735.035613854148
5173.420264978644
7059.6992077654195
9501.419595396403
12624.332692893619
16574.115837949917
21518.09400882199
27646.951400923674
35176.42287489877
44348.95771212243
55435.35028808972
68736.3313213717
84584.11861565245
103343.92380609474
125415.41532653105
151234.137324713
181272.88609832345
216043.04566832748
256095.88577050192
302023.82183691673
354461.64415469614
414087.7147733672
481625.1371440483
557842.8992019611
643556.9918855669
739631.5041919801
846979.6949832506
966565.0413098469
1.0994022616328602e6
1.2465583131447458e6
1.4091533597093867e6
1.5883617079455904e6
1.785412707514152e6
2.0015916115932665e6
2.238240393291511e6
2.496758513101932e6
2.778603633222751e6
3.0852922736536637e6
3.4184004064464197e6
3.77956398376256e6
4.170479396570971e6
4.592903861238511e6
5.048655731670386e6
5.539614736142858e6
6.067722137635189e6
6.634980817795282e6
7.243455286311049e6
7.895271615546372e6
8.592617303405838e6
9.337741066762997e6
1.0132952566977156e7
1.0980622070741402e7
1.1883180047994776e7
1.2843116708345424e7
1.3862981476616066e7
1.4945382406905184e7
1.6092985532875972e7
1.7308514149767563e7
1.859474802189403e7
1.9954522505225927e7
2.1390727572823673e7
2.2906306725847892e7
2.4504255770128764e7
2.618762143262375e7
2.7959499788750205e7
2.9823034465947587e7
3.1781414586265143e7
3.3837872405186765e7
3.599568060303031e7
3.825814918310868e7
4.062862193188276e7
4.311047239942035e7
4.570709936622725e7
4.8421921769993246e7
5.125837308344023e7
5.4219895149828516e7
5.73099315066295e7
6.0531920253460996e7
6.3889286547469035e7
6.738543483885294e7
7.102374098530357e7
7.480754440764746e7
7.874014046432886e7
8.282477323148914e7