13.895537672823284
13.931890568236144
13.992441339935107
14.07713309718705
14.185885226829452
14.318588765772208
14.475104809485687
14.655259492719729
14.858841353310238
15.08560221639087
15.33526057913934
15.607507944292918
15.902015761504556
16.218444055889474
16.556446140092557
16.91567406549433
17.295796761570628
17.696474412509716
18.117392394354987
18.558246468881155
19.018749274384025
19.498629510169703
19.997633799553974
20.51552694067234
21.052089096397193
21.60712231064036
22.18044006271926
22.771878443010092
23.38128748758858
24.008532181864815
24.653495662427176
25.316075597121554
25.996184853698452
26.6937423289089
27.408717619600125
28.141038108732598
28.890688291723436
29.657641460267207
30.44190165880615
31.243476817697328
32.06233280908766
32.898666585342575
33.75235989985095
34.62352482275086
35.51222577643996
36.41854276887681
37.342568281070434
38.28439474811483
39.24412867865363
40.22189759076048
41.217817271948824
42.2321087118139
43.26466621612163
44.31588959329616
45.38585340352329
46.474723401922944
47.582669970348164
48.70987861401815
49.85652706650951
51.02281035460412
52.208924228381136
53.41507035484015
54.641455588349345
55.88829347981266
57.15579762948574
58.44419047617649
59.753694775226315
61.084538841278544
62.43695403256025
63.81117357563537
65.20743193629652
66.62597504219035
68.06703515954857
69.53085984865098
71.01770353383908
72.52779958384436
74.06139705249859
75.61874784278514
77.20009977367083
78.805702595927
80.43580466111001
82.09065752702803
83.77050768730255
85.47560702771456
87.20620027713122
88.96253611893289
90.74485714487538
92.55341011864309
94.38843674210676
96.25017646693016
98.13886773421586
100.05474651838085
101.99804616362063
103.96899735906389
105.9678279386891
107.99476271544633
110.05002332406454
112.13382807294929
114.24639180554512
116.38792577155479
118.55863750833896
120.75873073282483
122.9884052441185
125.24785683734889
127.53727722845021
129.8568539905642
132.20677050187066
134.58720590503867
136.9983350783245
139.44032861832238
141.91335283429328
144.41756975404303
146.95313714113468
149.5202085234169
152.11893323249555
154.74945645405046
157.41191928867022
160.10645882292675
162.83320821037918
165.59229676216015