19.372512657022472
19.410151322696333
19.472849266188884
19.560566180206475
19.673201799760903
19.810690560988277
19.972902685470665
20.159688632515767
20.370866742231097
20.606221667769262
20.8655066977842
21.148445827171663
21.454741045921352
21.784076362752927
22.13612525476921
22.510555447420444
22.907034949194458
23.325233543080653
23.764832811352072
24.225517432184464
24.707406306161758
25.208966503486433
25.73117228955484
26.273353324351174
26.835270087873873
27.416701415169914
28.01744054860634
28.63728053680813
29.276099859432392
29.933701430769922
30.609950680573125
31.30472946333519
32.0179394723621
32.74948102917445
33.499283416086136
34.267282417405816
35.0534483579318
35.85773720701586
36.680138276728684
37.52065262503176
38.379288918600786
39.25607539136532
40.151049283268975
41.06426020845717
41.995770553684956
42.94565395858725
43.913994786016154
44.900888375866
45.906439981810045
46.93076547209934
47.973972545857634
49.03624270336629
50.11767046442545
51.218423052988086
52.33881696105561
53.478535887708986
54.63823595808723
55.81793578966121
57.01782017050743
58.23807965205488
59.47891262740803
60.74052138021069
62.023113981403725
63.32690075456189
64.65210080502449
65.99893234489215
67.36762127244721
68.75839339816854
70.1714826992431
71.60711930372914
73.06554188084483
74.54698829697448
76.0516949012229
77.5799145358064
79.13187821772948
80.70783698035595
82.30803868646194
83.9327230729607
85.58214192993303
87.25653719207018
88.95616122827175
90.68125398017274
92.43206392441829
94.20883586600574
96.01181172072143
97.84122973937464
99.69734244267269
101.58037590082922
103.49056930780745
105.42815926260371
107.39337649823081
109.38645039761978
111.40760564936636
113.45706608280754
115.53505319655294
117.64178195983733
119.7774661303134
121.94231527394298
124.13653520426169
126.36032786505233
128.61389122415238
130.89741917865254
133.2111014717169
135.5551236211775
137.92966686007
140.33490808916468
142.7710198415708
145.23817025937655
147.73652308231078
150.26623764831496
152.82746890589567
155.42036743808137
158.0450794977738
160.70174705419993
163.3905078502957
166.11149547053836
168.86483941901918
171.6506652073133
174.46909445179998
177.32024497999532