0.
0.
0.
0.
0.
0.
0.
0.
0.
0.
0.
0.
0.
0.
0.
0.
0.
0.
0.
0.
0.
-1.9859446137283985e-12
5.9578338411851955e-12
0.
0.
1.241215383580249e-13
-1.4894584602962989e-12
7.695535378197545e-12
1.0922695375506191e-11
1.1543303067296316e-11
3.872591996770377e-11
8.638859069718534e-11
1.984703398344818e-10
4.261092411830995e-10
9.063354730902978e-10
1.829054989243855e-9
3.577306857016636e-9
6.759658978978036e-9
1.2393535605048787e-8
2.207985633697069e-8
3.830514795267007e-8
6.482992069977998e-8
1.0723331360595532e-7
1.7362033900443673e-7
2.755346723271356e-7
4.291360690174983e-7
6.567273076953865e-7
9.88572074207869e-7
1.46519232718269e-6
2.140129754013659e-6
3.0832575817471194e-6
4.384718705250972e-6
6.159537298850827e-6
8.553002091570135e-6
0.000011746856680612712
0.000015966410206052197
0.000021488581791854566
0.000028651011439158242
0.000037862203610753316
0.00004961285927929055
0.0000644884369028417
0.00008318289379628956
0.00010651375398959849
0.00013543857766649606
0.0001710727040901383
0.00021470844116530435
0.0002678357272061578
0.00033216415518613453
0.00040964652690991197
0.000502503814227138
0.0006132516694070792
0.0007447283445409733
0.0009001240922108195
0.0010830120423356258
0.001297380511007843
0.0015476667305214134
0.0018387920313735762
0.0021761983429338942
0.002565886139632719
0.003014453656788869
0.0035291375035493458
0.004117854482414525
0.004789244709805307
0.005552716006393616
0.006418489431336981
0.007397646036379613
0.008502174772546073
0.009745021547069245
0.011140139367126493
0.012702539558840712
0.014448344125965334
0.016394839142998243
0.018560529155666097
0.02096519263817942
0.023629938564106126
0.02657726386185929
0.02983111204164394
0.033416932774043735
0.03736174252463364
0.0416941862544243
0.046444600219154385
0.05164507580139821
0.05732952451450485
0.06353374410029622
0.07029548583570899
0.07765452304490478
0.08565272084974107
0.09433410721867738
0.10374494534241675
0.11393380745221168
0.1249516500224977
0.13685189053001098
0.14969048575610908
0.16352601169795505
0.17841974531123891
0.19443574782539494
0.21164095011129272
0.23010523987550077
0.24990155093445482
0.27110595453191455