0.
0.
0.
0.
0.
0.
0.
0.
0.
0.
0.
0.
0.
0.
0.
0.
0.
0.
0.
1.9859446137283985e-12
3.971889227456797e-12
5.9578338411851955e-12
5.9578338411851955e-12
6.08195537954322e-12
6.206076917901245e-12
6.82668460969137e-12
8.936750761777794e-12
1.464634152624694e-11
3.0037412282642025e-11
6.640502302154332e-11
1.5651725986946941e-10
3.574700304711117e-10
7.844481224227174e-10
1.6523059186220276e-9
3.3454478233638454e-9
6.535991966856875e-9
1.2345252326627515e-8
2.2578204313478163e-8
4.013209287576183e-8
6.940653006211708e-8
1.1707093849313566e-7
1.9291329444065469e-7
3.1105974606366264e-7
4.914818212485808e-7
7.619453840045609e-7
1.1604545875537548e-6
1.7381864798627136e-6
2.5631468794331832e-6
3.724482978152357e-6
5.33762085588705e-6
7.550281899690988e-6
0.000010549538120288162
0.000014569768715046183
0.000019901921024196252
0.0000269038605294307
0.0000360120521801209
0.00004775456150385262
0.00006276544476109708
0.00008180060919538234
0.00010575513990356191
0.00013568215203566832
0.000172813225172016
0.00021858036141630914
0.0002746395679914436
0.00034289599967068143
0.0004255307304281373
0.0005250290414821003
0.0006442103386817883
0.0007862595669239775
0.0009547601778265623
0.0011537285913289519
0.0013876500499361254
0.0016615160238613112
0.001980862858004655
0.002351811876491115
0.0027811107471660914
0.0032761760698053035
0.003845137273186289
0.004496881600954035
0.005241100307051007
0.006088335877880534
0.007050030373549991
0.00813857476109331
0.009367359262883563
0.01075082461746296
0.012304514315099298
0.01404512774290504
0.015990574163308402
0.018160027621077664
0.020573982719692747
0.023254311130778596
0.026224319075906662
0.029508805584280172
0.03313412159370109
0.03712822994148853
0.041520766123833604
0.04634310005768392
0.05162839861553295
0.05741168919352114
0.06372992408111396
0.07062204595544519
0.07812905430992304
0.08629407287134021
0.09516241823374734
0.10478166951173673
0.1152017392339484
0.12647494543211485
0.13865608501960447
0.15180250850675392
0.16597419608501288
0.1812338351937204
0.19764689958813159
0.21528172999322065
0.23420961633742735
0.2545048818401585
0.2762449687064151
0.29951052586073634
0.3243854984713488
0.35095721956874193
0.37931650379243226