0.
0.
0.
0.
0.
0.
0.
0.
0.
0.
0.
0.
0.
0.
0.
0.
0.
0.
0.
1.9859446137283985e-12
3.971889227456797e-12
5.9578338411851955e-12
5.9578338411851955e-12
6.08195537954322e-12
6.33019845625927e-12
7.074927686407419e-12
9.557358453567918e-12
1.6632286139975338e-11
3.53746384320371e-11
7.981014916421002e-11
1.8804413061240774e-10
4.280951857968279e-10
9.351316699893596e-10
1.9606238199033616e-9
3.951285052089365e-9
7.682254373593236e-9
1.4450353617179617e-8
2.6326550650352155e-8
4.659311543345046e-8
8.028752060073497e-8
1.349486601489954e-7
2.2162992943362898e-7
3.5619728821678854e-7
5.610653486243964e-7
8.672579168044258e-7
1.3171106153031085e-6
1.967512317039155e-6
2.8937977208682e-6
4.194483581243468e-6
5.996810734903459e-6
8.463234664355767e-6
0.000011798965384846178
0.000016260585823374555
0.000022165882120411258
0.00002990490136950638
0.00003995244519485473
0.000052881799827625894
0.00006938002465232996
0.00009026472760509121
0.00011650236565326368
0.00014922804379437915
0.0001897670384756278
0.00023965782611111273
0.0003006767426802402
0.000374864289053587
0.00046455301502061397
0.0005723970322884492
0.0007014030384121575
0.0008549629778881009
0.001036888136106338
0.0012514447997168366
0.0015033913076534038
0.0017980165389885432
0.002141179804975274
0.0025393519610795536
0.002999657935487694
0.003529920353482841
0.004138704486446509
0.004835364235909629
0.005630089300233606
0.0065339533335189645
0.007558963207582097
0.008718109193920853
0.01002541613132928
0.011495995484829106
0.013146098391243357
0.014993169427033185
0.017055901332615284
0.01935429060764014
0.021909693789559325
0.024744884674771803
0.02788411230286941
0.03135315975226483
0.03517940376743394
0.03939187518860379
0.044021320235645124
0.04910026268526753
0.054663066848798576
0.060746001498623796
0.06738730474378415
0.07462724982605874
0.08250821194526342
0.09107473611190324
0.10037360605597521
0.11045391432361408
0.12136713349741043
0.13316718862256957
0.14591053098462978
0.15965621314813125
0.17446596541486323
0.19040427371261162
0.20753845903865328
0.22593875845017675
0.2456784076504097
0.26683372540516664
0.2894841996004074
0.31371257527742424
0.33960494451321954
0.3672508424401834
0.396743320884299