0.
0.
0.
0.
0.
0.
0.
0.
0.
0.
0.
0.
0.
0.
0.
0.
0.
0.
0.
1.9859446137283985e-12
5.9578338411851955e-12
5.9578338411851955e-12
5.9578338411851955e-12
6.206076917901245e-12
6.702563071333345e-12
8.316143069987669e-12
1.340512614266669e-11
2.7430859977123504e-11
6.355022763930875e-11
1.490699675679879e-10
3.491538874011241e-10
7.835792716542112e-10
1.6844533970567559e-9
3.474285980179475e-9
6.894703212711568e-9
1.319833965976222e-8
2.4459514470370746e-8
4.3945354777197074e-8
7.67798459267372e-8
1.3067068720794772e-7
2.1702861988515864e-7
3.524167944014798e-7
5.60320867637325e-7
8.73525682126891e-7
1.3369938927757574e-6
2.0114440184471327e-6
2.9776789323690147e-6
4.341757386029876e-6
6.241155650585837e-6
8.851942734750059e-6
0.000012397119614468875
0.00001715616604104459
0.000023475943749429474
0.00003178296525168475
0.00004259715246126451
0.00005654706168915379
0.0000743868271027052
0.00009701459699421741
0.00012549270613747062
0.00016106956573810985
0.00020520317739023607
0.00025958646504116976
0.0003261742523113268
0.00040721199005190693
0.0005052661442764005
0.0006232562737585973
0.0007644887150045168
0.0009326918948300713
0.0011320531534978501
0.001367257136626028
0.0016435255710524255
0.0019666584980095516
0.0023430768653063703
0.002779866333294589
0.0032848224222164144
0.003866496798243299
0.004534244671643673
0.0052982733079485105
0.006169691544873719
0.007160560305317877
0.008283944018681388
0.009553962982282165
0.010985846525713548
0.012595987039956982
0.01440199478299903
0.016422753445692818
0.018678476478980997
0.021190764164730824
0.023982661375195568
0.02707871608204585
0.030505038541242795
0.03428936127551616
0.03846109962742921
0.04305141324422392
0.04809326813747308
0.05362149965701166
0.05967287616379648
0.06628616355672214
0.07350219069559441
0.08136391566502713
0.08991649299208883
0.09920734184227552
0.10928621520771094
0.12020527018451331
0.1320191393476448
0.1447850032767399
0.15856266430304167
0.17341462154360215
0.18940614721927235
0.20660536438978716
0.22508332609365858
0.24491409601265315
0.26617483067810754
0.28894586334866473
0.31331078947440716
0.3393565540569472
0.36717354070241026
0.39685566268841505
0.4285004559493512
0.46220917413994866