0.
0.
0.
3.971889227456797e-12
0.
0.
3.971889227456797e-12
0.
3.971889227456797e-12
0.
0.
0.
3.971889227456797e-12
0.
0.
1.9859446137283985e-12
3.971889227456797e-12
1.9859446137283985e-12
5.9578338411851955e-12
3.971889227456797e-12
3.971889227456797e-12
3.971889227456797e-12
5.9578338411851955e-12
3.971889227456797e-12
5.9578338411851955e-12
5.9578338411851955e-12
3.971889227456797e-12
7.943778454913594e-12
4.096010765814822e-12
2.358309228802473e-12
6.950806148049394e-12
8.812629223419768e-12
1.539107075639509e-11
2.407957844145683e-11
4.840739995962971e-11
1.0078668914671623e-10
2.0753121213461763e-10
4.2238559503235874e-10
8.42288759297557e-10
1.6258680309517683e-9
3.0356404636222153e-9
5.521298390780022e-9
9.784376747224745e-9
1.6925957699730425e-8
2.8624164446897556e-8
4.7373591666645724e-8
7.686859282666318e-8
1.223837126994742e-7
1.9140906551729378e-7
2.9441628898523505e-7
4.4578051906823273e-7
6.649915679623405e-7
9.781821084749954e-7
1.4198808907543244e-6
2.03526728591188e-6
2.8827996837189103e-6
4.037330074368375e-6
5.593839113807218e-6
7.67168616933128e-6
0.000010419666899908779
0.00001402167108826328
0.000018703281686582036
0.000024739170970743674
0.000032461452058026605
0.00004226904660785199
0.000054638119719513485
0.00007013357234541382
0.0000894218167486434
0.00011328470877329633
0.00014263475025048854
0.00017853168677871005
0.00022220038432838707
0.0002750501873611258
0.0003386956534568167
0.0004149787803781158
0.0005059927157667022
0.0006141069595251552
0.0007419940889218643
0.0008926580267749044
0.001069463839930357
0.0012761690512786694
0.0015169565217843556
0.0017964688080725402
0.002119844145138809
0.0024927537927823982
0.002921441046633337
0.003412761566481474
0.003974225282066137
0.004614039714596057
0.005341154717102602
0.006165308602471803
0.007097075745047287
0.008147915412277657
0.00933022207167247
0.010657376983160874
0.01214380109311282
0.013805009224809726
0.01565766560359406
0.017719640646072666
0.02001006896757298
0.02254940870690114
0.025359502138116326
0.028463637499068554
0.03188661212854981
0.035654796875691015
0.03979620181573809
0.044340543318132294
0.049319312393414666
0.05476584447385844
0.060715390598660726
0.06720518997191845
0.07427454413703904
0.08196489257966597
0.09031988999681173
0.09938548513873498
0.10921000150109719
0.11984421963578862
0.1313414615056634
0.14375767662352174
0.15715153035006246