0.
0.
0.
0.
0.
0.
3.971889227456797e-12
0.
3.971889227456797e-12
0.
0.
0.
1.9859446137283985e-12
0.
0.
1.9859446137283985e-12
3.971889227456797e-12
1.9859446137283985e-12
5.9578338411851955e-12
0.
1.9859446137283985e-12
3.971889227456797e-12
3.971889227456797e-12
1.9859446137283985e-12
5.9578338411851955e-12
5.9578338411851955e-12
3.971889227456797e-12
7.943778454913594e-12
4.096010765814822e-12
2.2341876904444484e-12
6.702563071333345e-12
8.067899993271618e-12
9.681479991925942e-12
1.8121744600271635e-11
3.959477073620994e-11
8.204433685465446e-11
1.6706759062990152e-10
3.4642321355724753e-10
6.971906809570259e-10
1.3537936188709776e-9
2.546229237876523e-9
4.676651322253662e-9
8.355117233032088e-9
1.4544810107870074e-8
2.4756040825508066e-8
4.122212822562201e-8
6.725153191314505e-8
1.076313713794695e-7
1.6918038745583182e-7
2.614357067850476e-7
3.975950484191871e-7
5.956010495786716e-7
8.795809513756872e-7
1.2815404854481577e-6
1.8435253264287102e-6
2.620051391665727e-6
3.6811494184377264e-6
5.115924645551938e-6
7.036664988020868e-6
9.583656332142909e-6
0.000012930703089163882
0.000017291495257830194
0.000022926754101352096
0.000030152363473503085
0.00003934848679385534
0.000050969665576140554
0.00006555615085585126
0.0000837462903956474
0.0001062901496588542
0.0001340644955133297
0.00016808897274331588
0.0002095437295561285
0.00025978841363887364
0.0003203825691749677
0.0003931075588178773
0.0004799899058635016
0.0005833261878176623
0.0007057094387850139
0.0008500570580728216
0.0010196402935246974
0.0012181152879168677
0.0014495555706256335
0.0017184862145093905
0.0020299193850619435
0.002389391563344765
0.0028030021457994838
0.0032774536073711395
0.0038200930915326535
0.004438955540905824
0.005142808152259143
0.005941196345416012
0.00684449107813692
0.007863937592743567
0.009011705438588287
0.010300939927258373
0.011745814878023807
0.013361586651294189
0.015164649507073087
0.01717259227723887
0.01940425623559839
0.021879794343083184
0.02462073169965527
0.027650027283105064
0.030992137034195597
0.03467307808955864
0.038720494493995394
0.04316372412345873
0.048033866984915546
0.05336385489284127
0.05918852259942563
0.06554468026851835
0.07247118754428833
0.08000902913205545
0.08820139190892043
0.09709374379133506
0.10673391420073716
0.11717217645120763
0.128461331857452
0.1406567958950075
0.1538166863458983