0.
0.
0.
3.971889227456797e-12
0.
0.
3.971889227456797e-12
0.
3.971889227456797e-12
0.
0.
0.
3.971889227456797e-12
0.
0.
1.9859446137283985e-12
3.971889227456797e-12
1.9859446137283985e-12
5.9578338411851955e-12
0.
3.971889227456797e-12
3.971889227456797e-12
3.971889227456797e-12
1.9859446137283985e-12
5.9578338411851955e-12
5.9578338411851955e-12
3.971889227456797e-12
7.943778454913594e-12
4.096010765814822e-12
2.2341876904444484e-12
6.702563071333345e-12
8.067899993271618e-12
9.557358453567918e-12
1.7873501523555587e-11
3.897416304441982e-11
8.067899993271619e-11
1.6433691678602497e-10
3.410859874078524e-10
6.870127148116678e-10
1.3348030235021998e-9
2.516191825593881e-9
4.619058928455539e-9
8.253585814655224e-9
1.4377742517240173e-8
2.4480739253429967e-8
4.07812485213743e-8
6.656526392756353e-8
1.0657795188342495e-7
1.6758890109100524e-7
2.590737980316327e-7
3.9414235958668195e-7
5.906251412274368e-7
8.725039136231277e-7
1.2716200714948924e-6
1.8297554070848093e-6
2.601161707107634e-6
3.6555231615067904e-6
5.081527712477546e-6
6.99093414491439e-6
9.523412950528534e-6
0.000012852057448272547
0.00001718967029201511
0.000022795973194218088
0.000029985674081200558
0.000039137557134000475
0.00005070461644313083
0.00006522531556981025
0.000083335932425925
0.00010578424354951149
0.000133444406897813
0.00016733316765181388
0.00020862741322189574
0.00025868316980104004
0.00031905596872332785
0.0003915227776226743
0.00047810526478100565
0.000581094689592711
0.0007030782922931558
0.0008469671683049154
0.0010160257534333333
0.0012139027642629962
0.0014446637885018163
0.0017128253182379992
0.002023390332109688
0.002381885487455082
0.002794399686115618
0.0032676242208028246
0.0038088943728183237
0.004426232480614058
0.005128392416139012
0.0059249055335156165
0.006826127944575402
0.007843289251209142
0.008988542604948614
0.010275016092414628
0.011716865482254204
0.013329328271009667
0.015128779011411454
0.01713278595660748
0.019360168970680446
0.02183105872891204
0.02456695716000726
0.027590799211206083
0.030927015852996946
0.03460159841751615
0.038642164200628666
0.043078023424256845
0.047940247527430216
0.05326173885568854
0.05907730172326908
0.06542371496276637
0.0723398059317306
0.0798665260934995
0.08804702815997567
0.09692674489266753
0.10655346963448124
0.116977438609872
0.12825141510320245
0.14043077556446049
0.15357359775143897