0.
0.
0.
0.
0.
0.
0.
1.9859446137283985e-12
3.971889227456797e-12
4.096010765814822e-12
8.936750761777794e-12
3.711233996904945e-11
2.378168674939757e-10
1.316308914286854e-9
5.983030513471874e-9
2.2773075128700263e-8
7.479402543454716e-8
2.1702464799593116e-7
5.671634398039262e-7
1.3556172125125337e-6
3.000469384513085e-6
6.212993094140093e-6
0.000012137956945415778
0.000022531585877250887
0.000039978360530848505
0.00006814589673271149
0.00011207542129714946
0.00017850419125141145
0.00027621489162190987
0.00041640655899823434
0.0006130810739099645
0.0008834395152803139
0.0012482827684007704
0.0017324114271506713
0.0023650205889878375
0.003180085977815569
0.004216738672740657
0.005519626241054576
0.007139259227976186
0.009132342184946763
0.011562089411985218
0.014498525707899192
0.018018773125792687
0.022207324694074472
0.02715630649610742
0.03296572935281716
0.03974373148427147
0.047606813226860584
0.056680064915849114
0.06709738859970815
0.07900171400389647
0.09254520894554007
0.1078894838056691
0.12520578955929845
0.14467520834779019
0.16648883533639408
0.19084795019224907
0.21796417652681527
0.2480596271312309
0.28136703307015926
0.3181298543984493
0.3586023704038244
0.403049747438558
0.45174808243648495
0.5049844205109537
0.5630567452879922
0.6262739408937145
0.6949557247222758
0.7694325505727898
0.8500454818324905
0.9371460346315433
1.0310959910566386
1.1322671825854684
1.2410412437967027
1.3578093363655168
1.4829718429375525
1.6169380302764682
1.7601256803741054
1.9129606876132932
2.075876619418684
2.2493142367737637
2.4337209702940314
2.6295503463832155
2.837261357592387
3.0573177701548357
3.290187361725787
3.536341082484771
3.7962521331773407
4.070394955642297
4.359244133552869
4.663273204799115
4.9829533915410185
5.318752259528924
5.671132324805506
6.040549632536877
6.427452339323551
6.832279335806983
7.255458950259811
7.697407775152385
8.15852965699831
8.639214884929252
9.139839605495153
9.66076548086218
10.202339595750376
10.764894606427282
11.348749113718867
11.954208232834866
12.581564325955451
13.231097859835476
13.903078349682115
14.597765352202275
15.315409474199184
16.056253367913563
16.820532689887834
17.608477005560662
18.42031062735097
19.256253378547193
20.116521279494087
21.001327155722862
21.91088117026339