 0.62733044793629E-07
 0.67664176431213E-07
 0.78872324700112E-07
 0.77859848576927E-07
 0.61267248810344E-07
 0.64366842131792E-07
 0.74710114571807E-07
 0.78456262305766E-07
 0.85395008241535E-08
 0.23813110707063E-07
 0.55841076350748E-07
 0.51322180753851E-07
 0.46228521521602E-07
 0.45312006671758E-07
 0.38029390535476E-07
 0.41261986584247E-07
 0.30841181000370E-07
 0.35326375783373E-07
 0.34728969149506E-07
 0.26409568872112E-07
 0.38488990767794E-07
 0.54967293830465E-07
 0.23816893894249E-07
 0.47591798012313E-05
 0.50673754528583E-07
 0.12172896730447E-07
 0.45564705323047E-07
-0.99745510198175E-09
 0.95878197011208E-08
 0.78340324823198E-07
 0.18655786425189E-06
 0.10738709717132E-07
 0.60096760041022E-08
-0.11737735981801E-07
 0.99948056489204E-08
 0.16351489101749E-07
 0.10868542459125E-07
 0.43602095177454E-08
-0.15082295117533E-07
 0.33472997245699E-07
-0.37342144001746E-06
 0.10172032732001E-07
 0.53049130294709E-07
 0.57106165771494E-08
-0.27013235194859E-06
 0.23978020976509E-06
 0.74513396253862E-08
 0.10806459232619E-07
-0.11322694167633E-07
 0.78851423266595E-08
 0.20681977481039E-07
 0.73690155079816E-08
-0.11724109653835E-07
 0.11037587758363E-08
-0.15257985303569E-07
 0.63629027201445E-08
 0.21660367361631E-08
-0.37176882339573E-08
-0.18489519414768E-07
 0.74778594738282E-08
 0.47575761990315E-08
-0.50118941298207E-07
 0.24547570674796E-08
-0.25184333500791E-07
-0.74885682653491E-07
 0.10334604567354E-06
 0.19706024949828E-06
 0.93641311148716E-08
 0.49371172873912E-07
-0.17287642727830E-07
 0.59842313881997E-09
-0.17216701185554E-07
-0.23788150707632E-07
 0.32888823073444E-08
-0.14526123607622E-08
-0.81010463518573E-08
 0.13699615393050E-07
-0.20211256485206E-08
 0.13666212079771E-07
-0.10914297591740E-07
-0.27197708983042E-08
-0.54617974628188E-08
-0.62871071559467E-09
 0.49085999235675E-08
 0.87310038916149E-08
-0.11051874686491E-07
-0.43594463764469E-08
-0.15879261072991E-08
-0.15325921699014E-08
-0.14737760499207E-08
-0.14116315182562E-08
-0.13462609499095E-08
-0.12778339851319E-08
-0.12064131605192E-08
-0.11320868354193E-08
-0.10549063438553E-08
-0.97502698596655E-09
-0.89242244936248E-09
-0.80714501238172E-09
-0.71923405145612E-09
-0.62868463810040E-09
-0.53548511655196E-09
-0.43960941886286E-09
-0.34100469493205E-09
