0.
0.
0.
0.
5.9578338411851955e-12
5.9578338411851955e-12
8.067899993271618e-12
1.2101849989907427e-10
1.6483340293945708e-9
1.4039263082137839e-8
8.29620915092737e-8
3.717181901023061e-7
1.3442005134143626e-6
4.102574188641656e-6
0.000010922647712835462
0.000026006388451273007
0.00005644328354681111
0.00011334736433288715
0.0002131199247806476
0.00037878090683589143
0.0006413138459099578
0.001040976770329128
0.0016285431226742818
0.002466449737919658
0.003629840423193946
0.005207504639698636
0.007302718598411092
0.010034001660835313
0.013535804635133455
0.017959147419747003
0.023472223296925915
0.030260985132564665
0.03852972602122703
0.04850166322709425
0.060419530072042905
0.07454617611057318
0.09116517155875463
0.11058140750266722
0.13312167980534026
0.15913524075847515
0.1889943004217512
0.223094456897213
0.2618550341897117
0.305719305403248
0.35515457970610753
0.41065213191745686
0.47272695497300077
0.5419173164182456
0.6187841009590525
0.7039099210506323
0.7978979766245002
0.9013706424917808
1.0149677580911498
1.1393445887583087
1.2751694209665045
1.4231207468535956
1.5838839878805084
1.75814770510278
1.9465992490314918
2.149919818702618
2.368778932677138
2.603828368126994
2.8556956986980393
3.124977653896653
3.412233620411063
3.7179796898223865
4.042683702491431
4.386761721161154
4.750576276643195
5.134436568840903
5.53860060581251
5.963279062806449
6.408640483426717
6.874817355208903
7.361912578610355
7.8700059004691925
8.39915997603321
8.94942583210982
9.520847606741315
10.113466525393674
10.727324135204142
11.362464857949403
12.01893794312095
12.69679890961536
13.396110562585742
14.116943664815983
14.859377332342289
15.623499213486074
16.409405500495946
17.217200813859233
18.046997991416635
18.898917807777426
19.773088644101158
20.669646123725993
21.588732725740616
22.530497385615245
23.495095089894527
24.48268647018793
25.493437400366677
26.527518599844743
27.58510524503662
28.666376590505845
29.77151560086224
30.900708594124364
32.05414489703249
33.23201651263167
34.43451780030312
35.661845168327034
36.9141967790473
38.191772266624525
39.49477246735986
40.823399162594384
42.1778548341276
43.55834243216839
44.96506515577935
46.398226245834216
47.85802879046024
49.34467554302219
50.8583687526169
52.39931000713666