0.
0.
0.
5.9578338411851955e-12
5.9578338411851955e-12
6.33019845625927e-12
2.606552305518523e-11
5.149802626474454e-10
6.101814825680504e-9
4.5641972085012915e-8
2.422992686086991e-7
9.929329603365397e-7
3.3292386675481324e-6
9.523727722749811e-6
0.00002397187917559588
0.00005434137292452404
0.00011294218185894968
0.00021824775193699883
0.00039648810647458725
0.0006832409783914979
0.0011249596063394737
0.0017803943146927088
0.0027218834734927234
0.00403650609639078
0.005827102163259851
0.008213176359789848
0.01133170721586646
0.01533788609691083
0.02040581079491177
0.02672915611117254
0.034521839963359086
0.04401869878254892
0.055476180053450404
0.0691730538828262
0.08541113937574045
0.10451603541315556
0.12683784028043613
0.1527518394039404
0.18265913679762563
0.21698720274226094
0.25619030835330314
0.3007498170574914
0.35117430271211586
0.40799946530588943
0.47178781567211814
0.5431281019466557
0.6226344500726718
0.7109451898446203
0.8087213344273376
0.9166446760598185
1.035415452441457
1.1657495284274026
1.3083750262088538
1.4640283275717947
1.6334493670934496
1.8173761416004637
2.016538386480374
2.2316504216152713
2.4634032564439274
2.7124561660550444
2.979428100476663
3.2648894430222772
3.5693547534547188
3.8932771714364747
4.23704507822568
4.600981410878431
4.9853457237098056
5.390338762914683
5.816109039824589
6.2627607175612
6.730362087118584
7.218953985569048
7.728557658387704
8.259181742874654
8.810828211946099
9.38349724653189
9.977191093073497
10.591917014249061
11.227689463660214
11.884531618307705
12.56247639360831
13.261567050894802
13.981857490282204
14.72341230511978
15.48630665920307
16.27062603499483
17.076465890195504
17.90393125146675
18.753136266978885
19.624203734171353
20.517264614759505
21.43245754588353
22.369928353752346
23.32982957434618
24.312319984274023
25.317564143908157
26.345731954147674
27.39699822755619
28.471542274332613
29.569547503190037
30.691201037106214
31.8366933437754
33.006217880479134
34.19997075311481
35.418150389085504
36.66095722375238
37.928593400172254
39.22126248190479
40.539169178624356
41.88251908441871
43.25151842856832
44.64637383871365
46.06729211633584
47.514480024441816
48.98814408747679
50.48849040339381
52.01572446789904
53.57005101089582
55.151673845117166
56.76079572700856