0.
0.
0.
0.
3.971889227456797e-12
3.971889227456797e-12
3.971889227456797e-12
8.688507685061743e-13
2.1597147674296335e-11
2.8225237822614864e-10
2.3944285964646585e-9
1.442255039258742e-8
6.694433110570895e-8
2.5311906722890646e-7
8.114013627202393e-7
2.2727176225030847e-6
5.692787811213928e-6
0.000012985010978813977
0.00002736098997723716
0.00005387665294816083
0.00010007333622788499
0.00017669647958129593
0.0002984707401363615
0.00048490881090175936
0.0007611318574328609
0.0011586820130775686
0.001716310981074263
0.0024807326409071405
0.0035073316767869284
0.0048608244790417955
0.006615871197849203
0.008857641392641186
0.011682337052960253
0.01519767874975705
0.019523360845050335
0.024791482472442044
0.031146960081239693
0.038747926928330116
0.04776612387087112
0.058387284056423544
0.07081151299005253
0.08525366371948044
0.1019437049068344
0.12112707847368807
0.14306504157302877
0.16803498656254334
0.1963307315063623
0.22826277308101017
0.26415849304165495
0.3043623096447994
0.34923576515024196
0.39915754131616127
0.4545233952132623
0.5157460085104465
0.5832547443496384
0.6574953064662126
0.7389292959961603
0.8280336617645103
0.9253000398482765
1.03123397764568
1.146354037076437
1.271190769748942
1.4062855553195766
1.552189291948913
1.709460925308197
1.8786658007364647
2.060373821502445
2.2551573966269536
2.4635891639378142
2.68623947997923
2.9236736785741178
3.1764491148576313
3.4451120320888386
3.7301943135635836
4.032210209454675
4.351653155602548
4.688992823088837
5.044672549230578
5.419107297581663
5.812682274015421
6.225752288535727
6.658641901596192
7.111646336722639
7.585033086415312
8.0790440932807
8.593898359237174
9.129794824021078
9.686915359360151
10.265427743217414
10.865488504536915
11.487245558156078
12.13084057809205
12.796411082254544
13.484092222048794
14.194018285049484
14.926323929325903
15.681145173906492
16.458620172875357
17.25888980112514
18.082098078847235
18.92839245984065
19.797924006327165
20.690847470227713
21.607321298319388
22.54750757610607
23.511571923098703
24.49968335009028
25.51201408733305
26.54873939103477
27.610037334277337
28.69608858743847
29.80707619230006
30.943185333280752
32.10460310861059
33.29151830379403
34.5041211692862
35.74260320394351
37.00715694557723
38.29797576966982
39.61525369716913