0.
0.
0.
0.
0.
0.
0.
0.
0.
0.
0.
0.
0.
0.
0.
0.
1.9859446137283985e-12
3.971889227456797e-12
3.971889227456797e-12
1.9859446137283985e-12
3.971889227456797e-12
3.971889227456797e-12
3.971889227456797e-12
3.971889227456797e-12
5.9578338411851955e-12
5.9578338411851955e-12
5.9578338411851955e-12
5.9578338411851955e-12
6.08195537954322e-12
4.2201323041728465e-12
4.840739995962971e-12
8.192021531629644e-12
9.929723068641992e-12
1.8866473830419785e-11
4.0960107658148216e-11
8.316143069987669e-11
1.7736967831361758e-10
3.608213120067784e-10
7.210220163217666e-10
1.395870820374348e-9
2.6334866793422143e-9
4.815170959061218e-9
8.583376742072496e-9
1.4939888964463667e-8
2.5397749178819057e-8
4.2243772607846914e-8
6.884537658720045e-8
1.1007755865742947e-7
1.7286257701276098e-7
2.669153003389393e-7
4.056012600078948e-7
6.071380224475117e-7
8.95985598614314e-7
1.3045812907350961e-6
1.8754682525682248e-6
2.6638389879676706e-6
3.7405456705528075e-6
5.19565970118544e-6
7.142661430497086e-6
9.72325048910803e-6
0.000013112943793128823
0.000017527417037676518
0.000023229738127765572
0.00003053851253014105
0.00003983703885031252
0.000051583519442664
0.00006632233747282152
0.00008469654118610261
0.00010746156405412343
0.00013550017012511087
0.00016983875713972275
0.00021166498327895327
0.0002623468755508415
0.00032345321476720225
0.000396775586852009
0.0004843517201730363
0.0005884904779100939
0.0007117982749661574
0.000857207092074454
0.0010280039976098747
0.0012278621740016745
0.0014608736017893177
0.0017315831435210328
0.002045024200148136
0.002406755967345984
0.002822902112405937
0.0033001909125343083
0.0038459969763215396
0.004468384319129117
0.005176150953131616
0.005978874813278871
0.006886961176191996
0.007911691359745454
0.009065272873133407
0.01036089081671585
0.011812760684934608
0.013436182454011372
0.015247595925631591
0.017264637431496907
0.01950619773850523
0.0219924813156682
0.02474506677025357
0.02778696864938859
0.031142700487347193
0.03483833913141312
0.03890159039261634
0.04336185602469409
0.048250302029538755
0.05359992834411848
0.05944563996944184
0.0658243195007305
0.07277490118329392
0.08033844645376638
0.08855822118466401
0.09747977444632752
0.10715101906676547
0.11762231398319192
0.1289465484028838
0.1411792279590437
0.1543785628590615