0.057397940461723834
0.08082783895801221
0.11125883494533256
0.15023979769778692
0.19961985039091235
0.2616178784320087
0.338908648923069
0.4347211929965715
0.5529133062682796
0.697870746889958
0.8738120359912563
1.0831253001013368
1.3250373349863045
1.5966261792788103
1.8947303843177132
2.2168018421009608
2.560955442095312
2.925813251788254
3.310356276837462
3.7138174088902365
4.13561078782525
4.5752820100351235
5.032473269655725
5.506904054951674
5.998352187154779
6.5066436396753735
7.031640907867744
7.573240992751211
8.131366633433046
8.705964308025603
9.297000963360775
9.904461707503458
10.528347972491504
11.168676033810408
11.825475802400428
12.49878982622478
13.188672453681669
13.895189122623078
14.618415747161603
15.358438180812648
16.115351739445586
16.889260771146894
17.68027826302745
18.4885254771429
19.3141316094798
20.157233467250645
21.01797516078475
21.89650780711671
22.792989243023598
23.707583745722722
24.640461759861452
25.59179962969744
26.56177933563913
27.55058823444186
28.558418802586957
29.58546838237513
30.631938930427665
31.69803676833683
32.783972335273624
33.88995994233477
35.016217528596705
36.162966418698666
37.33043108195466
38.51883889291967
39.728419893420266
40.95940655605861
42.212033549216386
43.486537503616205
44.78315678054657
46.102131241818405
47.443702021613404
48.80811130035851
50.195602080805976
51.60641796653077
53.040802943030585
54.499001161730895
55.98125672709528
57.48781348717805
59.018914827889944
60.57480347130841
62.15572127837851
63.761909056336975
65.3936063712228
67.05105136585208
68.73448058362546
70.44412879854121
72.18022885179796
73.94301149536997
75.732705242904
77.54953622833224
79.3937280725091
81.26550175827873
83.16507551421974
85.09266470742327
87.04848174557242
89.03273598858605
91.04563367005585
93.08737782870845
95.15816825004401
97.25820141833846
99.38767047910943
101.54676521216044
103.73567201524584
105.95457389841957