 0.00000000000000E+00
 0.00000000000000E+00
 0.00000000000000E+00
 0.00000000000000E+00
-0.23098294888527E-08
-0.30277216299860E-08
-0.12115071253703E-08
 0.98955262935786E-09
 0.19543994898936E-08
 0.97387222199337E-08
 0.73662647272277E-07
 0.40524920497629E-06
 0.16590530451043E-05
 0.55251713677517E-05
 0.15586580932969E-04
 0.38376492562855E-04
 0.84540327730674E-04
 0.16978211533734E-03
 0.31552304450967E-03
 0.54907243194746E-03
 0.90333893295152E-03
 0.14161008655312E-02
 0.21289435657011E-02
 0.30859914915224E-02
 0.43325489961332E-02
 0.59137940864950E-02
 0.78735840269984E-02
 0.10253456724897E-01
 0.13091856478667E-01
 0.16423603670737E-01
 0.20279589257404E-01
 0.24686681687844E-01
 0.29667825607022E-01
 0.35242275992007E-01
 0.41425951599067E-01
 0.48231860066633E-01
 0.55670569485253E-01
 0.63750688646325E-01
 0.72479338724006E-01
 0.81862585909053E-01
 0.91905828404083E-01
 0.10261411200736E+00
 0.11399237783360E+00
 0.12604562720647E+00
 0.13877900572816E+00
 0.15219780477556E+00
 0.16630738775466E+00
 0.18111304200453E+00
 0.19661976881864E+00
 0.21283202230905E+00
 0.22975339955947E+00
 0.24738630967541E+00
 0.26573161786204E+00
 0.28478828994288E+00
 0.30455303877649E+00
 0.32501998650621E+00
 0.34618035226819E+00
 0.36802216213187E+00
 0.39052999313847E+00
 0.41368474217941E+00
 0.43746341950205E+00
 0.46183895856612E+00
 0.48678003085645E+00
 0.51225085169425E+00
 0.53821096298412E+00
 0.56461497504600E+00
 0.59141224715532E+00
 0.61854649397528E+00
 0.64595529954147E+00
 0.67356953220170E+00
 0.70131265715143E+00
 0.72909996044590E+00
 0.75683770872400E+00
 0.78442229372554E+00
 0.81173943403787E+00
 0.83866353471186E+00
 0.86505733318910E+00
 0.89077199682489E+00
 0.91564785033827E+00
 0.93951593137983E+00
 0.96220054868248E+00
 0.98352296903399E+00
 0.10033062558596E+01
 0.10213811375463E+01
 0.10375926082286E+01
 0.10518067876087E+01
 0.10639174370812E+01
 0.10738514752851E+01
 0.10815728941376E+01
 0.10870846305678E+01
 0.10904281882173E+01
 0.10916810689217E+01
 0.10909523232386E+01
 0.10883767162523E+01
 0.10841081015735E+01
 0.10783126015204E+01
 0.10711621183347E+01
 0.10628285741431E+01
 0.10534791313769E+01
 0.10432725014878E+01
 0.10323563319234E+01
 0.10208655763869E+01
 0.10089216992418E+01
 0.99663254783635E+00
 0.98409272414327E+00
 0.97138430412735E+00
 0.95857777782372E+00
 0.94573310763115E+00
 0.93290082708257E+00
 0.92012312648270E+00
 0.90743488734215E+00
 0.89486464356681E+00
 0.88243545592857E+00
 0.87016569730862E+00
 0.85806974824470E+00
 0.84615860704828E+00
 0.83444042120930E+00
 0.82292094682091E+00
 0.81160394377376E+00
 0.80049151422244E+00
