 0.00000000000000E+00
 0.00000000000000E+00
 0.00000000000000E+00
 0.00000000000000E+00
-0.34569367575187E-08
-0.79343841260369E-08
 0.40675957654322E-08
-0.69167896855749E-08
-0.14400301076481E-07
-0.94763422960327E-08
-0.90765742849920E-07
-0.45365756173490E-06
-0.16833016390419E-05
-0.56104874417180E-05
-0.15617659203807E-04
-0.38423169694350E-04
-0.84580553586227E-04
-0.16993107925519E-03
-0.31572690858429E-03
-0.54927121721291E-03
-0.90407718654629E-03
-0.14181179686910E-02
-0.21335079590974E-02
-0.30962133900023E-02
-0.43540003647756E-02
-0.59564885538196E-02
-0.79545407292101E-02
-0.10400390131398E-01
-0.13347748819139E-01
-0.16852340351139E-01
-0.20974435714846E-01
-0.25778632932495E-01
-0.31337005706153E-01
-0.37729633397156E-01
-0.45047649026121E-01
-0.53393460946083E-01
-0.62884405816095E-01
-0.73652503603106E-01
-0.85844415332726E-01
-0.99624357527527E-01
-0.11517142688434E+00
-0.13267984640491E+00
-0.15235665990732E+00
-0.17441857761285E+00
-0.19909162773902E+00
-0.22660324660068E+00
-0.25718100013767E+00
-0.29104631178473E+00
-0.32840907434520E+00
-0.36946355878414E+00
-0.41438049317593E+00
-0.46330286665687E+00
-0.51633857238313E+00
-0.57355517763780E+00
-0.63497045898091E+00
-0.70054567531117E+00
-0.77017376701206E+00
-0.84366566445570E+00
-0.92073548456026E+00
-0.10009738882510E+01
-0.10838214107466E+01
-0.11685316948955E+01
-0.12541221483120E+01
-0.13393151831313E+01
-0.14224671660355E+01
-0.15014817489282E+01
-0.15737107646065E+01
-0.16358527016787E+01
-0.16838390422005E+01
-0.17127376241461E+01
-0.17166806476797E+01
-0.16888468174551E+01
-0.16215382851513E+01
-0.15064028330140E+01
-0.13348547824065E+01
-0.10987794430899E+01
-0.79154665341851E+00
-0.40935490971951E+00
 0.47184295219310E-01
 0.57142688986478E+00
 0.11493783559649E+01
 0.17590964065234E+01
 0.23712352784394E+01
 0.29509785430542E+01
 0.34613311317628E+01
 0.38673613632069E+01
 0.41406784563350E+01
 0.42632708041007E+01
 0.42299174738193E+01
 0.40486778580686E+01
 0.37394131494961E+01
 0.33307130993282E+01
 0.28559125629661E+01
 0.23489808344723E+01
 0.18409785123594E+01
 0.13575358147440E+01
 0.91752764753023E+00
 0.53285420856887E+00
 0.20908060877926E+00
-0.53400925447730E-01
-0.25798919577267E+00
-0.41052452470042E+00
-0.51812634844149E+00
-0.58829030188601E+00
-0.62825468737899E+00
-0.64460742958891E+00
-0.64308672241389E+00
-0.62851244868775E+00
-0.60481557396922E+00
-0.57512358581311E+00
-0.54185768434049E+00
-0.50684662349214E+00
-0.47144126940374E+00
-0.43660540643967E+00
-0.40300244516847E+00
-0.37106342285238E+00
-0.34104668407838E+00
-0.31308149432367E+00
-0.28720446520679E+00
-0.26338696553802E+00
