 0.00000000000000E+00
 0.00000000000000E+00
 0.00000000000000E+00
 0.00000000000000E+00
 0.38273754048585E-08
 0.80451761336513E-08
-0.93758051395608E-08
 0.17726087565230E-07
 0.34212837134284E-07
-0.10441722509352E-07
 0.13282946147421E-07
-0.17679318173339E-06
-0.15625241660029E-05
-0.48128077161390E-05
-0.15258919216995E-04
-0.37798411177454E-04
-0.83893692978477E-04
-0.16784636691099E-03
-0.31338014135653E-03
-0.54902590635064E-03
-0.90301415620046E-03
-0.14170077189175E-02
-0.21405836912773E-02
-0.31183303324187E-02
-0.44106375429915E-02
-0.60826379360478E-02
-0.82081061756366E-02
-0.10871032025763E-01
-0.14178304672574E-01
-0.18271913054009E-01
-0.23301676739968E-01
-0.29475287917566E-01
-0.37029592580435E-01
-0.46273953665072E-01
-0.57564261515683E-01
-0.71360429524699E-01
-0.88157246536984E-01
-0.10854201508189E+00
-0.13324183212610E+00
-0.16300121807648E+00
-0.19869047676783E+00
-0.24124118572268E+00
-0.29164576079614E+00
-0.35102748679611E+00
-0.42040323807812E+00
-0.50095974289426E+00
-0.59379585861610E+00
-0.70001259839387E+00
-0.82067180534856E+00
-0.95668315572989E+00
-0.11088802658043E+01
-0.12778786279854E+01
-0.14640616216402E+01
-0.16673270013645E+01
-0.18871665726059E+01
-0.21221860684337E+01
-0.23699487015988E+01
-0.26265157514759E+01
-0.28855702653780E+01
-0.31380235799433E+01
-0.33705544232911E+01
-0.35640377915922E+01
-0.36917237722184E+01
-0.37167744863553E+01
-0.35891208061927E+01
-0.32423296439670E+01
-0.25905673533298E+01
-0.15252446478583E+01
 0.84687028040854E-01
 0.23896120566909E+01
 0.55485061938959E+01
 0.97074924839625E+01
 0.14964534253916E+02
 0.21318247928113E+02
 0.28601949810584E+02
 0.36415828223571E+02
 0.44071628735365E+02
 0.50580631855302E+02
 0.54712710839826E+02
 0.55147133567630E+02
 0.50712602452990E+02
 0.40681477057311E+02
 0.25047103839222E+02
 0.47002259280986E+01
-0.18573783352296E+02
-0.42307554190322E+02
-0.63747355252785E+02
-0.80343262751174E+02
-0.90213446239042E+02
-0.92464967407700E+02
-0.87299537627549E+02
-0.75892648716939E+02
-0.60097347566142E+02
-0.42060598305742E+02
-0.23849728744067E+02
-0.71642232357309E+01
 0.68262489206981E+01
 0.17517866648264E+02
 0.24807136177673E+02
 0.28967394078371E+02
 0.30504582328967E+02
 0.30025743751183E+02
 0.28137286194365E+02
 0.25378335009515E+02
 0.22186759374680E+02
 0.18890273531022E+02
 0.15714973369510E+02
 0.12800270429749E+02
 0.10218927771820E+02
 0.79977128292560E+01
 0.61302100680208E+01
 0.45898096712899E+01
 0.33414236383492E+01
 0.23454770846004E+01
 0.15630481492061E+01
 0.95731976214834E+00
 0.49600793632851E+00
 0.15099264625325E+00
-0.10152327040437E+00
-0.28136219121207E+00
