 0.00000000000000E+00
 0.00000000000000E+00
 0.00000000000000E+00
 0.00000000000000E+00
 0.14546857820970E-08
 0.14832444938706E-08
 0.48643925147138E-08
-0.80078913665650E-08
-0.67807267436528E-08
 0.16750163947040E-07
 0.18103860089059E-06
 0.53105886994227E-06
 0.20735018831269E-05
 0.71229315506627E-05
 0.18934070001502E-04
 0.45798233040781E-04
 0.98572641749521E-04
 0.19505971456713E-03
 0.35808677232416E-03
 0.61679853684395E-03
 0.10079576112044E-02
 0.15744921080158E-02
 0.23706894842124E-02
 0.34529523565328E-02
 0.49030876278575E-02
 0.68128425282258E-02
 0.92999993966800E-02
 0.12519396314568E-01
 0.16685678171169E-01
 0.22047772322282E-01
 0.28943243697176E-01
 0.37839912117723E-01
 0.49270449081858E-01
 0.63929394293361E-01
 0.82676474445534E-01
 0.10652189660563E+00
 0.13671025744247E+00
 0.17466826833648E+00
 0.22204811367156E+00
 0.28074335516124E+00
 0.35279847103605E+00
 0.44058389428467E+00
 0.54657102780846E+00
 0.67345704228634E+00
 0.82395438389695E+00
 0.10010432988329E+01
 0.12075155887069E+01
 0.14461825225601E+01
 0.17197080635199E+01
 0.20298529848212E+01
 0.23781681662237E+01
 0.27644412565055E+01
 0.31867180513259E+01
 0.36396468848885E+01
 0.41131217866391E+01
 0.45903941734883E+01
 0.50441739366607E+01
 0.54329906543730E+01
 0.56954251916208E+01
 0.57427772671634E+01
 0.54507223407924E+01
 0.46490433265531E+01
 0.31114738533257E+01
 0.54740287085273E+00
-0.34015195281293E+01
-0.91543950141332E+01
-0.17164773361750E+02
-0.27867409307959E+02
-0.41584243918917E+02
-0.58384912234390E+02
-0.77894853168499E+02
-0.99072841820283E+02
-0.11999068690937E+03
-0.13768595504289E+03
-0.14818556995988E+03
-0.14680763783503E+03
-0.12881020941502E+03
-0.90401438633966E+02
-0.29964257443161E+02
 0.50763506872477E+02
 0.14593757069523E+03
 0.24565226362267E+03
 0.33701053755879E+03
 0.40616032866832E+03
 0.44093132775603E+03
 0.43344025635992E+03
 0.38197469937576E+03
 0.29162212091355E+03
 0.17343640593636E+03
 0.42361057695760E+02
-0.85563071990593E+02
-0.19600595653695E+03
-0.27853947056996E+03
-0.32780800020358E+03
-0.34358789002362E+03
-0.32991011106178E+03
-0.29362227071659E+03
-0.24278979453433E+03
-0.18528745713118E+03
-0.12778707370411E+03
-0.75211304999906E+02
-0.30622625204699E+02
 0.45970660071381E+01
 0.30381343181432E+02
 0.47556456631764E+02
 0.57456847128584E+02
 0.61610563678571E+02
 0.61511250247648E+02
 0.58492073144721E+02
 0.53653526877787E+02
 0.47856058618658E+02
 0.41724498120423E+02
 0.35690642805126E+02
 0.30032263569574E+02
 0.24903873285273E+02
 0.20377552143277E+02
 0.16464477705637E+02
 0.13138833530981E+02
 0.10352976684849E+02
 0.80468633844229E+01
