1.7268419790016152
2.014839347146531
2.318028934849755
2.636352496962816
2.9697602534698486
3.3182066254425795
3.681657633922002
4.060085355263911
4.453468470395822
4.861791248705066
5.285045190710384
5.7232248518766
6.1763311554113995
6.644369460725424
7.127348990027747
7.625262364082281
8.138194147006306
8.666100512200686
9.209031338854768
9.767020368381772
10.340101354461726
10.928315461305887
11.531716312985703
12.150345459624042
12.784267398988145
13.43354042453223
14.098234046104384
14.778421145010805
15.474185456375043
16.18560787002268
16.91278559984447
17.65581206846075
18.414796714048485
19.189846326025297
19.981082845742172
20.788624019776186
21.61260570940613
22.453160637107683
23.310431476424046
24.184567860228732
25.075721332222635
25.984059491364537
26.909741077636646
27.852938791044927
28.813833511478553
29.79260413127891
30.789440549821872
NaN
32.83808079009722
33.89028654043421
34.9613536180923
36.051496442322026
37.16092886638378
38.28986701626464
39.438534342978926
40.60715633864857
41.79596168967256
43.00518206470384
44.23505190104503
45.48580818974444
46.757690259629264
48.050939560516674
49.36579944582834
50.70251495484945
52.06133259482981
53.442500123181254
54.84626633000771
56.27288082120513
57.72259380240178
59.195655864006184
60.69231776766752
62.212830234440176
63.757443734973734
65.3264082820893
66.9199732260734
68.53838705306572
70.18189718694195
71.85074979506638
73.54518959832953
75.26545968589804
77.01180133507975
78.78445383674551
80.58365432672841
82.40963762362213
84.26263607340763
86.14287940131044
88.05059457129262
89.98600565357535
91.94933370054495
93.94079663140901
95.96060912593288
98.0089825275409
100.08612475606601
102.19224023044094
104.32752980147141
106.49219069492689
108.6864164651136
110.91039695900265
113.16431829104236
115.44836282868839
117.76270918866513
120.10753224396703
122.48300314150784
124.88928933039651