0.
0.
0.
0.
0.
0.
0.
0.
0.
0.
0.
1.9859446137283985e-12
3.971889227456797e-12
3.971889227456797e-12
1.9859446137283985e-12
4.468375380888897e-12
8.812629223419768e-12
1.824586613862966e-11
7.186637070929642e-11
2.376927459556177e-10
7.892888624186804e-10
2.358557471879189e-9
6.480882003825912e-9
1.646484618473036e-8
3.899489134132561e-8
8.677684286916923e-8
1.8267401225534777e-7
3.659029719086943e-7
7.008787042262579e-7
1.2894383389338786e-6
2.28717889881564e-6
3.924557216505501e-6
6.533529643778929e-6
0.000010580369165687066
0.000016705148958394573
0.000025768445972782214
0.00003890551973769707
0.00005758816100542247
0.00008369436340534609
0.00011958561789778464
0.00016819176225760552
0.00023310296332617158
0.0003186684765475233
0.00043010169908716376
0.0005735908464012598
0.0007564147812150225
0.0009870631968087748
0.0012753605476573838
0.0016325930693306598
0.0020716381722181787
0.0026070956036136606
0.003255419762888438
0.0040350526258534376
0.004966556739373949
0.006072747821029661
0.007378826616403777
0.00891250961557107
0.010704158407352057
0.012786907313615007
0.015196789351909086
0.017972860193162278
0.02115732018631048
0.024795634323750267
0.02893665025398749
0.03363271429121251
0.038939785556597994
0.04491754831139421
0.05162952255033676
0.059143173023551564
0.06753001674641126
0.07686572913288374
0.08723024879085048
0.0987078811688042
0.111387400973495
0.1253621535322952
0.14073015502233463
0.15759419162809438
0.1760619175483943
0.19624595179518112
0.2182639737667407
0.24223881738854763
0.26829856375336125
0.2965766321512172
0.32721186924256085
0.3603486362624403
0.396136894155594
0.43473228629935984
0.4762962188574768
0.5209959385047439
0.5690046073801694
0.6205013753065919
0.6756714489442496
0.7347061581857509
0.7978030193958731
0.8651657958221357
0.9370045550705206
1.0135357238026066
1.0949821397109667
1.1815731010454
1.273544413762112
1.3711384365484292
1.474604123982714
1.5841970679667536
1.7001795377772992
1.8228205188376623
1.952395750526003
2.089187763009019
2.2334859133712417
2.3855864209463564
2.5457924017894777
2.7144139021470184
2.8917679304548494
3.07817848749127
3.273976593855033
3.4795003137579545
3.6950947739987545
3.92111217644484
4.157911802079041
4.405860004442022
4.665330189576104