0.
0.
0.
0.
0.
0.
0.
0.
0.
0.
0.
1.9859446137283985e-12
5.9578338411851955e-12
7.943778454913594e-12
6.206076917901245e-12
7.32317076312347e-12
1.3901612296098789e-11
4.232544458008649e-11
1.6768819832169165e-10
5.715796841387046e-10
1.8216076969423736e-9
5.280378484827095e-9
1.4022506674459506e-8
3.450156753122675e-8
7.931937260154239e-8
1.7175727471368279e-7
3.5254588080137215e-7
6.897688335709078e-7
1.2926652506881106e-6
2.330152506069032e-6
4.055046686267446e-6
6.8346240438924405e-6
0.000011188493581999908
0.00001783419819019144
0.00002774118380658624
0.00004219345187437349
0.00006286096671107281
0.00009187999652551798
0.000131942114394572
0.0001863915379730321
0.0002593304348273802
0.0003557316471344892
0.0004815580278381908
0.0006438878550375773
0.0008510454708990957
0.0011127362495555351
0.0014401852161641867
0.0018462785042522203
0.002345706755440017
0.0029551098895904044
0.003693222446165212
0.004581018924588855
0.005641858615341247
0.006901629353551636
0.00838888984457414
0.010135010222072584
0.012174310583048376
0.014544197247596466
0.017285296694609615
0.020441587037021428
0.02406052707407281
0.028193182837812816
0.032894351829821825
0.03822268492407736
0.04424080611631129
0.05101543019731011
0.058617478514743644
0.06712219294180971
0.07660924816179791
0.08716286240014118
0.0988719066521142
0.11183001254519505
0.1261356787608721
0.14189237614200395
0.15920865137079576
0.1781982291915745
0.19898011307993496
0.22167868426591025
0.24642379890115268
0.27335088330794033
0.3026010269103384
0.33432107295140434
0.36866370647041
0.40578753959072267
0.4458571936856569
0.4890433784201872
0.5355229673976883
0.5854790702554347
0.6391011011292956
0.6965848434172518
0.7581325107172361
0.8239528039972663
0.8942609650818988
0.969278826396913
1.049234857178768
1.1343642063504018
1.2249087421218356
1.3211170886251422
1.423244659808439
1.531553690777942
1.6463132668632567
1.7677993506393843
1.8962948070510286
2.032089426824526
2.1754799482099663
2.3267700770444484
2.486270505017555
2.654298925801445
2.8311800486601575
3.0172456088570816
3.2128343738931777
3.418292144483196
3.633971748695773
3.860233027412593
4.097442808865105
4.3459748695217115
4.6062098782540595
4.878535320112134
5.163345395642212
5.461040891312531