0.
0.
0.
0.
0.
0.
0.
0.
0.
0.
1.9859446137283985e-12
1.9859446137283985e-12
5.9578338411851955e-12
7.943778454913594e-12
6.454319994617295e-12
9.557358453567918e-12
2.556903690175313e-11
9.408412607538287e-11
3.649173227725932e-10
1.2290514728211627e-9
3.797498466063772e-9
1.0635478135745723e-8
2.7409511072525924e-8
6.556720263762666e-8
1.4695679837744253e-7
3.1076570213929245e-7
6.240123455872852e-7
1.1962635272485068e-6
2.199692577233216e-6
3.895519603214333e-6
6.66771135694241e-6
0.000011064871012226082
0.000017851034656262014
0.00002806587184931854
0.000043094760052795675
0.00006474878729089534
0.0000953547537951786
0.00013785480386691948
0.0001959154201029756
0.0002740450651692364
0.00037771989246703625
0.0005135166035936259
0.000689251646799673
0.000914125818209084
0.0011988732610372964
0.0015559139013626017
0.0019995085566065544
0.002545915584362672
0.003213548452827559
0.004023133394269336
0.004997866451293508
0.006163569416192949
0.0075488440445120215
0.009185224236492867
0.01110732580944676
0.013352993615165759
0.01596344588880343
0.018983415681395936
0.022461289364480115
0.026449242280164466
0.0310033714971823
0.036183825928121034
0.04205493378709922
0.048685327673371
0.05614806732119729
0.0645207602794939
0.07388568054372252
0.08432988541718789
0.0959453305291302
0.10882898325959336
0.12308293441442794
0.13881450836788942
0.15613637143762168
0.1751666385406815
0.19602897793995286
0.21885271393672234
0.24377292738938997
0.2709305537235594
0.3004724783097587
0.33255162886509915
0.3673270647095697
0.40496406250373457
0.44563419836456375
0.48951542596556025
0.5367921505447234
0.5876552985483993
0.642302382869686
0.700937563432528
0.7637717032603947
0.8310224198596178
0.9029141320201628
0.9796781021876182
1.0615524744436424
1.1487823083014033
1.241619608599258
1.3403233515851418
1.4451595076145511
1.556401060520577
1.674328024083965
1.7992274556632741
1.9313934672215851
2.071127233808967
2.2187369994834465
2.3745380805584
2.538852865823863
2.712010813351268
2.8943484431039934
3.086209324351191
3.2879440567535267
3.4999102433185856
3.7224724533767817
3.9560021730473083
4.200877740396301
4.457484261847187
4.726213506114488
5.007463771252523
5.301639720083527
5.609152178940663
5.930417894250168
6.2658592415358525