 0.00000000000000E+00
 0.00000000000000E+00
 0.00000000000000E+00
 0.00000000000000E+00
 0.00000000000000E+00
 0.00000000000000E+00
 0.00000000000000E+00
 0.00000000000000E+00
 0.00000000000000E+00
 0.00000000000000E+00
 0.00000000000000E+00
 0.00000000000000E+00
 0.00000000000000E+00
 0.00000000000000E+00
 0.00000000000000E+00
 0.00000000000000E+00
 0.00000000000000E+00
 0.00000000000000E+00
 0.00000000000000E+00
 0.14898474321576E-06
 0.73857233347347E-07
-0.10289343132686E-06
 0.45976245901771E-06
 0.16740723289698E-06
 0.30521407352351E-06
 0.68040170322272E-06
 0.45784369103919E-06
 0.45374201227062E-06
-0.74807100198710E-06
 0.52368150329130E-08
-0.40266217062612E-06
-0.32375083864154E-07
 0.12224664665712E-06
-0.11664705104168E-05
 0.28817673340189E-05
 0.72014166346609E-06
 0.12509510940483E-05
 0.54765111441763E-05
 0.63180408392212E-06
 0.17003834116311E-05
-0.80823199526777E-05
 0.28181815049760E-05
-0.64315653886462E-06
-0.15330556763013E-04
-0.26168200671994E-05
-0.41195710764659E-05
-0.12952673233356E-04
 0.10235458731695E-04
-0.90898965780206E-05
 0.19300632002352E-05
-0.16921599661636E-05
-0.27123684887351E-04
 0.88044680048138E-05
-0.73048889854755E-05
 0.59078685467360E-05
-0.82286568006989E-05
 0.10477240954748E-05
-0.20343302993578E-04
-0.20258285876516E-04
-0.30466221000564E-04
-0.35283811668835E-04
-0.25997540168856E-04
-0.80811528430142E-04
-0.49082255458003E-04
-0.11188851694744E-03
-0.12312157460874E-03
-0.14113804417964E-03
-0.17387949725389E-03
-0.99565555058890E-04
-0.13111403536589E-03
-0.13420195801875E-03
-0.19800258721561E-03
-0.19470570347267E-03
-0.24142198182882E-03
-0.34948907636681E-03
-0.39238381544909E-03
-0.43709988994930E-03
-0.49457817781562E-03
-0.59785533058104E-03
-0.50114915023090E-03
-0.77562105713821E-03
-0.92759478892851E-03
-0.77589367635897E-03
-0.10893098360299E-02
-0.10211661970122E-02
-0.12942869043145E-02
-0.13754089155032E-02
-0.13852002286221E-02
-0.14995399772533E-02
-0.18242450076327E-02
-0.18062511793524E-02
-0.19295062518011E-02
-0.22297191245357E-02
-0.25243349547253E-02
-0.25682167758826E-02
-0.27648192568046E-02
-0.30196926317056E-02
-0.33260364625340E-02
-0.35051795846707E-02
-0.37905121398725E-02
-0.41306056196056E-02
-0.45545763952386E-02
-0.46589660231170E-02
-0.51457434425549E-02
-0.55399971780945E-02
-0.57824798763912E-02
-0.63538907989336E-02
-0.70540426725308E-02
-0.71138666534805E-02
-0.76820138984259E-02
-0.82290590558798E-02
-0.88117638782655E-02
-0.10298106822625E-01
-0.99442118944996E-02
-0.10937927709904E-01
-0.12183442977097E-01
-0.12324666626619E-01
-0.12375185778452E-01
-0.14792192508712E-01
-0.14109499219126E-01
