 0.00000000000000E+00
 0.00000000000000E+00
 0.00000000000000E+00
 0.00000000000000E+00
 0.00000000000000E+00
 0.00000000000000E+00
 0.00000000000000E+00
 0.00000000000000E+00
 0.00000000000000E+00
 0.00000000000000E+00
 0.00000000000000E+00
 0.00000000000000E+00
 0.00000000000000E+00
 0.00000000000000E+00
 0.00000000000000E+00
 0.00000000000000E+00
 0.00000000000000E+00
 0.00000000000000E+00
 0.00000000000000E+00
-0.91558302090775E-07
 0.26208370639773E-07
-0.13064149029854E-06
-0.48687390750263E-06
-0.47948153863705E-06
-0.39066077707751E-06
-0.74059335686139E-06
-0.52209858434938E-06
-0.53284346343088E-06
 0.70328398031363E-06
-0.49831583243180E-07
 0.42159622711543E-07
-0.48643397784561E-06
-0.12198153949132E-05
-0.78566913234672E-06
 0.27850503147961E-07
-0.37861637570583E-05
-0.83583429303766E-05
 0.60829935074847E-05
 0.11243468671704E-04
 0.30749913493644E-06
-0.95323399735942E-05
 0.14548658241294E-05
 0.20897011913748E-04
 0.38258035935694E-05
 0.12972098525316E-04
-0.27810098293704E-04
 0.82534337700225E-05
-0.67467877062591E-05
 0.15097407597479E-04
 0.31138698720336E-04
 0.58270878817725E-04
-0.14085462165652E-04
 0.97840519105104E-05
-0.30168942794485E-04
 0.42329758438944E-05
 0.59911425054994E-05
-0.10281548676758E-04
 0.38732467060092E-04
 0.19792686933982E-04
 0.11869022693915E-03
 0.96764581041922E-04
 0.18793180590222E-03
 0.11608871569832E-03
 0.16717074700175E-03
-0.46356301414884E-04
 0.23149385685571E-03
 0.25133939089631E-03
 0.10999871824614E-03
 0.13668226083027E-03
 0.20952648705506E-05
 0.21803183115707E-03
 0.37782929503000E-03
 0.43338175663038E-03
 0.34387011761911E-03
 0.50874328095760E-03
 0.81158983431697E-03
 0.15204042991635E-03
 0.27981373337510E-03
 0.65243121411854E-03
 0.70885463344769E-03
 0.75716503220879E-03
 0.75534290107982E-03
 0.77049122971458E-03
 0.10461300038308E-02
 0.12253439965047E-02
 0.15174171565282E-02
 0.16814552348666E-02
 0.11073548538570E-02
 0.18425097734451E-02
 0.21718844333119E-02
 0.21486838788523E-02
 0.26105074947134E-02
 0.18540674173013E-02
 0.32812719654352E-02
 0.30699650482806E-02
 0.36898893119736E-02
 0.39507268162892E-02
 0.35892342926294E-02
 0.40346798700892E-02
 0.37590649212147E-02
 0.48779571870094E-02
 0.63942024877961E-02
 0.48411761058660E-02
 0.76163813128322E-02
 0.78604835734197E-02
 0.75987161170045E-02
 0.81678438907818E-02
 0.80137730649870E-02
 0.93856552142878E-02
 0.96332101974287E-02
 0.12182138076117E-01
 0.14083743319517E-01
 0.10009382294960E-01
 0.10511818056933E-01
 0.18495563606083E-01
 0.18345755804237E-01
 0.12560094207409E-01
 0.17311372176050E-01
 0.22990617039205E-01
 0.16698568728867E-01
