 0.00000000000000E+00
 0.00000000000000E+00
 0.00000000000000E+00
 0.00000000000000E+00
 0.00000000000000E+00
 0.00000000000000E+00
 0.00000000000000E+00
 0.00000000000000E+00
 0.00000000000000E+00
 0.00000000000000E+00
 0.00000000000000E+00
 0.00000000000000E+00
 0.00000000000000E+00
 0.00000000000000E+00
 0.00000000000000E+00
 0.00000000000000E+00
 0.88773099376632E-18
 0.54051663883130E-17
 0.15360096767705E-16
 0.36165593153750E-16
 0.17159960548536E-16
 0.35391616957230E-16
 0.14716078171056E-16
 0.16974705725303E-16
 0.27541556951994E-16
 0.47173287406582E-16
 0.93275697335024E-16
 0.20821045742581E-15
 0.44588885042377E-15
 0.91393479016950E-15
 0.18059565695406E-14
 0.34115930923087E-14
 0.62032910179252E-14
 0.10886304597088E-13
 0.18476863399219E-13
 0.30419159941959E-13
 0.48699480957181E-13
 0.75981876604733E-13
 0.11576863727850E-12
 0.17256886869284E-12
 0.25206607959652E-12
 0.36132042355040E-12
 0.50894982735500E-12
 0.70532195751420E-12
 0.96274042458005E-12
 0.12956177282645E-11
 0.17206393652098E-11
 0.22569115180102E-11
 0.29260845080321E-11
 0.37524546963519E-11
 0.47630456223701E-11
 0.59876584050804E-11
 0.74588984826029E-11
 0.92121723128138E-11
 0.11285658669993E-10
 0.13720252983945E-10
 0.16559488303148E-10
 0.19849430451697E-10
 0.23638553071303E-10
 0.27977593163683E-10
 0.32919390021373E-10
 0.38518708747400E-10
 0.44832051749668E-10
 0.51917463160397E-10
 0.59834319824279E-10
 0.68643126294270E-10
 0.78405300992462E-10
 0.89182964513495E-10
 0.10103872858578E-09
 0.11403549005878E-09
 0.12823622967879E-09
 0.14370381619610E-09
 0.16050082008722E-09
 0.17868933574560E-09
 0.19833081314545E-09
 0.21948590088177E-09
 0.24221429997637E-09
 0.26657462923247E-09
 0.29262430324941E-09
 0.32041942164376E-09
 0.35001467038903E-09
 0.38146323620314E-09
 0.41481673119696E-09
 0.45012512968499E-09
 0.48743671695070E-09
 0.52679804738248E-09
 0.56825391367144E-09
 0.61184732570948E-09
 0.65761949888634E-09
 0.70560985064174E-09
 0.75585600518449E-09
 0.80839380644099E-09
 0.86325733694763E-09
 0.92047894356516E-09
 0.98008926882144E-09
 0.10421172876677E-08
 0.11065903479921E-08
 0.11735342161574E-08
 0.12429731253900E-08
 0.13149298271683E-08
 0.13894256453382E-08
 0.14664805320177E-08
 0.15461131251514E-08
 0.16283408071084E-08
 0.17131797644239E-08
 0.18006450474656E-08
 0.18907506305420E-08
 0.19835094718337E-08
 0.20789335727586E-08
 0.21770340369420E-08
 0.22778211279720E-08
 0.23813043299846E-08
 0.24874923779569E-08
 0.25963933887683E-08
 0.27080147962420E-08
 0.28223635044970E-08
 0.29394458931535E-08
 0.30592678756786E-08
 0.31818349472979E-08
 0.33071522322504E-08
