 0.00000000000000E+00
 0.00000000000000E+00
 0.00000000000000E+00
 0.00000000000000E+00
 0.00000000000000E+00
 0.00000000000000E+00
 0.00000000000000E+00
 0.00000000000000E+00
 0.00000000000000E+00
 0.00000000000000E+00
 0.00000000000000E+00
 0.00000000000000E+00
 0.00000000000000E+00
 0.00000000000000E+00
 0.00000000000000E+00
 0.00000000000000E+00
-0.96328414113253E-15
-0.15489062545589E-14
 0.16615464188246E-14
-0.21809626262148E-14
-0.30890412414451E-14
 0.19926535953358E-14
-0.11617939891103E-14
 0.30080641490450E-14
-0.34522082419797E-14
-0.24497250193134E-14
-0.75420848617181E-16
-0.26653405712652E-14
-0.53162589649163E-15
-0.21668864462614E-14
-0.13073223703019E-14
-0.12546656633120E-13
-0.10972642369166E-13
-0.21458042046521E-13
-0.36238966597928E-13
-0.40480756930612E-13
-0.59768361686624E-13
-0.84540592609371E-13
-0.10612394928463E-12
-0.19764587999077E-12
-0.23565782873402E-12
-0.37638287374707E-12
-0.52439548149735E-12
-0.71973152137614E-12
-0.98799665522250E-12
-0.13075462950772E-11
-0.17446604324803E-11
-0.22517933702861E-11
-0.29697471509586E-11
-0.37426272054049E-11
-0.47698639691171E-11
-0.59786393361662E-11
-0.74500070068129E-11
-0.92331679729927E-11
-0.11305132135255E-10
-0.13716007771953E-10
-0.16550177491206E-10
-0.19873348053836E-10
-0.23652631456799E-10
-0.27997475869483E-10
-0.32885019479804E-10
-0.38586989591511E-10
-0.44884410136746E-10
-0.52048370906393E-10
-0.59966723590546E-10
-0.68841861849253E-10
-0.78721608896003E-10
-0.89589927802074E-10
-0.10155191716360E-09
-0.11473700639409E-09
-0.12907083497602E-09
-0.14487429023154E-09
-0.16194034720440E-09
-0.18054727969971E-09
-0.20073657715755E-09
-0.22252012489921E-09
-0.24601448722539E-09
-0.27121715436108E-09
-0.29834073611395E-09
-0.32741472264591E-09
-0.35858288182836E-09
-0.39184827699985E-09
-0.42742604389596E-09
-0.46531435547993E-09
-0.50550452199227E-09
-0.54839944360678E-09
-0.59382814881142E-09
-0.64204467371626E-09
-0.69318231571710E-09
-0.74730173626358E-09
-0.80442343921570E-09
-0.86477090783679E-09
-0.92842638276871E-09
-0.99568142951913E-09
-0.10664562972519E-08
-0.11409112648799E-08
-0.12193151234231E-08
-0.13016994532452E-08
-0.13883648114398E-08
-0.14792071566758E-08
-0.15743397585967E-08
-0.16741305560924E-08
-0.17784566803759E-08
-0.18876796654198E-08
-0.20019118239745E-08
-0.21210600878598E-08
-0.22454035105550E-08
-0.23749643204883E-08
-0.25099342187204E-08
-0.26502602158040E-08
-0.27963477623025E-08
-0.29735753766418E-08
-0.30757370593438E-08
-0.32679906832265E-08
-0.34369101469416E-08
-0.36106555716016E-08
-0.37921477391863E-08
-0.39785672302866E-08
-0.41709527885819E-08
-0.43694252858101E-08
