 0.00000000000000E+00
 0.00000000000000E+00
 0.00000000000000E+00
 0.00000000000000E+00
 0.00000000000000E+00
 0.00000000000000E+00
 0.00000000000000E+00
 0.00000000000000E+00
 0.00000000000000E+00
 0.00000000000000E+00
 0.00000000000000E+00
 0.00000000000000E+00
 0.00000000000000E+00
 0.00000000000000E+00
 0.00000000000000E+00
 0.00000000000000E+00
-0.17553098192444E-14
 0.15511645965086E-14
 0.17149820401816E-14
 0.20677571713358E-14
 0.37799719269868E-15
 0.38121518131891E-14
 0.87757750686513E-14
-0.10444843753637E-13
 0.15310974954880E-13
 0.51998418006297E-14
 0.72667605567487E-15
-0.44417535222323E-14
 0.39221423826158E-15
 0.10707956545767E-13
 0.71888240805206E-14
-0.36280250583090E-14
 0.56804263859641E-13
 0.68272655823150E-13
 0.13125196761652E-13
 0.15394922942890E-12
 0.52908694058411E-13
 0.42681884714062E-13
 0.96656807981991E-13
 0.15782508930678E-12
 0.22636350542960E-12
 0.34764900538104E-12
 0.54421573039685E-12
 0.73437769611049E-12
 0.10878717959044E-11
 0.12996914678321E-11
 0.16534956569457E-11
 0.22423267968305E-11
 0.29118197598611E-11
 0.38737762081468E-11
 0.47479630430605E-11
 0.59060788704045E-11
 0.75429949639723E-11
 0.93462662863946E-11
 0.11192195368503E-10
 0.13875658874542E-10
 0.16715245876122E-10
 0.19825279888412E-10
 0.23583906198686E-10
 0.28026559694673E-10
 0.33081678101644E-10
 0.38428996479289E-10
 0.45246313113369E-10
 0.52182084809453E-10
 0.60331212876995E-10
 0.69284688306206E-10
 0.79140922888841E-10
 0.90346785421775E-10
 0.10230623058075E-09
 0.11608665791522E-09
 0.13036721415417E-09
 0.14654001492810E-09
 0.16425928779874E-09
 0.18312610905393E-09
 0.20382374539960E-09
 0.22674302409014E-09
 0.25103125013212E-09
 0.27748922151997E-09
 0.30583107499741E-09
 0.33658621035815E-09
 0.36955193339474E-09
 0.40554659778818E-09
 0.44346475889674E-09
 0.48438490465163E-09
 0.52843274482598E-09
 0.57518413943017E-09
 0.62543676124764E-09
 0.67949423456998E-09
 0.73692880676167E-09
 0.79714488170647E-09
 0.86286099186737E-09
 0.93202081140261E-09
 0.10061560905287E-08
 0.10841497462911E-08
 0.11678314286763E-08
 0.12556471637471E-08
 0.13495090352350E-08
 0.14482257921387E-08
 0.15536616721648E-08
 0.16640826800652E-08
 0.17812878217177E-08
 0.19032292238243E-08
 0.20328301735597E-08
 0.21699548252739E-08
 0.23132410549770E-08
 0.24630256913427E-08
 0.26200473637752E-08
 0.27844968842353E-08
 0.29567980439567E-08
 0.31351757846833E-08
 0.33221245396475E-08
 0.31721027933255E-08
 0.38256419303384E-08
 0.39279171919895E-08
 0.41452578598826E-08
 0.43640456217157E-08
 0.46036189064499E-08
 0.48435323760241E-08
 0.50910001100225E-08
 0.53467629884957E-08
