 0.00000000000000E+00
 0.00000000000000E+00
 0.00000000000000E+00
 0.00000000000000E+00
 0.00000000000000E+00
 0.00000000000000E+00
 0.00000000000000E+00
 0.00000000000000E+00
 0.00000000000000E+00
 0.00000000000000E+00
 0.00000000000000E+00
 0.00000000000000E+00
 0.00000000000000E+00
 0.00000000000000E+00
 0.17168414553185E-16
-0.34339110364994E-16
-0.24542073822645E-16
 0.39728426439580E-16
 0.33464343313502E-16
 0.24235496563545E-17
 0.16563320915744E-16
-0.95768437409763E-17
 0.42925518654486E-16
 0.12538080167577E-15
 0.32073191688228E-15
 0.75634699637362E-15
 0.16635282961236E-14
 0.35147423052916E-14
 0.69386100385984E-14
 0.13155053468030E-13
 0.23736890735072E-13
 0.41534181313107E-13
 0.70077782088598E-13
 0.11442210780426E-12
 0.18163640238038E-12
 0.28068280197953E-12
 0.42319749744765E-12
 0.62376635316571E-12
 0.90048115690715E-12
 0.12751483543452E-11
 0.17738672904388E-11
 0.24272891411139E-11
 0.32709158779800E-11
 0.43452576750377E-11
 0.56963079593623E-11
 0.73752636927090E-11
 0.94389487485740E-11
 0.11949526033024E-10
 0.14974597947361E-10
 0.18586984053645E-10
 0.22864368923678E-10
 0.27889401274857E-10
 0.33748937783076E-10
 0.40534043299353E-10
 0.48339385667033E-10
 0.57262922996573E-10
 0.67405315839615E-10
 0.78869736857460E-10
 0.91761143686659E-10
 0.10618588951128E-09
 0.12225146289221E-09
 0.14006565388817E-09
 0.15973654587329E-09
 0.18137186173869E-09
 0.20507864292559E-09
 0.23096288499021E-09
 0.25912934306255E-09
 0.28968100825902E-09
 0.32271909032164E-09
 0.35834261151026E-09
 0.39664834046868E-09
 0.43773065870858E-09
 0.48168124772407E-09
 0.52858922257721E-09
 0.57854093971458E-09
 0.63162000646604E-09
 0.68790725586382E-09
 0.74748077861215E-09
 0.81041592624346E-09
 0.87678541549962E-09
 0.94665934201636E-09
 0.10201053076103E-08
 0.10971884403017E-08
 0.11779715711494E-08
 0.12625153264353E-08
 0.13508780978101E-08
 0.14431163687418E-08
 0.15392846388559E-08
 0.16394355554667E-08
 0.17436200428460E-08
 0.18518873081457E-08
 0.19642849951636E-08
 0.20808591632365E-08
 0.22016543464631E-08
 0.23267135504334E-08
 0.24560783888337E-08
 0.25897889311428E-08
 0.27278837589527E-08
 0.28703999426686E-08
 0.30173729892586E-08
 0.31688368024720E-08
 0.33248236279456E-08
 0.34853639537892E-08
 0.36504865218815E-08
 0.38202181592482E-08
 0.39945837625127E-08
 0.41736062207593E-08
 0.43573063410461E-08
 0.45457051236357E-08
 0.47388111026099E-08
 0.49366480207212E-08
 0.51392229840657E-08
 0.53465463921759E-08
 0.55586255307604E-08
 0.57754653727105E-08
 0.59970685853553E-08
 0.62234355895635E-08
 0.64545646006475E-08
 0.66904516980439E-08
 0.69310908980854E-08
