 0.00000000000000E+00
 0.00000000000000E+00
 0.00000000000000E+00
 0.00000000000000E+00
 0.00000000000000E+00
 0.00000000000000E+00
 0.00000000000000E+00
 0.00000000000000E+00
 0.00000000000000E+00
 0.00000000000000E+00
 0.00000000000000E+00
 0.00000000000000E+00
 0.00000000000000E+00
 0.00000000000000E+00
 0.00000000000000E+00
 0.00000000000000E+00
 0.00000000000000E+00
 0.00000000000000E+00
 0.00000000000000E+00
 0.41578807483546E-17
-0.79366483792085E-19
 0.17700292028422E-16
 0.23430251258790E-31
 0.10026424164049E-16
 0.13618921219578E-16
 0.14144457846210E-16
-0.45342321296570E-18
-0.75340166542516E-18
 0.29283646038151E-16
 0.58293190074355E-16
 0.11469065887537E-15
 0.22382502922285E-15
 0.43331324425953E-15
 0.76879222599668E-15
 0.14091113980686E-14
 0.25347651448725E-14
 0.42396316152167E-14
 0.71276149291879E-14
 0.11524933177390E-13
 0.18159635296148E-13
 0.28056055806275E-13
 0.42388486496074E-13
 0.62794564175477E-13
 0.91194680899099E-13
 0.13036279641663E-12
 0.18324131599928E-12
 0.25373982295745E-12
 0.34639774614765E-12
 0.46666551531492E-12
 0.62095903147354E-12
 0.81663257451709E-12
 0.10622042361038E-11
 0.13673397908727E-11
 0.17430603208748E-11
 0.22015390609164E-11
 0.27564257265774E-11
 0.34228035123616E-11
 0.42171566306468E-11
 0.51574356570845E-11
 0.62631505682211E-11
 0.75552233569741E-11
 0.90561262068599E-11
 0.10789884470906E-10
 0.12781823070877E-10
 0.15058810929582E-10
 0.17649049295350E-10
 0.20582104466209E-10
 0.23888780828041E-10
 0.27601121970408E-10
 0.31752333370689E-10
 0.36376703228271E-10
 0.41509454111524E-10
 0.47186839363014E-10
 0.53445851859966E-10
 0.60324308138309E-10
 0.67860668219257E-10
 0.76094025819362E-10
 0.85063974075429E-10
 0.94810510363585E-10
 0.10537403111631E-09
 0.11679520250970E-09
 0.12911490391873E-09
 0.14237418449901E-09
 0.15661407562381E-09
 0.17187576390778E-09
 0.18820026766480E-09
 0.20562861416901E-09
 0.22420162547567E-09
 0.24395994310606E-09
 0.26494400863626E-09
 0.28719399879514E-09
 0.31074979053736E-09
 0.33565095307104E-09
 0.36193669299404E-09
 0.38964592136652E-09
 0.41881709023092E-09
 0.44948835556605E-09
 0.48169741960314E-09
 0.51548161975414E-09
 0.55087791215322E-09
 0.58792282964285E-09
 0.62665251753994E-09
 0.66710274603727E-09
 0.70930888177396E-09
 0.75330593317349E-09
 0.79912854382183E-09
 0.84681096918081E-09
 0.89638713768631E-09
 0.94789061907001E-09
 0.10013546601370E-08
 0.10568121570056E-08
 0.11142956911112E-08
 0.11738375400912E-08
 0.12354696231981E-08
 0.12992235865396E-08
 0.13651307428525E-08
 0.14332220867313E-08
 0.15035283865646E-08
 0.15760797474011E-08
 0.16509064571463E-08
