0.
0.
0.
0.
0.
0.
0.
0.
0.
0.
1.9859446137283985e-12
3.971889227456797e-12
5.9578338411851955e-12
6.57844153297532e-12
1.0302087683716067e-11
3.4009301510098823e-11
1.335547752732348e-10
5.373221395518898e-10
1.8978183214942008e-9
6.016046842675109e-9
1.7229186617939077e-8
4.5104153459307597e-8
1.091702302120323e-7
2.465942462005018e-7
5.241269029305866e-7
1.0554622883228537e-6
2.0255290823769247e-6
3.7231404795934766e-6
6.583281155877438e-6
0.00001124027832901826
0.000018592768833689585
0.000029881159649892336
0.00004677803530082086
0.00007149148394456291
0.00010688117136839668
0.00015658668340418227
0.000225167285911702
0.0003182521676947659
0.0004427000459049556
0.0006067668688862874
0.0008202802169904499
0.0010948190870396467
0.0014438977845917505
0.0018831524654555716
0.002430529223636375
0.0031064725531354666
0.003934113119385789
0.00493945405401357
0.006151554949751991
0.00760271288860184
0.009328640149244538
0.011368638119439113
0.013765767215181066
0.016567012657925474
0.019823446133209226
0.02359038331875671
0.027927537383600348
0.03289916869268158
0.03857423092396704
0.0450265137205879
0.05233478221201329
0.060582913637482444
0.06986003121803458
0.08026063545562347
0.09188473307963234
0.1048379635767425
0.11923172356443831
0.1351832886438522
0.15281593302313837
0.17225904639515408
0.19364824817569642
0.21712549858123226
0.24283920634876838
0.2709443327948808
0.30160249169929554
0.334982044787244
0.3712581921919707
0.41061305769184836
0.4532357683046798
0.4993225278608641
0.5490766841718908
0.6027087898464187
0.6604366561611333
0.7224854002115406
0.7890874850721109
0.8604827531121139
0.9369184524286652
1.0186492566536693
1.105937278262255
1.1990520756437308
1.2982706542179347
1.4038774618414958
1.5161643788324337
1.635430702823485
1.761983128631077
1.896135723283565
2.038209896155728
2.188534364044319
2.347445110860961
2.515285341306265
2.692405427635592
2.879162848366844
3.075922117302679
3.2830547008931226
3.5009389214318136
3.729959843229108
3.970509138120679
4.222984926511274
4.487791589207203
4.765339545212594
5.056044990022862
5.360329588762492
5.678620118520273
6.011348054256754
6.358949093268689
6.721862614034151
7.100531066506061
7.495399292727611
7.906913778938057
8.335521842884468