0.
0.
0.
0.
0.
0.
0.
0.
0.
0.
0.
0.
0.
1.9859446137283985e-12
5.9578338411851955e-12
2.2341876904444484e-12
5.709590764469145e-12
1.2784518450876565e-11
4.319429534859267e-11
1.5341422141051877e-10
5.208139749502725e-10
1.5890039340594349e-9
4.448391813213254e-9
1.1470940210433588e-8
2.7557588067787046e-8
6.21466612835562e-8
1.3245543080799778e-7
2.683793138838722e-7
5.195895159743705e-7
9.65503093331723e-7
1.7286447607229786e-6
2.9922468290830192e-6
5.022544909206736e-6
8.19664505893348e-6
0.000013036261382609696
0.000020248007371898397
0.0000307705089663368
0.00004582866949693414
0.0000669951088546866
0.00009625901519736293
0.00013610205656527043
0.0001895813520336365
0.00026041903843529543
0.00035309813550671776
0.00047296420862697467
0.000626332197991615
0.0008205980435945418
0.0010643542559094705
0.0013675090222975302
0.001741408063824033
0.0021989588112861867
0.002754756099619587
0.00342520906119465
0.004228668504552377
0.005185554463434876
0.006318483393558951
0.007652394717875742
0.00921467636396347
0.011035289075099384
0.013146889252353302
0.015584950153560225
0.01838788143589103
0.021597146842682026
0.025257380101052555
0.029416499002135006
0.03412581767794303
0.03944015719676524
0.04541795450550828
0.05212136974877841
0.059616392249684694
0.06797294502178784
0.0772649880857587
0.08757062057324515
0.0989721817415725
0.11155635097238505
0.12541424672580476
0.14064152457956614
0.15733847426326286
0.17561011568112833
0.19556629394072664
0.21732177322818197
0.2409963294714855
0.2667148417793433
0.2946073823512191
0.32480930482344583
0.357461330988352
0.39270963555574306
0.4307059289517731
0.4716075379657975
0.5155774840934052
0.5627845595017792
0.6134034005342235
0.6676145585743765
0.725604568378965
0.7875660137496425
0.8536975906234696
0.9242041675806748
0.9992968439133029
1.0791930053230172
1.1641163773809915
1.2542970770097994
1.3499716620826308
1.4513831793670966
1.5587812111473889
1.6724219205945514
1.7925680962268147
1.9194891956002524
2.0534613884834667
2.1947675994961906
2.3436975504960493
2.500547802504209
2.6656217971886553
2.8392298975841292
3.021689427786813
3.213324710846277
3.4144671043233243
3.6254550323000636
3.8466340126227276
4.0783566777598
4.320982787264311