 0.00000000000000E+00
 0.00000000000000E+00
 0.00000000000000E+00
 0.00000000000000E+00
 0.00000000000000E+00
 0.00000000000000E+00
 0.00000000000000E+00
 0.00000000000000E+00
 0.00000000000000E+00
 0.00000000000000E+00
 0.00000000000000E+00
 0.00000000000000E+00
 0.26312061978794E-15
 0.55620396362538E-15
 0.32971185925714E-15
-0.40989768411410E-15
-0.32185488231011E-15
 0.27598775985752E-15
-0.30315202212486E-15
 0.50144305927826E-15
 0.17042083129369E-15
 0.38802559182934E-15
 0.21304217123094E-14
 0.30487978692391E-14
 0.84482342001785E-14
 0.16701946397091E-13
 0.32907508757295E-13
 0.60758456328910E-13
 0.11064285155075E-12
 0.18912534369863E-12
 0.31441606881823E-12
 0.50492500118133E-12
 0.78901973804789E-12
 0.12035223390192E-11
 0.17878337540795E-11
 0.25901128198266E-11
 0.36774690180940E-11
 0.51204909831487E-11
 0.70046923577822E-11
 0.94216680728497E-11
 0.12487793323302E-10
 0.16308264945946E-10
 0.21024100715464E-10
 0.26779687637134E-10
 0.33720997226024E-10
 0.42011453924642E-10
 0.51818044704240E-10
 0.63331798794329E-10
 0.76727599773870E-10
 0.92206964934387E-10
 0.10996572549207E-09
 0.13020029707033E-09
 0.15312567597864E-09
 0.17894435682460E-09
 0.20787277923396E-09
 0.24012025328757E-09
 0.27590146163887E-09
 0.31542847417879E-09
 0.35891551045053E-09
 0.40657996907339E-09
 0.45863347373392E-09
 0.51529705971194E-09
 0.57678252389741E-09
 0.64330439662852E-09
 0.71508612338122E-09
 0.79234874466738E-09
 0.87530907385284E-09
 0.96419331725652E-09
 0.10592365907330E-08
 0.11606644173762E-08
 0.12687182129480E-08
 0.13836369206116E-08
 0.15056676456335E-08
 0.16350650832311E-08
 0.17720766037802E-08
 0.19169650217141E-08
 0.20699988035538E-08
 0.22314424805455E-08
 0.24015707470873E-08
 0.25806474075018E-08
 0.27689528887223E-08
 0.29667528549310E-08
 0.31743175224895E-08
 0.33919141908700E-08
 0.36197938682368E-08
 0.38582157628276E-08
 0.41074095231155E-08
 0.43676057999243E-08
 0.46390188597889E-08
 0.49218409346500E-08
 0.52162486912037E-08
 0.55224067467740E-08
 0.58404398221047E-08
 0.61704725739325E-08
 0.65125876874302E-08
 0.68691818842752E-08
 0.72333056194552E-08
 0.76207084130082E-08
 0.80028140956579E-08
 0.84058176034143E-08
 0.88209197134943E-08
 0.92480246716310E-08
 0.96870287856632E-08
 0.10137797791107E-07
 0.10600175187271E-07
 0.11073981530135E-07
 0.11559008388274E-07
 0.12055037325347E-07
 0.12561810518023E-07
 0.13079055610635E-07
 0.13606465087633E-07
 0.14143697020047E-07
 0.14690369884774E-07
 0.15246060005643E-07
 0.15810276812307E-07
 0.16382471119545E-07
 0.16962014032668E-07
 0.17548156523573E-07
 0.18140038112265E-07
 0.18736651575969E-07
