 0.00000000000000E+00
 0.00000000000000E+00
 0.00000000000000E+00
 0.00000000000000E+00
 0.00000000000000E+00
 0.00000000000000E+00
 0.00000000000000E+00
 0.00000000000000E+00
 0.00000000000000E+00
 0.00000000000000E+00
 0.00000000000000E+00
 0.00000000000000E+00
-0.91168094997940E-15
-0.10854765771508E-14
 0.17609673519382E-15
-0.13064962951614E-14
-0.19652714995280E-14
-0.12318398104659E-15
 0.93741085275008E-15
 0.48370308974771E-14
-0.45801940316929E-14
-0.39197093826662E-14
-0.30533411353992E-14
 0.16156309962179E-13
-0.70311863766438E-14
-0.22551905856960E-13
-0.40273115455800E-13
-0.71865202035255E-13
-0.11448933739308E-12
-0.17371895979233E-12
-0.30992142216486E-12
-0.51467888452191E-12
-0.77892888170204E-12
-0.11969982082997E-11
-0.17963509007880E-11
-0.25597636797695E-11
-0.36657629979088E-11
-0.51245478398744E-11
-0.69915580355774E-11
-0.94364086451954E-11
-0.12484674385817E-10
-0.16288930484201E-10
-0.21021241050769E-10
-0.26795152298716E-10
-0.33743348053757E-10
-0.42031285107814E-10
-0.51869289613706E-10
-0.63402594474000E-10
-0.76832205898176E-10
-0.92370205127888E-10
-0.11018951411945E-09
-0.13051199451302E-09
-0.15356790199467E-09
-0.17963386049944E-09
-0.20876966047478E-09
-0.24138626894466E-09
-0.27760854176542E-09
-0.31773714483202E-09
-0.36193732216935E-09
-0.41061979877920E-09
-0.46386629138355E-09
-0.52206659713679E-09
-0.58544579706100E-09
-0.65437052454117E-09
-0.72896814193657E-09
-0.80973378389554E-09
-0.89696130586283E-09
-0.99089233257934E-09
-0.10920077826146E-08
-0.12005883784510E-08
-0.13170634565994E-08
-0.14417652884352E-08
-0.15752512864323E-08
-0.17177643067779E-08
-0.18699821426193E-08
-0.20321955571478E-08
-0.22049676212132E-08
-0.23886027730696E-08
-0.25838048060590E-08
-0.27909312329871E-08
-0.30104805530458E-08
-0.32429318119529E-08
-0.34887734182711E-08
-0.37482808565404E-08
-0.40221212278467E-08
-0.43104870036510E-08
-0.46138105264767E-08
-0.49324311788762E-08
-0.52666609635654E-08
-0.56166965584878E-08
-0.59827941310174E-08
-0.63650823553056E-08
-0.67635847352392E-08
-0.71784808342466E-08
-0.76096967117845E-08
-0.81792746710297E-08
-0.85209827206370E-08
-0.91849352420182E-08
-0.94964840415629E-08
-0.10007761318345E-07
-0.10534342138207E-07
-0.11076144205830E-07
-0.11632284998361E-07
-0.12202847612302E-07
-0.12786962083810E-07
-0.13384281947373E-07
-0.13994234063009E-07
-0.14615916830679E-07
-0.15248818832722E-07
-0.15891681241485E-07
-0.16543846340057E-07
-0.17203785168322E-07
-0.17869973843384E-07
-0.18540869361911E-07
-0.19214388538121E-07
-0.19887824154434E-07
-0.20558318491681E-07
-0.21222146538578E-07
-0.21874838044817E-07
-0.22511205515267E-07
