0.
0.
0.
0.
0.
0.
0.
0.
0.
1.241215383580249e-13
1.4894584602962989e-12
1.7004650755049412e-11
1.3281004604308664e-10
7.894129839570384e-10
3.68951272769229e-9
1.4483866432536284e-8
4.884691432695548e-8
1.4512141318974243e-7
3.873849347953944e-7
9.43726093548346e-7
2.125141830013851e-6
4.470015026410606e-6
8.858694201707505e-6
0.000016661497026934053
0.000029921893608107596
0.000051575291177643174
0.00008570203152247483
0.00013781198156382135
0.00021515700734405795
0.00032706667686300563
0.0004853022091527236
0.0007044233491210633
0.0010021630754572651
0.0013998053008596023
0.0019225611426311445
0.0025999400953557006
0.003466112965999622
0.004560264158268524
0.005926931614814717
0.007616333324529328
0.009684679881055936
0.012194473163895622
0.015214791349634618
0.018821561314285504
0.023097819099977136
0.02813395972357632
0.03402797742919227
0.0408856975134492
0.04882100083193237
0.0579560417249585
0.06842146012986564
0.08035658820924108
0.0939096515995977
0.10923796506899568
0.12650812201860814
0.14589617705396082
0.16758782047077053
0.19177854322252352
0.21867379086730235
0.24848910469124436
0.2814502482103588
0.317793317077046
0.35776483062581377
0.40162180326860697
0.44963179398516795
0.50207293267106
0.5592339219482284
0.6214140134752879
0.6889229582235652
0.762080930003461
0.8412184222076184
0.9266761176446654
1.0188047316337026
1.1179648285541595
1.2245266119786147
1.3388696885443534
1.461382805466104
1.5924635612400093
1.7325180886518652
1.881960708776416
2.0412135538161875
2.2107061560620886
2.390874999178536
2.5821630274802647
2.7850191077374875
2.9998974374370126
3.227256892922735
3.4675603103862502
3.721273693208091
3.988865339525931
4.27080488584412
4.567562264606267
4.879606577211395
5.207404888137319
5.551420951395203
5.9121138860443905
6.289936824099125
6.685335559845662
7.098747234752108
7.530599095588118
7.981307364542804
8.45127625873
8.94089719195358
9.450548184637647
9.980593498481602
10.531383501755137
11.103254760268157
11.696530338746681
12.311520288790733
12.948522293228093
13.607822432952434
14.28969604103341
14.994408610180653
15.722216722244278
16.47336897283683
17.248106868760672
18.04666568108736
18.869275241487827
19.71616067381748
20.587543056733967