80.67376702522232
81.18593356138771
81.7258319953828
82.2932176946173
82.88784648313853
83.50947404225674
84.15786268236758
84.83278249319883
85.53401276898694
86.26134415877328
87.01458337099795
87.79354671417924
88.59806905858176
89.42799941420235
90.28416683398089
91.16356876546602
92.06898825420016
92.99937989821153
93.95467553907854
94.93482258614718
95.93978422225351
96.96953968370637
98.02408122044753
99.10341640776203
100.20756866501011
101.33656969228194
102.49046706719172
103.66931603990447
104.87319733278494
106.10217846091979
107.3563640325372
108.63584722450531
109.94074187828132
111.27116732339367
112.62725148063404
114.0091318879744
115.41695075047546
116.85085865054064
118.31101184759041
119.79757531980778
121.3107148869431
122.85060599441381
124.41742548167109
126.01135713580945
127.63258397092942
129.28130442802404
130.95769077001685
132.66197953410585
134.39433010882888
136.15495532821055
137.9440572087078
139.7618377925839
141.60850030048348
143.4842507588233
145.39054517554015
147.32382450565655
149.28805592470957
151.28218670294802
153.30641878149996
155.36095052544496
157.4459786318687
159.56170264579748
161.70831153112138
163.8859975860255
166.09494681626958
168.3353403733785
170.60736677431015
172.91119551253993
175.24700300200234
177.6149569827301
180.01521885739766
182.44795393971086
184.91331670508686
187.41145510263053
189.9425083243843
192.5066382569109
195.1039538201763
197.7346095232901
200.39871736876947
203.0963958662802
205.82776556327744
208.59293036935597
211.39200623350203
214.2250782993318
217.09225784922418
219.99361755505768
222.92925118964715
225.89923176802304
228.90363033373097
231.94254086695994
235.01600584984752
238.12409155657997
241.26685549377095
244.44435211010685
247.6566285540398
250.90373035852068
254.18569738385764
257.50257460309564
260.85438938097997
264.2411761903845
267.6629640135324
271.1197791568648
274.6116454392749
278.13858438069684