8.945935751953089
9.309300553679122
9.6905875257012
10.08954368074273
10.505951553785778
10.939558037764053
11.390217796060956
11.857746561009211
12.34199314600597
12.842824218038075
13.359984563345344
13.893847666885577
14.443719603128935
15.009857410722093
15.592134233930777
NaN
16.80491679527828
17.43535844029985
18.081807867712435
18.744235665421975
19.42271764391336
20.117197229614277
20.827722192701714
21.554327154831782
22.297054761280105
23.05595747056873
23.831097239764034
24.622544135047693
25.430271933037513
26.254857003821254
27.095562570942064
27.95311550855255
28.827456129211836
29.7187035428352
30.62698850418804
31.552444180536206
32.49521387342177
33.45544846181732
34.43330413077254
35.428942749523806
36.44253591247182
37.47425755271504
38.52429378611453
39.59282539375175
40.68004982357955
41.78616804492758
42.91137547637615
44.05579844193083
45.21990592390595
46.40365719616753
47.60735960808384
48.83123444500778
50.07551217156632
51.34042258282706
52.626201610351615
53.93308473502115
55.261312319789646
56.611123953928406
57.98264166438163
59.37648374162345
60.792522705688775
62.231134729661505
63.69256823227802
65.17707426092745
66.6849045338247
68.21630996309042
69.7715439763942
71.35085846342251
72.95450544815435
74.58273651392476
76.23580258521424
77.91395371263619
79.61743886146287
81.34650570407956
83.1014004167508
84.88236748110423
86.68964949075892
88.52348696353411
90.38411815963967
92.27177890634286
94.18670242949254
96.12911919236423
98.09925674225252
100.0973395651963
102.12358894926905
104.17822285678766
106.26145580580236
108.37349876120292
110.5145590357466
112.6848402012665
114.88454201031864
117.11386032846677
119.37298707735836
121.66211018875903
123.98141356958402
126.33107707807176
128.71127651101133
131.122183602079
133.56396603120183
136.03678744485416
138.540807487159
141.07618184164437
143.6430622834581
146.24159674181763