0.
0.
0.
0.
0.
0.
0.
0.
0.
0.
0.
0.
0.
0.
0.
0.00001525971701512921
0.00001525971701512921
0.000045779151045387627
0.00001525971701512921
0.00003242689865714957
0.00005340900955295223
0.0000619926003739624
0.0001592732963454111
0.00043108700567740015
0.0011378026499405715
0.0030881852309367734
0.007902625949210039
0.01896878198211905
0.043131590143262705
0.09317010970049829
0.19204926102928177
0.3795139308278307
0.7213334994313518
1.323333150607453
2.35026823403923
4.051405273436505
6.794739020745315
11.110620940826474
17.74700892437348
27.73835155798343
42.48905019263898
63.87399091313627
94.35734048131548
137.13114939197683
196.27519359368492
276.9388808066444
385.5469095438423
530.0281124109973
720.0691050302506
967.392485941068
1286.0596485172236
1692.7971147838307
2207.3480754256825
2852.8458055536694
3656.2099214063683
4648.56400733158
5865.672837198248
7348.399214082064
9143.177524109862
11302.504280091453
13885.442184306996
16958.13849632534
20594.354569981493
24876.00573548848
29893.710202903185
35747.34546383559
42546.61112036015
50411.596583684266
59473.353354546874
69874.46959829696
81769.64783390802
95326.28296156757
110725.04182291446
128160.44271358952
147841.4342625081
169991.97415758137
194851.60656863987
222676.03879211072
253737.71637640006
288326.3978753191
326749.72744893725
369333.8077228956
416423.7711284259
468384.3512061268
525600.4537333004
588477.7280134232
657443.1383639917
732945.5371389268
815456.238397605
905469.5931599484
1.0035035672175174e6
1.1101003194825074e6
1.225826786257517e6
1.351275263539672e6
1.4870639959942019e6
1.6338377680300407e6
1.7922684977223182e6
1.963055834784401e6
2.1469277618703656e6
2.3446411995913023e6
2.5569826151901414e6
2.784768634985627e6
3.028846660453824e6
3.2900954879652834e6
3.569425932803513e6
3.8677814562859363e6
4.1861387974141254e6
4.525508608044268e6
4.886936092995095e6
5.2715016535139065e6
5.680321536778771e6
6.114548489610492e6
6.575372418376215e6
7.064021055488081e6
7.581760632081121e6
8.129896560151222e6
8.709774122294331e6
9.322779172752159e6
9.970338849560294e6
1.0653922299671827e7