0.
0.
0.
0.
0.
0.
0.
0.
0.
0.
0.
0.
0.
0.
0.
0.00001525971701512921
0.00001525971701512921
0.000045779151045387627
0.00003147316634370399
0.00003338063097059514
0.000059131403433625686
0.00008392844358321065
0.00023557188142105717
0.000669520084038794
0.0018149525924869303
0.004866895995512772
0.012249737833894972
0.029023981762775753
0.06505503483243616
0.13861831563312027
0.2821502601451122
0.5508910439631796
1.0353584472241286
1.8793381072353277
3.3043982538595125
5.6424854187914155
9.378911058389386
15.206596032734916
24.094911957749467
37.37323960064004
56.83281127752587
84.84735036123077
124.5151678586633
179.82302029839315
255.83430495940146
358.90166873959134
496.9049643679923
679.515628816977
918.4868430063741
1227.970431300454
1624.8589538439746
2129.154031305507
2764.358989794755
3557.8947873393777
4541.539353536377
5751.887357195901
7230.830757719631
9026.056929950768
11191.564007707208
13788.19172546481
16884.165031470093
20555.6508060886
24887.324168978015
29972.94375229868
35915.93492805169
42829.97846787615
50839.60449606087
60080.78948305461
70701.55620699127
82862.57505139413
96737.76586653585
112514.9003124332
130396.20305927066
150598.9523287948
173356.0787228056
198916.76253807437
227547.02924532729
259530.3428270995
295168.19773744646
334780.70859749423
378707.1985757936
427306.78631423163
480958.9718630161
540064.2218164318
605044.5539316739
676344.1217228845
754429.7997084958
839791.7683104606
932944.1009384847
1.0344253517685739e6
1.1447991446355437e6
1.2646547661057352e6
1.3946077564658266e6
1.535300507183673e6
1.687402858809769e6
1.8516127015634684e6
2.028656578786125e6
2.2192902932191854e6
2.42429951577534e6
2.6445003967188015e6
2.880740179987178e6
3.133897819721236e6
3.404884599601495e6
3.6946447542773173e6
4.004156093719182e6
4.334430630097395e6
4.686515206699885e6
5.061492130494203e6
5.460479807168279e6
5.884633379349006e6
6.335145369037289e6
6.813246324009649e6
7.3202054691468235e6
7.857331363473303e6
8.425972564186784e6
9.027518297578327e6
9.663399140006773e6
1.0335087708089063e7
1.1044099361682013e7
1.1791992919675598e7