0.
0.
0.
0.
0.
0.
0.
0.
0.
0.
0.
0.
0.
0.
0.
0.
0.00001525971701512921
0.00003051943403025842
0.00001525971701512921
0.00003147316634370399
0.00005150154492606108
0.0000543627418663978
0.00013352252388238055
0.00035192722366141733
0.000907953162400188
0.002473981621077823
0.006376654247697119
0.015409452988340164
0.03528237320360562
0.0767058287734873
0.1591416812861556
0.3162662187293739
0.6045585149730756
1.114833914635862
1.9896382030176216
3.445686066237967
5.804267984853502
9.530408575183275
15.282944211890863
23.976504183570572
36.85750217601815
55.59591965514756
82.39412290902582
120.11433509395893
172.42604414712568
243.9746035849486
340.57196370606596
469.41044019833515
639.2996145693668
860.9269291026528
1147.142522827907
1513.2674110435084
1977.425006483584
2560.895339314153
3288.491711774475
4188.958123200731
5295.3868846090345
6645.655471966679
8282.880561904743
10255.889164036142
12619.704510373767
15436.045426708615
18773.83822935437
22709.739734780942
27328.66914944951
32724.34910594053
38999.852819181935
46268.157879700535
54652.704385401696
64287.95669085571
75319.96853375025
87906.949528995
102219.8338373359
118442.84870044696
136774.08422541138
157426.06170522334
180626.30323541252
206617.89896541194
235660.07469708464
268028.7586210763
304017.1466855158
343936.2680581814
388115.5494956897
436903.3801742911
490667.6756508616
549796.4431638881
614698.346516719
685803.2728062873
763562.8999415233
848451.2661617453
940965.3412631822
1.0416256003013889e6
1.1509765996312562e6
1.2695875577967518e6
1.3980529356710268e6
1.5369930237275774e6
1.6870545315278843e6
1.848911180919066e6
2.0232643030464654e6
2.2108434400376147e6
2.4124069501463417e6
2.6287426175510916e6
2.860668266088345e6
3.1090323772597136e6
3.3747147129266276e6
3.6586269420478977e6
3.961713271992326e6
4.284951084676255e6
4.629351576989088e6
4.995960407036592e6
5.385858344572973e6
5.800161928169178e6
6.240024128052086e6
6.706635015569268e6
7.201222440276947e6
7.725052715335901e6
8.279431311867697e6
8.865703563721856e6
9.485255383737408e6
1.0139513993300417e7