0.
0.
0.
0.
0.
0.
0.
1.9859446137283985e-12
3.971889227456797e-12
3.971889227456797e-12
6.702563071333345e-12
1.4522219987888913e-11
7.596238147511124e-11
4.3231531810100073e-10
2.127567288994905e-9
8.610062872819471e-9
2.994630707348724e-8
9.140831395146057e-8
2.4999678993151034e-7
6.225078684208475e-7
1.4298543046044684e-6
3.062199245670835e-6
6.1693083945934475e-6
0.000011779506727156253
0.000021449860340262242
0.000037448601600504396
0.00006296962518818219
0.0001023774911053803
0.00016148042267641644
0.0002478276274049455
0.00037102687396963803
0.0005430778165194298
0.0007787164401344866
0.001095766079391477
0.0015154908754205856
0.0020629477684524973
0.002767333906929333
0.0036623265861125583
0.004786413767852072
0.006183213556020814
0.007901781744366025
0.009996906803881428
0.012529392450081793
0.015566327965439514
0.019181346967843647
0.023454875381229853
0.028474369538796278
0.03433454553503038
0.04113760062017981
0.04899342769853059
0.05801982364580509
0.06834269199156627
0.08009624044958512
0.09342317329778481
0.10847487854371493
0.12541160948209057
0.14440265984331568
0.16562653177386338
0.18927109535653258
0.21553373840615386
0.24462150498550295
0.2767512211134845
0.31214960598001634
0.3510533671052967
0.3937092777704189
0.4403742353926
0.49131529943028474
0.5468097078280085
0.6071448710122661
0.6726183427737156
0.7435377676928945
0.8202208048135414
0.9029950274894237
0.9921977997106289
1.0881761288913245
1.1912864956357032
1.3018946604097497
1.4203754475396018
1.5471125060915325
1.682498047387291
1.8269325581876512
1.9808244880739478
2.144589909048605
2.3186521445238197
2.503441364131885
2.6993941399638857
2.9069529591462735
3.126565686752204
3.3586849726737307
3.6037675958491175
3.862273739128427
4.134666188974084
4.421409455332548
4.722968809152713
5.039809238006056
5.3723943240685195
5.721185053417628
6.086638570968718
6.469206900981589
6.869335658680171
7.287462783322272
7.724017326773725
8.179418333231329
8.654073845223184
9.148380067816333
9.662720717295814
10.197466572767901
10.752975239961671
11.329591126568772
11.927645618988654
12.547457441984127
13.189333176188617
13.853567904069276
14.540445952902138
15.250241703435222
15.983220434684682
16.73963917859128
17.51974756230802
18.323788620067987
19.151999561306102