0.
0.
0.
0.
0.
0.
0.
3.971889227456797e-12
3.971889227456797e-12
4.096010765814822e-12
7.199049224765445e-12
1.948708152220991e-11
1.1344708605923476e-10
6.434460548480011e-10
3.0737457758981287e-9
1.2193699928292366e-8
4.153752105458975e-8
1.24517486065387e-7
3.350683269851787e-7
8.222183065450644e-7
1.8637262309180172e-6
3.943606397240384e-6
7.85814650911424e-6
0.000014853631942597142
0.000026798027058534344
0.00004638702576886233
0.00007738387966951037
0.00012489032010811913
0.0001956456514967129
0.0002983494210140965
0.0004440032138237334
0.000646266326196706
0.0009218204738138177
0.0012907387597947697
0.0017768545559663823
0.00240812652680577
0.0032169966407648402
0.004240738593454199
0.005521794881029465
0.007108101168496922
0.009053397379248748
0.01141752527123813
0.014266712792224587
0.01767384579262001
0.021718727982163195
0.0264883300819386
0.03207702935002503
0.038586840464313404
0.04612763892799482
0.054817377756846156
0.06478229828762323
0.07615713538844839
0.08908531748426908
0.10371916115944649
0.12022005998832015
0.1387586669433519
0.15951506932457474
0.18267895511807714
0.20844976919178806
0.23703685784357287
0.2686595999329078
0.30354752270563834
0.34194040071189435
0.3840883358900515
0.4302518173306312
0.4807017592279507
0.5357195156411526
0.595596871313183
0.6606360074292585
0.7311494420925213
0.8074599449794336
0.889900426235735
0.9788137996935131
1.074552820444891
1.177479897205262
1.2879668794966113
1.4063948197746685
1.5331537101787935
1.6686421935162146
1.8132672472752784
1.9674438391565297
2.131594551749163
2.306149173361021
2.491544251045266
2.6882226010461667
2.896632771263594
3.1172284492698674
3.350467809502946
3.5968127924553
3.8567283097295704
4.130681369230713
4.4191401167522315
4.7225727928710555
5.04144660736999
5.376226538158147
5.727374066785257
6.0953458686518625
6.4805924818136456
6.883556984223401
7.304673713449765
7.744367066062982
8.203050414284615
8.681125175475678
9.17898006516925
9.696990556885218
10.235518562764327
10.79491233852421
11.37550660589437
11.977622875915062
12.601569948795683
13.247644560248292
13.91613214118575
14.607307656859799
15.321436493029248
16.05877535963852
16.819573186663842
17.60407199149071
18.41250770190409
19.245110923424665
20.102107643826148