0.
0.
0.
0.
0.
0.
3.971889227456797e-12
5.9578338411851955e-12
3.971889227456797e-12
6.57844153297532e-12
1.4522219987888913e-11
8.812629223419768e-11
5.698419826016923e-10
3.024841889785067e-9
1.3005206546077134e-8
4.715352417913695e-8
1.4834410481167017e-7
4.143792593221127e-7
1.0466764693517194e-6
2.426246780458123e-6
5.2233607737515695e-6
0.00001054676710694432
0.00002013599289663489
0.000036598364594376544
0.00006369000562027217
0.00010663791276441802
0.00017249859569050914
0.0002705472096260165
0.0004126905774766087
0.0006138969203132164
0.0008926353248214172
0.0012713184171825194
0.0017767423762853514
0.002440519301175408
0.0032994979416132906
0.004396169810715454
0.005779058591704737
0.007503091771077218
0.009629954072944976
0.012228423134317414
0.015374688210609945
0.019152653197527496
0.02365422549316288
0.02897959239494145
0.03523748657176032
0.04254544231898625
0.05103004376516477
0.06082716620500258
0.07208221117960341
0.08495033559179503
0.09959667473155716
0.11619655860335462
0.13493572042202218
0.15601049598881908
0.17962801188636746
0.20600636061774247
0.23537476001824637
0.26797369460625764
0.30405503614744617
0.3438821408681272
0.38772992082105007
0.43588488704965606
0.48864516255220075
0.5463204632058872
0.609232045239872
0.6777126181966501
0.7521062225489628
0.832768071545623
0.9200643570172867
1.0143720190775023
1.1160784797521806
1.2255813403138152
1.3432880421295572
1.4696154903278145
1.6049896391639218
1.749845037224178
1.9046243298690209
2.0697777153950025
2.2457623504246027
2.4330416989608743
2.6320848186619115
2.8433655773107307
3.0673617917877585
3.30455428229065
3.555425835301444
3.8204600704974214
4.10014020996094
4.394947751970334
4.705361057288987
5.031853862416564
5.374893741843923
5.734940549170502
6.112444874531142
6.507846561851121
6.921573333438502
7.354039570212238
7.8056452929290865
8.27677538279531
8.767799069680805
9.27906970288051
9.810924805087677
10.363686395911692
10.937661558586361
11.533143213513831
12.150411055724035
12.789732610503425
13.451364361821616
14.135552911514345
14.842536132473596
15.572544285463787
16.325801076159284
17.102524635599426
17.902928413427556
18.72722197839837
19.575611725062267
20.448301488656643
21.345493072676657
22.267386695372423
23.214181362133377
24.186075171463372