9.71760541071631
10.08538509765087
10.471345229601303
10.875223144360419
11.29678024803085
11.735795759967038
12.192071139847691
12.665428777931151
13.15570475876127
13.662763975824973
14.186472314781517
14.726721736417128
15.283415526239589
15.85647265745148
16.445823159220176
17.051411163905556
17.673193248324704
18.31113634273967
18.965218963041373
19.63543116812803
20.32177443685862
21.024258110925956
21.742905656489036
22.477744904741378
23.228818740211064
23.99617792886707
24.779881159321654
25.579996291291103
26.396605912954634
27.229792385982947
28.079651470391866
28.946287692211992
29.829817488792244
30.730354697142655
31.648030607704907
32.582980351799634
33.53534789803443
34.50528093689207
35.49293876944071
36.49848429589381
37.52208773150625
38.56392539664364
39.624180254689
40.703038259205535
41.80069819335262
42.91735234963604
44.05320988620091
45.20847442165482
46.38333335866168
47.578091089692
48.79287846758568
50.02795169969731
51.283537973933875
52.559871384516015
53.857183676212465
55.1757142284086
56.515688157362355
57.87739102631332
59.261022676414484
60.66684412823413
NaN
63.546049761022054
65.01993235430325
66.51700359116592
68.03751532228871
69.58171783681642
71.14986332642722
72.74220432983783
74.35899270935028
76.00047975972495
77.66691605211885
79.35855121855865
81.07563374012072
82.81841073919763
84.58712777624639
86.38202865142938
88.2033552115701
90.05134716285157
91.92624188970257
93.82827428029525
95.75767655910808
97.71467812697185
99.6995054090265
101.71238171099884
103.75352708419294
105.8231581995608
107.92148823121975
110.04872674971622
112.20507962535703
114.39074894184814
116.60593292048353
118.85082585509468
121.12561805786949
123.43049581622057
125.76564136072064
128.131232844234
130.52744433215042
132.95444580375417
135.41240316462842
137.90147827000914
140.42182895892321
142.9736090989559
145.55696864143775
148.17205368682357