4.793453646981602
5.125705665097773
5.474265206205121
5.8389594315487825
6.219636015302927
6.6161648507775705
7.028432963616938
7.4563449439290945
7.899818609761155
8.358785776102337
8.83319087136175
9.322989204281074
9.828146369481878
10.348635223067227
10.884440572863308
11.435552695645326
12.001970433847621
12.583257534193846
13.180761972158885
13.793169938563004
14.420952965162288
15.064148798590038
15.722798262794075
16.396949775644753
17.08675656719381
17.791997178670073
18.513024936193258
19.249822808912537
20.002474879892684
20.771073322492352
21.555715680580892
22.356508770231404
23.173562966604784
24.006998697154277
24.85694514983626
25.72352977503244
26.606894664776966
27.507185284970703
28.424552964311705
29.359158957379286
30.311165475163456
31.280743730033716
32.26806823085744
33.273324824761886
34.29669654239461
35.33837673871919
36.398563906388524
37.47745825870774
38.575267904718544
39.6922004119097
40.82847794480658
41.984303038790834
43.15992910811627
44.355556311492556
45.571420056583506
46.80775341789622
48.06479593270527
49.34278016688171
50.64194866751595
51.962546407167196
53.30481472486483
54.66900107663786
56.05535326183209
57.46412036182274
58.89555251744439
60.34990070711558
61.827416525858965
63.32835196546402
64.8529591960728
66.40149034944153
67.97419730421704
69.5713314735182
71.19314359517587
72.83988352499902
74.51180003343372
76.20914060599836
77.93215124792334
79.68107629339679
81.45615821983748
83.25763746763893
85.08575226581085
86.94073846395706
88.82282937101647
90.73225560119343
92.6692449274959
94.63402214328534
96.62680893220875
98.64782374690574
100.69728169681223
102.7753944453957
104.8823701171
107.0184132142907
109.18372454439434
111.37850115744907
113.60293629426337
115.85721934525361
118.14153582002659
120.45606732800584
122.80099156967495
125.17648233888092
127.58270953587292
130.01983919108204
132.48803349952914
134.98745086569446