78.7562634250906
79.26634005159845
79.80402160842483
80.36902604352589
80.96113833809109
81.58010128278977
82.22567396886666
82.89762304764237
83.59572478622181
84.31976848354383
85.06955468860123
85.8448980551205
86.64563413501104
87.47160584467457
88.32267714652204
89.19872919419274
90.09965701640083
91.02537595743034
91.9758134795462
92.95091640857088
93.95064603487833
94.97497869926099
96.02390536269576
97.09743329054741
98.19557910947579
99.31838113856507
100.46588051292872
101.63813512726684
102.83521468507772
104.05720204156239
105.30418531553897
106.57626626037329
107.87355506817302
109.19617183283067
110.5442435220997
111.91790747387562
113.31730426262058
114.74258676804176
116.19391013636441
117.6714390320963
119.17533988265836
120.70578768728204
122.2629618124755
123.84704433705791
125.45822249886119
127.09668538671836
128.76263074159462
130.45625044846105
132.1777467937635
133.92731844638786
135.70516607828796
137.5115034336001
139.34652463776885
141.21195995182313
143.10344880874283
145.02576709802383
146.97759219574243
148.9591262707328
150.97058087377968
153.01215038562046
155.0840346624179
157.18643232353273
159.3195427100833
161.48355225850491
163.67865182292113
165.9050326361518
168.162872826838
170.45235058720132
172.7736463513798
175.1269317831206
177.5123701998069
179.9301283865315
182.38035365972692
184.86322469547656
187.3788659732758
189.92742771347545
192.50905403840645
195.12387282205341
197.77202352182812
200.4536156769034
203.16877609987208
205.9176457948336
208.700237054168
211.516698488969
214.36726251215143
217.2518488186129
220.17059198620936
223.1236081530861
226.1109439279624
229.13268407325134
232.18889479494035
235.27964111106402
238.40496066726467
241.56495243495988
244.75968649968064
247.98914243022887
251.25339830468155
254.5524924008482
257.8864639276533
261.2553477361611
264.659175755697
268.09797717939114
271.5717786513075
275.0806044542291