79.36637635612477
79.87712183905212
80.41550520196587
80.98127960715428
81.5741972937157
82.19401306118381
82.84048691137077
83.51338645718445
84.21249006879586
84.93758450315137
85.68847655427612
86.46497950532682
87.26692875041942
88.09416224925323
88.9465576889223
89.82398857476079
90.72635297770402
91.65356435826699
92.60555694250115
93.58227220311602
94.58367347560744
95.60974066557382
96.66046283796148
97.73584653610516
98.83591322289784
99.96069519185566
101.11023581799664
102.28460126041088
103.48385354886497
104.70807429297004
105.95735807063714
107.23180464358808
108.53152295492481
109.85663285799201
111.20725948325942
112.5835517534743
113.98563876347778
115.41367571004363
116.86781892319739
118.34823214004692
119.85508042561638
121.3885753628508
122.94880021627773
124.53602650063529
126.15041370880708
127.79214979724749
129.46143012708185
131.15845538613885
132.88341298919016
134.6365168127745
136.4179594447853
138.22794714705867
140.06668424842954
141.9343639551401
143.83122752167378
145.7574371664291
147.71322735181644
149.69878507860528
151.7143150288241
153.7600217726794
155.83610194648816
157.94275160761214
160.0801706053651
162.24854435109623
164.44806655655296
166.6789188648323
168.94128631451193
171.23534753905358
173.56127483890225
175.91923859908906
178.30941057864382
180.73194846902982
183.187008563862
185.67474945326816
188.1953107116739
190.74884011147404
193.33547724455335
195.95535175771573
198.60859150642798
201.29531973186687
204.01565282484816
206.76971556486262
209.5575814817007
212.3793845519419
215.23521036080894
218.12515162733993
221.04929330528807
224.00772120678266
227.0005024494327
230.02770117707635
233.08943710062834
236.1857240716127
239.31662666803257
242.48221458686467
245.68252974554642
248.91762027427274
252.18753110881923
255.49230248180754
258.8319714799987
262.2065719503926
265.61613488227044
269.06068854788026
272.54025868993114
276.05486870964785