62.649800200460746
63.14067586735032
63.65785901291546
64.20107589019506
64.77005848823357
65.36453312090858
65.98423466506804
66.62891730736204
67.29832608375496
67.99223138689442
68.7104047052298
69.45266861987332
70.21880759353407
71.00865738079766
71.8220630895594
72.65888717184167
73.51900788963992
74.40232090822812
75.30874167443264
76.238203751703
77.19063914234083
78.16602544515973
79.16433884966052
80.185570921541
81.22972096666375
82.29683120309483
83.38693569407748
84.50006685301865
85.63629532421123
86.7956939371819
87.97834875124141
89.18435437250005
90.41381658004437
91.66685323200281
92.94358587479063
94.24415004164801
95.56868685579461
96.9173450550147
98.29028360744717
99.6876648078414
101.1096580708334
102.55644031223791
104.02819178942579
105.52510047805575
107.04735606394252
108.59500096033919
110.16869436662854
111.76817996279482
113.39381634872379
115.04581101419085
116.72506436165432
118.42972544237897
120.16207338255781
121.92162598029556
123.70862674653208
125.52326474607419
127.36577018862755
129.23636240526858
131.135248403883
133.06266477278075
135.01880879219837
137.00389890598825
139.01815303486504
141.06168137609643
143.13498279232886
145.23798229595695
147.3709607309335
149.53414717237507
151.72771770440073
153.95187238278228
156.2068032055355
158.49269916851492
160.80973981465362
163.1581078185926
165.5379742910461
167.94951381795462
170.39289094285786
172.86826347366966
175.37579853956777
177.915636669111
180.4879276355604
183.09281777843236
185.73043849125648
188.40092583270413
191.10440860170826
193.84097344330056
196.6108274343354
199.41399727996537
202.25062112538987
205.12079988302568
208.0246062333974
210.9622079587356
213.93361819805162
216.93895022020956
219.97828048059796
223.05168646434416
226.15924025197765
229.30101006388932
232.47706041295007
235.6874522632395
238.932243194004
242.21148756848322
245.5252367066583
248.87353906149144