0.
0.
0.
0.
0.
0.
1.9859446137283985e-12
5.9578338411851955e-12
6.454319994617295e-12
1.4522219987888913e-11
1.0302087683716067e-10
7.834551501158532e-10
4.521002913152699e-9
2.071998076272017e-8
7.8471250129942e-8
2.543352100617384e-7
7.246592738818102e-7
1.8534474780835123e-6
4.326735452728558e-6
9.342578295350115e-6
0.000018862647287513746
0.00003592766939348358
0.00006503487303871214
0.00011257194183224768
0.0001872992950101012
0.00030087018237412504
0.00046837776921116424
0.0007089174989599999
0.001046154370222361
0.0015088855209868127
0.002131590357256273
0.0029549618587683553
0.004026414859797986
0.005400568454715277
0.007139701434043193
0.009314180841003094
0.0120028648829369
0.015293482185288136
0.019282989908429755
0.024077913651518002
0.029794671866598923
0.03655988770218192
0.044510690537774886
0.053795009227845206
0.06457185826725362
0.07701161764907977
0.09129630608455189
0.10761984688764195
0.1261883247467815
0.14722023104078008
0.17094669477489124
0.1976116954450306
0.2274722540862683
0.2607985981764848
0.2978742960758844
0.3389963568055693
0.38447529095745375
0.4346351290030601
0.4898133935498723
0.5503610226447755
0.6166422416613898
0.6890343818714935
0.767927644200527
0.8537248070405267
0.9468408772064582
1.047702683209297
1.1567484097849934
1.2744270723736846
1.401197929438964
1.5375298298584312
1.6839004913650961
1.8407957048702313
2.0087084581656818
2.1881379711813898
2.3795886339712258
2.5835688380020865
2.8005896914368877
3.0311636104557698
3.2758027813517576
3.5350174926175524
3.8093143429747065
4.099194339792062
4.405150913276675
4.727667883563973
5.067217430292699
5.424258125456885
5.799233098781291
6.192568408694472
6.604671689869966
7.03593113950546
7.48671488900392
7.95737078720873
8.448226597572747
8.959590587853015
9.491752469465686
10.044984627163426
10.619543569379212
11.215671525676113
11.833598120177331
12.473542056593166
13.135712760683099
13.820311937565785
14.527535013189166
15.257572440203342
16.01061085803351
16.786834104673794
17.586424083655977
18.409561493714826
19.25642643165114
20.127198880193788
21.02205909347928
21.941187892654906
22.884766883681223
23.852978608516718
24.84600664013493
25.864035630565215
26.90725132031939
27.97584051651841
29.069991046103535
30.189891689716895