 0.00000000000000E+00
 0.00000000000000E+00
 0.00000000000000E+00
 0.00000000000000E+00
 0.00000000000000E+00
 0.00000000000000E+00
 0.00000000000000E+00
 0.00000000000000E+00
 0.00000000000000E+00
 0.00000000000000E+00
 0.00000000000000E+00
 0.00000000000000E+00
 0.00000000000000E+00
 0.00000000000000E+00
 0.00000000000000E+00
 0.00000000000000E+00
 0.00000000000000E+00
-0.22509896015250E-16
-0.41033874291420E-17
-0.25974282216663E-15
 0.98087871525268E-16
 0.16583191582581E-15
 0.16198660599263E-18
-0.43630794554916E-16
-0.18675820722238E-16
 0.94957748847951E-16
 0.96271089415292E-16
-0.95310717927894E-16
-0.26877876704957E-15
-0.63778319173071E-15
-0.18828017095188E-14
-0.23939234469186E-14
-0.43308549366680E-14
-0.81681303989022E-14
-0.14262308388129E-13
-0.23070557662027E-13
-0.37100622802681E-13
-0.58183190861685E-13
-0.89193068296653E-13
-0.13463006933033E-12
-0.19728082958725E-12
-0.28412758846143E-12
-0.40375155149087E-12
-0.56181954111711E-12
-0.77057519287834E-12
-0.10426552124107E-11
-0.13905894849300E-11
-0.18325829505815E-11
-0.23855095106728E-11
-0.30719188779313E-11
-0.39147798121780E-11
-0.49396214577592E-11
-0.61758438514599E-11
-0.76543890737040E-11
-0.94083283044438E-11
-0.11475013032586E-10
-0.13892966872383E-10
-0.16703533812933E-10
-0.19950087644913E-10
-0.23678507512092E-10
-0.27937117945545E-10
-0.32775355221583E-10
-0.38245343985942E-10
-0.44399556528983E-10
-0.51293341991178E-10
-0.58983336603602E-10
-0.67525384265058E-10
-0.76978416456287E-10
-0.87401488758017E-10
-0.98853104767268E-10
-0.11139434998113E-09
-0.12508458669960E-09
-0.13998411732698E-09
-0.15615349134961E-09
-0.17365288786430E-09
-0.19254229657459E-09
-0.21288137662485E-09
-0.23472925366128E-09
-0.25814399868480E-09
-0.28318488177674E-09
-0.30990858500040E-09
-0.33837238007776E-09
-0.36863261067442E-09
-0.40074464784467E-09
-0.43476318598009E-09
-0.47074303944295E-09
-0.50873738836201E-09
-0.54879926238058E-09
-0.59098133849245E-09
-0.63533438194066E-09
-0.68191110840147E-09
-0.73076111658507E-09
-0.78193552827951E-09
-0.83548361178332E-09
-0.89145508182382E-09
-0.94989891109078E-09
-0.10108642219138E-08
-0.10743988171791E-08
-0.11405512981985E-08
-0.12093693940560E-08
-0.12809000803883E-08
-0.13551911215125E-08
-0.14322885904932E-08
-0.15122387537599E-08
-0.15950874862463E-08
-0.16808799024733E-08
-0.17696603324012E-08
-0.18614726844945E-08
-0.19563599165436E-08
-0.20543640281791E-08
-0.21555345353938E-08
-0.22598834621504E-08
-0.23674819732008E-08
-0.24783517178881E-08
-0.25925313193425E-08
-0.27100546194191E-08
-0.28309547196704E-08
-0.29552623252395E-08
-0.30830067774938E-08
-0.32142153563300E-08
