 0.00000000000000E+00
 0.00000000000000E+00
 0.00000000000000E+00
 0.00000000000000E+00
 0.00000000000000E+00
 0.00000000000000E+00
 0.00000000000000E+00
 0.00000000000000E+00
 0.00000000000000E+00
 0.00000000000000E+00
 0.00000000000000E+00
 0.00000000000000E+00
 0.00000000000000E+00
 0.00000000000000E+00
 0.00000000000000E+00
 0.00000000000000E+00
 0.00000000000000E+00
-0.13530246517908E-13
 0.19998974258979E-13
 0.63052543184327E-14
-0.48564769966479E-13
-0.12004689486099E-13
 0.36237587787642E-14
-0.23964559772081E-13
-0.32561636407998E-14
 0.32176577844534E-13
 0.55763359596716E-13
-0.84549507209607E-13
-0.20610512405980E-13
-0.13405628893011E-12
-0.37342362734548E-12
-0.50026106228282E-12
-0.52506658959949E-12
-0.38430650797872E-12
 0.11462256363710E-11
-0.29611555758725E-11
 0.45558040928591E-12
-0.38088942744290E-12
-0.60544331674730E-12
 0.63672565213525E-12
 0.50143859586250E-12
-0.27343493774817E-11
 0.37155367346759E-11
 0.27664615859883E-11
 0.10229574624886E-11
-0.90895328081245E-13
 0.11653314626174E-11
 0.47373340908428E-11
-0.40831684638894E-12
-0.51040160893116E-11
 0.42923680306538E-11
 0.17489425445993E-11
 0.66717033810473E-11
 0.54012006445163E-11
 0.44520441265387E-11
 0.79652005601247E-11
 0.12818534327645E-10
 0.12749237460568E-10
 0.14165823965593E-10
 0.33036034199128E-10
 0.47829663700119E-10
 0.46211683616039E-10
 0.51619152397426E-10
 0.40757631640438E-10
 0.45391495925109E-10
 0.66968658723763E-10
 0.59931221604827E-10
 0.66934700376766E-10
 0.91992892868624E-10
 0.12249360198343E-09
 0.95558812527977E-10
 0.11988063748111E-09
 0.12972206648751E-09
 0.19846746973527E-09
 0.18613598466444E-09
 0.22363924556777E-09
 0.21164657760314E-09
 0.25305706830600E-09
 0.34075634959010E-09
 0.29304768438002E-09
 0.39844652509192E-09
 0.37630001021241E-09
 0.47068340681589E-09
 0.58721756581701E-09
 0.51691158293809E-09
 0.57981308202370E-09
 0.72315754070093E-09
 0.78711666271793E-09
 0.83707723658757E-09
 0.87207068920151E-09
 0.95894263222312E-09
 0.10963678350571E-08
 0.11651132548969E-08
 0.13755055063964E-08
 0.14141541314440E-08
 0.15027966337779E-08
 0.17535281596381E-08
 0.18075220876340E-08
 0.19918029560688E-08
 0.21129291492493E-08
 0.23243555528036E-08
 0.26899166277726E-08
 0.28293510277521E-08
 0.31453255779927E-08
 0.31983032431966E-08
 0.35570251261275E-08
 0.36737001988107E-08
 0.39510101793985E-08
 0.43740557445559E-08
 0.44822977672698E-08
-0.50750846529103E-07
-0.66400582821238E-07
 0.54192261696009E-08
 0.55272129276403E-08
 0.60017001528179E-08
 0.64841092822861E-08
 0.67664604151184E-08
 0.73317007690735E-08
 0.75718036355451E-08
 0.79837483489639E-08
