 0.00000000000000E+00
 0.00000000000000E+00
 0.00000000000000E+00
 0.00000000000000E+00
 0.00000000000000E+00
 0.00000000000000E+00
 0.00000000000000E+00
 0.00000000000000E+00
 0.00000000000000E+00
 0.00000000000000E+00
 0.00000000000000E+00
 0.00000000000000E+00
 0.00000000000000E+00
 0.56941049215230E-09
 0.46310997077930E-09
 0.10194036256945E-09
 0.19386906354847E-09
-0.85683018094550E-10
 0.17294724539797E-09
 0.59603496194717E-10
 0.76352289217359E-09
 0.14621384427414E-08
 0.45114674100400E-08
 0.11559332603741E-07
 0.26597340166068E-07
 0.58108357398460E-07
 0.11701756134660E-06
 0.22677785689691E-06
 0.42025766126736E-06
 0.74308980403956E-06
 0.12651373513668E-05
 0.20808287432348E-05
 0.33164255203040E-05
 0.51371131696555E-05
 0.77511247146833E-05
 0.11419196911344E-04
 0.16457400998935E-04
 0.23244098804227E-04
 0.32223939199789E-04
 0.43910849004521E-04
 0.58891722503950E-04
 0.77826763155599E-04
 0.10144963967321E-03
 0.13056637515599E-03
 0.16605558925157E-03
 0.20886107287777E-03
 0.25999196353277E-03
 0.32051500480372E-03
 0.39155032537390E-03
 0.47426497795046E-03
 0.56986584538353E-03
 0.67959372779063E-03
 0.80471538281573E-03
 0.94651699459664E-03
 0.11062970143037E-02
 0.12853599392379E-02
 0.14850085657361E-02
 0.17065390175047E-02
 0.19512346106215E-02
 0.22203612450298E-02
 0.25151613948441E-02
 0.28368519379005E-02
 0.31866179259820E-02
 0.35656125405095E-02
 0.39749526089189E-02
 0.44157175684471E-02
 0.48889473321148E-02
 0.53956426820431E-02
 0.59367633276251E-02
 0.65132296101382E-02
 0.71259206677796E-02
 0.77756775506228E-02
 0.84633024445991E-02
 0.91895605298564E-02
 0.99551810980094E-02
 0.10760859899881E-01
 0.11607259528168E-01
 0.12495011925520E-01
 0.13424719666940E-01
 0.14396958040982E-01
 0.15412275315184E-01
 0.16471195594766E-01
 0.17574219674699E-01
 0.18721825683580E-01
 0.19914469140834E-01
 0.21152584961681E-01
 0.22436588014693E-01
 0.23766872795866E-01
 0.25143812548670E-01
 0.26567759643762E-01
 0.28039045877848E-01
 0.29557980449504E-01
 0.31124850327983E-01
 0.32739918202358E-01
 0.34403422201424E-01
 0.36115574314465E-01
 0.37876559254718E-01
 0.39686533235916E-01
 0.41545622978069E-01
 0.43453924264326E-01
 0.45411500998664E-01
 0.47418384357994E-01
 0.49474572244304E-01
 0.51580028133598E-01
 0.53734681454830E-01
 0.55938426681565E-01
 0.58191123987775E-01
 0.60492599181829E-01
 0.62842644477379E-01
 0.65241018756661E-01
 0.67687448942042E-01
 0.70181630800174E-01
 0.72723230187337E-01
 0.75311884138931E-01
 0.77947202536601E-01
 0.80628768857251E-01
 0.83356141904254E-01
 0.86128856059471E-01
 0.88946422738125E-01
 0.91808330284295E-01
