 0.00000000000000E+00
 0.00000000000000E+00
 0.00000000000000E+00
 0.00000000000000E+00
 0.00000000000000E+00
 0.00000000000000E+00
 0.00000000000000E+00
 0.00000000000000E+00
 0.00000000000000E+00
 0.00000000000000E+00
 0.00000000000000E+00
 0.00000000000000E+00
 0.00000000000000E+00
-0.27657145009522E-08
-0.28917900289432E-08
-0.38395605392822E-09
-0.24903865435031E-08
 0.14845472877878E-08
-0.20653179871505E-08
 0.32124526595546E-08
-0.34734841200307E-08
 0.60743789626152E-08
 0.66531101932690E-08
 0.87409517217019E-08
 0.22711297134241E-07
 0.46087695003438E-07
 0.13125012942738E-06
 0.24232125958054E-06
 0.40566583500953E-06
 0.73627227521181E-06
 0.12628219555521E-05
 0.20794257175103E-05
 0.33167083704211E-05
 0.51276843752423E-05
 0.77508520258209E-05
 0.11411949339758E-04
 0.16454374599021E-04
 0.23244205666486E-04
 0.32208265779865E-04
 0.43912494401385E-04
 0.58895722522389E-04
 0.77824931180401E-04
 0.10143904389006E-03
 0.13059359236855E-03
 0.16608446551476E-03
 0.20892880654687E-03
 0.26009653327391E-03
 0.32068527673342E-03
 0.39181876141611E-03
 0.47466124174778E-03
 0.57046000556170E-03
 0.68046802149803E-03
 0.80598079657223E-03
 0.94832065986867E-03
 0.11088563755345E-02
 0.12889064199297E-02
 0.14898747417024E-02
 0.17131592766391E-02
 0.19601638049475E-02
 0.22322468397107E-02
 0.25308683944344E-02
 0.28573484872862E-02
 0.32131993042225E-02
 0.35997742423431E-02
 0.40185028224401E-02
 0.44707873283256E-02
 0.49580979664640E-02
 0.54818433517890E-02
 0.60435266433295E-02
 0.66445449491240E-02
 0.72864868658792E-02
 0.79708051556080E-02
 0.86990547437827E-02
 0.94727960242894E-02
 0.10293681468543E-01
 0.11163277157203E-01
 0.12083265261497E-01
 0.13055327095306E-01
 0.14081214895533E-01
 0.15162537920922E-01
 0.16301198896312E-01
 0.17498952115522E-01
 0.18757502594516E-01
 0.20078520380043E-01
 0.21463942112577E-01
 0.22915545932126E-01
 0.24434953483552E-01
 0.26023695187830E-01
 0.27683514391695E-01
 0.29415988067343E-01
 0.31222485628815E-01
 0.33104443060464E-01
 0.35063053655130E-01
 0.37099523005609E-01
 0.39214846882339E-01
 0.41409932961794E-01
 0.43685528518468E-01
 0.46042282678184E-01
 0.48480601153024E-01
 0.51000811767532E-01
 0.53603076956625E-01
 0.56287423803912E-01
 0.59053657272948E-01
 0.61901534993095E-01
 0.64830573063616E-01
 0.67840241840388E-01
 0.70929803395200E-01
 0.74098435125662E-01
 0.77345115750113E-01
 0.80668790103043E-01
 0.84068221091036E-01
 0.87542015887287E-01
 0.91088650180316E-01
 0.94706467078800E-01
 0.98393543752477E-01
 0.10214784075085E+00
 0.10596690582899E+00
 0.10984817213687E+00
 0.11378850466183E+00
 0.11778433961140E+00
