 0.00000000000000E+00
 0.00000000000000E+00
 0.00000000000000E+00
 0.00000000000000E+00
 0.00000000000000E+00
 0.00000000000000E+00
 0.00000000000000E+00
 0.00000000000000E+00
 0.00000000000000E+00
 0.00000000000000E+00
 0.00000000000000E+00
 0.00000000000000E+00
 0.00000000000000E+00
-0.24586029173110E-07
 0.30239740692145E-07
 0.93698395370331E-07
 0.17470653690750E-06
-0.89115170435120E-07
-0.64320085997821E-08
-0.12772329891157E-06
 0.46704000946867E-06
-0.75856425273960E-07
-0.42933507675382E-06
-0.16861836587567E-06
 0.76332223845218E-06
-0.96416144013003E-06
 0.15781314379642E-05
-0.28435676448000E-06
-0.10045188332636E-05
 0.29091727902764E-05
 0.40589477695297E-05
-0.12267260323238E-04
-0.10086424559878E-05
-0.67075642528014E-05
-0.15171537049773E-04
-0.19391656625804E-04
-0.11603843697984E-04
-0.13348685084870E-04
-0.22626145643384E-04
-0.34849980694614E-04
-0.69804472515287E-04
-0.91467763634678E-04
-0.99946723057724E-04
-0.12048783495318E-03
-0.17161613335264E-03
-0.19721428211246E-03
-0.25635675980054E-03
-0.33981910999726E-03
-0.37974689526134E-03
-0.47126098748623E-03
-0.58038541520179E-03
-0.68325626092838E-03
-0.83815249619984E-03
-0.98107129602181E-03
-0.11173155641985E-02
-0.13111827597924E-02
-0.15212734080242E-02
-0.17702910767875E-02
-0.20175226843294E-02
-0.23378829722834E-02
-0.26812757056668E-02
-0.30539640063514E-02
-0.34615587592803E-02
-0.38590141134298E-02
-0.44385901119856E-02
-0.50142245550387E-02
-0.55808792183129E-02
-0.63139997443975E-02
-0.70011858990307E-02
-0.78598005816289E-02
-0.87205439213300E-02
-0.97709214537257E-02
-0.10847972444126E-01
-0.12078020385911E-01
-0.13330639722937E-01
-0.14840495418604E-01
-0.16338530917286E-01
-0.18036714277742E-01
-0.19656953796409E-01
-0.22053928086318E-01
-0.24057039367744E-01
-0.25898511184618E-01
-0.28982555151260E-01
-0.31692553196599E-01
-0.34154768595041E-01
-0.36952551642458E-01
-0.40403590568884E-01
-0.44124651992763E-01
-0.47152670571103E-01
-0.51253245097690E-01
-0.55278450070673E-01
-0.59605983773184E-01
-0.63860524533939E-01
-0.68354253212207E-01
-0.73178198921065E-01
-0.78160782906772E-01
-0.83014761480489E-01
-0.88340801592185E-01
-0.93938579178843E-01
-0.99316866123317E-01
-0.10509380157886E+00
-0.11097368586306E+00
-0.11675968587592E+00
-0.12266611523967E+00
-0.12887560382309E+00
-0.13470562185780E+00
-0.14082428890339E+00
-0.14681938306050E+00
-0.15272894969609E+00
-0.15845569716951E+00
-0.16442828377805E+00
-0.16937532383685E+00
-0.17415390429093E+00
-0.17837156138658E+00
-0.18177299684645E+00
-0.18403796327498E+00
-0.18473162337873E+00
-0.18378773702279E+00
-0.18085706646809E+00
-0.17465047151021E+00
