 0.00000000000000E+00
 0.00000000000000E+00
 0.00000000000000E+00
 0.00000000000000E+00
 0.00000000000000E+00
 0.00000000000000E+00
 0.00000000000000E+00
 0.00000000000000E+00
 0.00000000000000E+00
 0.00000000000000E+00
 0.00000000000000E+00
 0.00000000000000E+00
 0.00000000000000E+00
-0.38045840192814E-07
-0.63029892959899E-07
 0.39245864165765E-07
-0.14975799640486E-06
 0.10537810748446E-06
-0.13767596852556E-06
 0.30976928213102E-06
-0.56360382175191E-06
 0.60600853508412E-06
 0.26086058422515E-06
-0.56821830418162E-06
-0.10209157676972E-05
-0.24380809886735E-05
 0.37171825952536E-05
 0.34076466869127E-05
-0.51733030317657E-05
-0.24271025921642E-05
 0.10825224811134E-05
 0.23833597224000E-05
 0.22016429200863E-05
-0.20991689362539E-05
 0.42950371662985E-05
 0.24723897970017E-05
 0.11925436717648E-04
 0.25591376883072E-04
 0.78056751944149E-05
 0.45358007666772E-04
 0.57556793563883E-04
 0.62711088093701E-04
 0.59128761220094E-04
 0.13048798314471E-03
 0.14146413508843E-03
 0.21215267655486E-03
 0.25044768092563E-03
 0.33128829272945E-03
 0.42072604179681E-03
 0.48546132839304E-03
 0.58486963897557E-03
 0.72065896250551E-03
 0.86363593961455E-03
 0.97745852631904E-03
 0.12292386061536E-02
 0.14021041096713E-02
 0.15667549772271E-02
 0.18116721970555E-02
 0.21750587937834E-02
 0.24265597276722E-02
 0.29737656436384E-02
 0.31844714787031E-02
 0.37748242868148E-02
 0.43368757124441E-02
 0.50304421990156E-02
 0.56715164698247E-02
 0.64602435117065E-02
 0.72438229343907E-02
 0.83991708769715E-02
 0.92155220622526E-02
 0.10604143462562E-01
 0.12007055157522E-01
 0.13514166302768E-01
 0.14876260457508E-01
 0.16933098314772E-01
 0.19013396479699E-01
 0.21183473803361E-01
 0.23290543133613E-01
 0.27051140887637E-01
 0.28753719120942E-01
 0.31591001475064E-01
 0.35743697235497E-01
 0.40370768867699E-01
 0.42444301319001E-01
 0.46047453980900E-01
 0.52037534601606E-01
 0.58429126220976E-01
 0.61241157441785E-01
 0.66431199522424E-01
 0.72524487394930E-01
 0.78006904064491E-01
 0.84609951049016E-01
 0.90374944841648E-01
 0.96811952894551E-01
 0.10300602192284E+00
 0.10958664713989E+00
 0.11566361676748E+00
 0.12378095294722E+00
 0.13045717213089E+00
 0.13764581673356E+00
 0.14443755163555E+00
 0.15220228841977E+00
 0.15917855528280E+00
 0.16598820461503E+00
 0.17190718053479E+00
 0.17830844486306E+00
 0.18333736482515E+00
 0.18832925841228E+00
 0.19032844199465E+00
 0.19117846284041E+00
 0.19105893362137E+00
 0.18769767437928E+00
 0.18007280418298E+00
 0.16873360003909E+00
 0.14997415189582E+00
 0.12615001805848E+00
 0.87579432851218E-01
 0.42227218043522E-01
-0.17772228093563E-01
-0.95491248439876E-01
