 0.00000000000000E+00
 0.00000000000000E+00
 0.00000000000000E+00
-0.96019533499181E-15
 0.86442637196886E-15
 0.53645923641756E-15
-0.32325974456569E-15
-0.19251033289778E-14
-0.26236293476999E-13
-0.18943561557312E-12
-0.91812858183063E-12
-0.33840680206962E-11
-0.10102478109344E-10
-0.25589956154067E-10
-0.56868370427424E-10
-0.11369352060450E-09
-0.20841583261475E-09
-0.35553853494284E-09
-0.57105839582445E-09
-0.87169641484699E-09
-0.12741782893789E-08
-0.17945749192002E-08
-0.24478773250889E-08
-0.32477035042575E-08
-0.42062262904335E-08
-0.53342536944086E-08
-0.66414404194047E-08
-0.81365978542900E-08
-0.98280511245228E-08
-0.11724020973602E-07
-0.13832990183019E-07
-0.16164037257318E-07
-0.18727106482058E-07
-0.21533217437624E-07
-0.24594582513170E-07
-0.27924638928067E-07
-0.31537990514259E-07
-0.35450260348900E-07
-0.39677852946575E-07
-0.44237639594614E-07
-0.49146575369114E-07
-0.54421256065870E-07
-0.60077431890378E-07
-0.66129497080539E-07
-0.72589952579355E-07
-0.79468871179579E-07
-0.86773354692808E-07
-0.94506990173612E-07
-0.10266929284759E-06
-0.11125511862905E-06
-0.12025401202779E-06
-0.12964945258484E-06
-0.13941793500434E-06
-0.14952783054273E-06
-0.15993794649164E-06
-0.17059572777112E-06
-0.18143505353370E-06
-0.19237363496915E-06
-0.20331008434349E-06
-0.21412082400121E-06
-0.22465709158285E-06
-0.23474240068368E-06
-0.24417093670393E-06
-0.25270757158329E-06
-0.26009054600659E-06
-0.26603827645942E-06
-0.27026192584061E-06
-0.27248487287009E-06
-0.27246874698317E-06
-0.27004338566093E-06
-0.26513578838730E-06
-0.25779185475662E-06
-0.24818523759140E-06
-0.23661007165946E-06
-0.22345790072168E-06
-0.20918266607519E-06
-0.19425999805827E-06
-0.17914769001143E-06
-0.16425314164457E-06
-0.14991134722435E-06
-0.13637443749963E-06
-0.12381160384676E-06
-0.11231683310030E-06
-0.10192138454364E-06
-0.92608163485167E-07
-0.84325800026947E-07
-0.77001040884721E-07
-0.70548789197781E-07
-0.64879673479797E-07
-0.59905364729743E-07
-0.55542028695284E-07
-0.51712336841524E-07
-0.48346431683622E-07
-0.45382175085635E-07
-0.42764933978271E-07
-0.40447091998679E-07
-0.38387418793518E-07
-0.36550384721983E-07
-0.34905478285414E-07
-0.33426558704029E-07
-0.32091262995933E-07
-0.30880473374958E-07
-0.29777849661949E-07
-0.28769420130173E-07
-0.27843229505863E-07
-0.26989037023653E-07
-0.26198058035977E-07
-0.25462745275250E-07
-0.24776602857077E-07
-0.24134028806848E-07
-0.23530182122746E-07
-0.22960870366622E-07
-0.22422454155540E-07
-0.21911767446276E-07
-0.21426048928757E-07
-0.20962885005515E-07
-0.20520160453574E-07
-0.20096017325164E-07
-0.19688819759227E-07
-0.19297123994529E-07
