0.2267932688239642
0.3280263864467526
0.498464067261526
0.723557481474465
0.9761240422321316
NaN
1.5440337236263313
1.8557484834051474
2.184762110989098
2.5305804834961103
2.8928183967522045
3.271206976119369
3.6655426915388323
4.0756719238325
4.501475561914506
4.942865875576859
5.399771717418515
5.872143334278918
6.359946511175377
6.863156796772906
7.381764554882099
7.915767433646184
8.465174101967476
9.03000153211243
9.6102750614868
10.206026283030106
10.817296888458845
11.44413285734911
NaN
12.744738605032563
13.418638451035157
14.108368837097784
14.814022760255328
15.535671120179995
16.273431072776432
NaN
17.797695943068653
18.584429357485995
19.387732379529552
20.2077318099634
21.044568854924947
21.898388385025907
22.76933904877632
NaN
24.56328352447717
25.486604509031903
26.427722726563704
27.38681835002503
28.364076592334456
29.359687719778684
30.373846859250065
31.406753801191748
32.45861279869591
33.52963236332247
34.62002505799236
35.73000728737132
36.85979908612506
38.009623905310335
39.17970839721593
40.37028219892992
41.581577714841735
42.81382989834144
44.06727603290594
45.34215551281059
46.6387096236609
47.957181322949566
49.29781502087547
50.66085636163945
52.04655200543324
53.45514941140798
54.88689662183345
56.34204204776762
57.8208342564964
59.323521761062196
60.85035281220798
62.401575193059486
63.97743601692169
65.5781815285385
67.20405690920467
68.85530608610796
70.53217154633606
72.23489415590434
73.96371298425865
75.71886513464098
77.50058558074456
79.3091070100577
81.14465967430074
83.0074712473491
84.8977666910271
86.81576812912874
88.76169473002027
90.7357625981457
92.73818467476087
94.76917064813819
96.82892687353865
98.9176563031377
101.03555842613426
103.18282921917834
105.3596611072787
107.56624293526478
109.802759949886
112.06939379259047
114.3663225029621
116.69372053282012