 0.00000000000000E+00
 0.00000000000000E+00
 0.00000000000000E+00
 0.00000000000000E+00
 0.00000000000000E+00
 0.00000000000000E+00
 0.00000000000000E+00
 0.98550854406004E-16
-0.17227763266186E-15
-0.38162413879352E-15
 0.97362593109293E-17
 0.79347367293243E-16
 0.95023507279362E-16
 0.50538758042103E-15
 0.25937881654926E-14
 0.97091525615093E-14
 0.30837136565328E-13
 0.85500445579158E-13
 0.21271700217728E-12
 0.48143550672368E-12
 0.10048410986830E-11
 0.19560783950855E-11
 0.35829045943227E-11
 0.62238223818696E-11
 0.10320242234315E-10
 0.16424481579205E-10
 0.25204568293311E-10
 0.37443948195919E-10
 0.54036728223399E-10
 0.75978162292932E-10
 0.10435219347161E-09
 0.14031591097812E-09
 0.18508236436123E-09
 0.23990194264357E-09
 0.30604476407687E-09
 0.38478193291316E-09
 0.47736996329720E-09
 0.58503496004155E-09
 0.70896051393858E-09
 0.85027648989183E-09
 0.10100509334975E-08
 0.11892840873484E-08
 0.13889044860927E-08
 0.16097669361971E-08
 0.18526527649523E-08
 0.21182714544214E-08
 0.24072636668960E-08
 0.27202050215331E-08
 0.30576113661150E-08
 0.34199438332991E-08
 0.38076147178072E-08
 0.42209930199619E-08
 0.46604101870061E-08
 0.51261651224814E-08
 0.56185289796166E-08
 0.61377491482646E-08
 0.66840524497602E-08
 0.72576475026067E-08
 0.78587261938187E-08
 0.84874643821988E-08
 0.91440212751271E-08
 0.98285383854227E-08
 0.10541137425947E-07
 0.11281917408639E-07
 0.12050951440721E-07
 0.12848282675032E-07
 0.13673920041679E-07
 0.14527833868471E-07
 0.15409951169623E-07
 0.16320151242754E-07
 0.17258261340593E-07
 0.18224052660096E-07
 0.19217236684920E-07
 0.20237462111067E-07
 0.21284312234931E-07
 0.22357302893144E-07
 0.23455880930985E-07
 0.24579423168644E-07
 0.25727235870075E-07
 0.26898329411664E-07
 0.28092543433628E-07
 0.29308296563234E-07
 0.30544836645432E-07
 0.31801115206313E-07
 0.33076011620639E-07
 0.34368311454587E-07
 0.35676803518864E-07
 0.37000076525587E-07
 0.38336713060829E-07
 0.39685182648898E-07
 0.41043852507843E-07
 0.42410976265611E-07
 0.43784680334068E-07
 0.45162948098600E-07
 0.46543601908929E-07
 0.47924283301653E-07
 0.49302431783589E-07
 0.50675263132795E-07
 0.52039748177142E-07
 0.53392593433146E-07
 0.54730225637004E-07
 0.56048781913434E-07
 0.57344108396225E-07
 0.58611769720814E-07
 0.59847072046975E-07
 0.61045102099843E-07
 0.62200784041319E-07
 0.63308955061269E-07
 0.64364459381982E-07
 0.65362258684884E-07
 0.66297555204433E-07
 0.67165921883109E-07
 0.67963432638005E-07
 0.68686784647583E-07
 0.69333404427928E-07
 0.69901530207393E-07
 0.70390264566713E-07
 0.70799593662850E-07
 0.71130372002587E-07
 0.71384274600794E-07
