 0.00000000000000E+00
 0.00000000000000E+00
 0.00000000000000E+00
 0.00000000000000E+00
 0.00000000000000E+00
 0.00000000000000E+00
 0.00000000000000E+00
-0.27750094601679E-15
 0.10691650335970E-15
-0.34077844782153E-15
-0.49225956650793E-16
 0.18252887801006E-15
-0.89494070447875E-16
-0.40319439749665E-15
-0.19846994620019E-14
-0.10632246797386E-13
-0.31003818089886E-13
-0.86596988275012E-13
-0.21290803703236E-12
-0.48169405164981E-12
-0.10045831573147E-11
-0.19558413156278E-11
-0.35823852373733E-11
-0.62238873763978E-11
-0.10319817171138E-10
-0.16425154216187E-10
-0.25205386775850E-10
-0.37445681149447E-10
-0.54041797467626E-10
-0.75987975895169E-10
-0.10437230086347E-09
-0.14035483611967E-09
-0.18515330569598E-09
-0.24002884702923E-09
-0.30626236098379E-09
-0.38514440217333E-09
-0.47795703213802E-09
-0.58596123865673E-09
-0.71038718119572E-09
-0.85242536315478E-09
-0.10132219652365E-08
-0.11938739552878E-08
-0.13954313910461E-08
-0.16188953327212E-08
-0.18652239433260E-08
-0.21353356459485E-08
-0.24301135211158E-08
-0.27504157614286E-08
-0.30970786528317E-08
-0.34709258766747E-08
-0.38727737757763E-08
-0.43034375528516E-08
-0.47637358508010E-08
-0.52544954486213E-08
-0.57765506900762E-08
-0.63307475940289E-08
-0.69179382673907E-08
-0.75389809745345E-08
-0.81947322569950E-08
-0.88860411519279E-08
-0.96137413822984E-08
-0.10378637942685E-07
-0.11181499266143E-07
-0.12023041081822E-07
-0.12903917626403E-07
-0.13824700998616E-07
-0.14785875934698E-07
-0.15787819903151E-07
-0.16830794224858E-07
-0.17914931593256E-07
-0.19040223086894E-07
-0.20206513187440E-07
-0.21413489075739E-07
-0.22660673341024E-07
-0.23947421363678E-07
-0.25272913722355E-07
-0.26636155444679E-07
-0.28035969502074E-07
-0.29470995885534E-07
-0.30937484073024E-07
-0.32440291649953E-07
-0.33970869538328E-07
-0.35529256540771E-07
-0.37113061663978E-07
-0.38719643827832E-07
-0.40346839634291E-07
-0.41989163082369E-07
-0.43645301042662E-07
-0.45310527097814E-07
-0.46980413258361E-07
-0.48650008654160E-07
-0.50313763828982E-07
-0.51965448373519E-07
-0.53598061027540E-07
-0.55203741022187E-07
-0.56773677950529E-07
-0.58298035026885E-07
-0.59765887786242E-07
-0.61165192891501E-07
-0.62482798030071E-07
-0.63704508534939E-07
-0.64815223359977E-07
-0.65799158238897E-07
-0.66640166150441E-07
-0.67322161789028E-07
-0.67829650954185E-07
-0.68148351767839E-07
-0.68265886120396E-07
-0.68172501608152E-07
-0.67861773161259E-07
-0.67331225559588E-07
-0.66582810264922E-07
-0.65623179951196E-07
-0.64463712591137E-07
-0.63120262568791E-07
-0.61612641878724E-07
-0.59963865048050E-07
-0.58199216110130E-07
-0.56345214022584E-07
-0.54428563943238E-07
