 0.00000000000000E+00
 0.00000000000000E+00
 0.00000000000000E+00
 0.00000000000000E+00
 0.00000000000000E+00
 0.00000000000000E+00
 0.00000000000000E+00
 0.89982936221894E-15
-0.10310122311984E-14
 0.16021108257855E-14
-0.27431160538095E-15
-0.15611453269688E-14
-0.15275706903754E-15
-0.25633783012606E-14
-0.74085831937167E-14
-0.30618826302445E-15
-0.27811088399872E-13
-0.69154956194352E-13
-0.21272643713913E-12
-0.47906551861815E-12
-0.10101012568433E-11
-0.19619058857845E-11
-0.35917687073018E-11
-0.62247045972091E-11
-0.10337952213984E-10
-0.16423236609599E-10
-0.25213608349880E-10
-0.37471360119057E-10
-0.54060113185844E-10
-0.76062225128242E-10
-0.10450181086755E-09
-0.14058370170135E-09
-0.18560135313863E-09
-0.24078741701858E-09
-0.30758398708542E-09
-0.38734705517231E-09
-0.48150672636195E-09
-0.59155099076740E-09
-0.71898577514644E-09
-0.86535839272499E-09
-0.10322864095420E-08
-0.12214957105741E-08
-0.14346956081950E-08
-0.16738367720172E-08
-0.19408822849496E-08
-0.22379927088893E-08
-0.25676110618397E-08
-0.29321852803490E-08
-0.33345286794744E-08
-0.37775503641886E-08
-0.42644804668563E-08
-0.47987280078355E-08
-0.53839687604509E-08
-0.60239677872082E-08
-0.67228437262443E-08
-0.74846316900892E-08
-0.83136322455045E-08
-0.92140341747968E-08
-0.10190135897034E-07
-0.11246119453866E-07
-0.12385835903442E-07
-0.13613134491265E-07
-0.14931318117914E-07
-0.16343540428573E-07
-0.17852032265602E-07
-0.19459173712241E-07
-0.21166099413871E-07
-0.22973662036231E-07
-0.24881839307370E-07
-0.26889742290646E-07
-0.28996056491172E-07
-0.31198191370882E-07
-0.33492678592538E-07
-0.35875300970163E-07
-0.38340419747182E-07
-0.40881436168717E-07
-0.43490041183564E-07
-0.46156615572478E-07
-0.48869326132152E-07
-0.52385164766985E-07
-0.54375090729733E-07
-0.57131532943151E-07
-0.59859902535710E-07
-0.62531516857384E-07
-0.65112054901667E-07
-0.67290094035331E-07
-0.69827389327219E-07
-0.71854060522461E-07
-0.73570933269175E-07
-0.74895816866987E-07
-0.75732709120646E-07
-0.75970692057717E-07
-0.75482794658258E-07
-0.74126778578780E-07
-0.71745212526819E-07
-0.68169012511880E-07
-0.63221445836755E-07
-0.56725445131545E-07
-0.48513575369003E-07
-0.38441336260449E-07
-0.26403581875014E-07
-0.12354395421779E-07
 0.36715708260924E-08
 0.21537697898366E-07
 0.40986208181913E-07
 0.61625074856723E-07
 0.82924117241825E-07
 0.10422506958859E-06
 0.12476688633995E-06
 0.14372744221152E-06
 0.16028030891236E-06
 0.17366019846831E-06
 0.18323137349900E-06
 0.18854848552428E-06
 0.18940158660477E-06
 0.18583788258911E-06
 0.17815689619656E-06
 0.16687951031538E-06
 0.15269528180945E-06
 0.13639742044111E-06
