3.971889227456797e-12
5.9578338411851955e-12
5.9578338411851955e-12
3.971889227456797e-12
1.5018706141321012e-11
6.153945871790875e-10
1.3116171201369207e-8
1.3679285796591895e-7
8.776653836742078e-7
3.994068132781377e-6
0.000014122258065854777
0.00004124581620060994
0.00010384436292109852
0.00023241066439916278
0.00047299750149896536
0.0008905208048161699
0.0015716518771723659
0.002627239733173621
0.004194290386193135
0.006437585668408879
0.009551052072545411
0.013758995562958443
0.019317308904348997
0.026514738827609352
0.03567427666383163
0.04715470953200861
0.06135234300113631
0.07870287998024914
0.09968341642841977
0.12481449216553703
0.15466211529037643
0.1898396620300465
0.23100954012648542
0.278884492555231
0.3342284086035712
0.3978564977298169
0.47063466538599885
0.5534779027484387
0.647347458038159
0.7532464890745104
0.8722138005063623
1.005315149155188
1.153631479277063
1.318243380249814
1.5002111442817132
1.7005501904512688
1.9202024709585133
2.160005830418246
2.4206649023141256
2.702728338629638
3.0065771006426933
3.3324266789702865
3.680342923411994
4.050268015716758
4.442051387216583
4.855480532389298
5.29030813930841
5.7462737945295155
6.223120011527893
6.720603224466235
7.23850075283849
7.77661476671971
8.334774140471318
8.912834890166144
9.510679705977537
10.128216939028238
10.765379286929772
11.422122338522806
12.098423080221663
12.794278426634238
13.509703811760712
14.244731859802917
14.999411143766869
15.773805033119285
16.567990627813302
17.38205777362959
18.216108152778066
19.07025444324454
19.944619540401476
20.839335834727127
21.754544539894816
22.69039506594912
23.647044432893768
24.62465672034868
25.623402549575488
26.643458594466637
27.685007118595735
28.748235535674144
29.833335991212365
30.94050496332383
32.06994288102063
33.221853758446954
34.39644484380169
35.5939262818037
36.81451078880549
38.058413339698845
39.325850866004345
40.61704196453759
41.932206616270264
43.27156591495307
44.635341805310254
46.0237568305378
47.43703388901936
48.87539600016219
50.339066079327665
51.82826672187347
53.34321999636214
54.884147247018284
56.4512689055462
58.0448043124245
59.6649715478511
61.311987272456676
62.986066577984104
64.68742284808391
66.41626762938402
68.17281051300981
69.95725902670868
71.76981853770116
73.6106921664248
75.4800807112629