5.9578338411851955e-12
5.9578338411851955e-12
4.877976457470379e-11
1.2057290357636898e-8
4.030464663838716e-7
4.552662469820142e-6
0.000027331771394743065
0.00010972896629586787
0.0003353314940633023
0.0008440647436406451
0.0018413851337450767
0.003603656282894143
0.0064815374812297166
0.010903245338057104
0.01737914499087921
0.026508679105996854
0.03899030133788395
0.055634866053460845
0.07738280786612503
0.10532539037352256
0.14073028273905333
0.18507169553849157
0.24006516894376018
0.3077065292111924
0.3903125221583968
0.49055439212050633
0.6114580837396523
0.7563023252828895
0.9282771475861106
1.1297809004771597
1.36161842302916
1.6228592884531505
1.9115646986143195
2.2256274071966353
2.5632014327539365
2.922799693036834
3.303257567225371
3.7036673161400926
4.123318360890797
4.561650588312096
5.018219588116951
5.49267111076261
5.984722270795395
6.494147604470808
7.02076861845811
7.564445865014722
8.125072862458172
8.702571377178074
9.296887720607812
9.907989810066105
10.53586480978472
11.180517216199439
11.841967285998326
12.520249730359527
13.215412617262732
13.927516437279579
14.65663329856147
15.402846224366883
16.166248532420173
16.94694327982615
17.74504276081836
18.56066804722788
19.393948563721295
20.245021691465844
21.114032395163214
22.00113286943048
22.90648220127989
23.83024604608631
24.772596314950384
25.733710871725435
26.713773238334817
27.712972307225858
28.731502060053128
29.769561291755764
30.827353339477625
31.905085815726732
33.00297034537897
34.12122230615671
35.26006057228147
36.41970726106477
37.600387482261084
38.802329090023186
40.02576243736823
41.270920133107346
42.53803680117941
43.82734884242858
45.13909419885785
46.47351212042994
47.83084293452029
49.21132781815807
50.61520857322871
52.04272740479804
53.49412670281041
54.9696488273736
56.46953589790248
57.99402958640532
59.543370915208314
61.11780005944376
62.717556154627495
64.34287710967183
65.99399942568273
67.67115802090807
69.37458606218972
71.10451480329061
72.86117343044678
74.644788915505
76.45558587700887
78.29378644953385
80.15961016162541
82.05327382264221
83.9749914187694
85.92497401850996
87.9034296878597
89.91056341541747
91.94657704759913
94.01166923415167
96.10603538408688
98.2298676321441
100.38335481588416
102.56668246345237