0.059193470951305886
0.08328002205944435
0.11455598683596017
0.15461996088428323
0.2053863187722144
0.2691605942569478
0.348733552853197
0.44748807309616495
0.569471413992262
0.7192354138770617
0.900932361291674
1.1164166681720482
1.3642217582646452
1.6411020813913944
1.9439039615397693
2.270188037860233
2.618176152530968
2.986574140115746
3.3744249362509575
3.781008780555519
4.205773464321912
4.64828941800266
5.1082220605067725
5.585306288227152
6.079333706970229
6.590137755705233
NaN
7.661602419818566
8.222095048593143
8.799022762138184
9.392357095683645
10.00208715628893
10.628217890449067
11.270768686154636
11.929772230585495
12.605273564297587
13.297329287184688
14.006006882130084
14.731384130172081
15.473548597072533
16.232597175689033
17.008635672041635
17.80177842573603
18.61214795735261
19.439874637179525
20.285096370788203
21.147958298033572
22.028612502741193
22.92721773103047
23.843939116588967
24.77894791164285
25.732421222637313
26.70454174982354
27.69549753017666
28.70548168314383
29.734692158856003
30.78333148852385
31.851606536770873
32.93972825572963
34.047911440763336
35.176374487724026
36.32533915164297
37.49503030682713
38.685675708338245
39.89750575484209
41.13075325286157
42.3856531824634
43.66244246446781
44.96135972923485
46.28264508718531
47.62653990113285
48.993286560646
50.3831282585633
51.7963087699195
53.233072233450855
54.69366293598294
56.17832509991876
57.687302674161984
59.220839128737786
60.779177253473
62.362558961039475
63.97122509474329
65.60541524139306
67.26536754964457
68.95131855417168
70.66350300606436
72.40215370981397
74.1675013672836
75.95977442901524
77.77919895325337
79.62599847301345
81.50039387158088
83.40260326670641
85.33284190384266
87.29132205868974
89.2782529493148
91.29384065807963
93.33828806358352
95.41179478281487
97.51455712364373
99.64676804780558
101.80861714445187
104.00029061432531
106.22197126462304