 0.00000000000000E+00
 0.00000000000000E+00
 0.00000000000000E+00
 0.00000000000000E+00
 0.00000000000000E+00
 0.00000000000000E+00
 0.00000000000000E+00
 0.00000000000000E+00
 0.00000000000000E+00
 0.00000000000000E+00
 0.75316918316947E-16
 0.11549668745429E-16
 0.11769139959789E-15
-0.94187649922679E-17
-0.28584996682253E-16
 0.77997816986421E-16
 0.96169843394017E-16
 0.35455014911311E-15
 0.11127991924927E-14
 0.32731639088590E-14
 0.85182708089610E-14
 0.20784180076219E-13
 0.46280807047958E-13
 0.96622774940884E-13
 0.18897397561461E-12
 0.35085993505331E-12
 0.62091487397649E-12
 0.10526314566830E-11
 0.17182119953113E-11
 0.27100886789552E-11
 0.41444867720550E-11
 0.61634515996863E-11
 0.89363995748580E-11
 0.12661318693867E-10
 0.17565202114584E-10
 0.23903299471427E-10
 0.31958599089197E-10
 0.42040031879402E-10
 0.54480271387453E-10
 0.69633119637622E-10
 0.87870511292447E-10
 0.10957937809400E-09
 0.13515796978450E-09
 0.16501286191752E-09
 0.19955505016728E-09
 0.23919669228061E-09
 0.28434832298720E-09
 0.33541545516728E-09
 0.39279618368758E-09
 0.45687872797815E-09
 0.52803951968871E-09
 0.60664142569524E-09
 0.69303236074660E-09
 0.78754438992885E-09
 0.89049291364275E-09
 0.10021762568693E-08
 0.11228756385887E-08
 0.12528552182387E-08
 0.13923624282158E-08
 0.15416284415937E-08
 0.17008688985743E-08
 0.18702846722297E-08
 0.20500626335126E-08
 0.22403767068477E-08
 0.24413886761769E-08
 0.26532490953033E-08
 0.28760982702700E-08
 0.31100669636052E-08
 0.33552771781998E-08
 0.36118427179103E-08
 0.38798698624492E-08
 0.41594574884626E-08
 0.44506975763513E-08
 0.47536751255341E-08
 0.50684683019077E-08
 0.53951480634106E-08
 0.57337780412462E-08
 0.60844140410401E-08
 0.64471036199451E-08
 0.68218853651372E-08
 0.72087883671221E-08
 0.76078314549696E-08
 0.80190224630630E-08
 0.84423575655936E-08
 0.88778204899212E-08
 0.93253819082802E-08
 0.97849988301168E-08
 0.10256614020636E-07
 0.10740197842797E-07
 0.11235536578534E-07
 0.11742654879327E-07
 0.12261392867785E-07
 0.12791617538745E-07
 0.13333180501935E-07
 0.13885918156772E-07
 0.14449651924666E-07
 0.15024188546263E-07
 0.15609320400747E-07
 0.16204825906503E-07
 0.16810469775703E-07
 0.17426003301349E-07
 0.18051164568688E-07
 0.18685678444246E-07
 0.19329256432911E-07
 0.19981596280852E-07
 0.20642381225936E-07
 0.21311278993755E-07
 0.21987940228482E-07
 0.22671996494690E-07
 0.23363057671457E-07
 0.24060708740321E-07
 0.24764505773532E-07
 0.25473971225257E-07
 0.26188588323209E-07
 0.26907794613262E-07
 0.27630974608570E-07
 0.28357451594310E-07
 0.29086478645468E-07
 0.29817228905646E-07
 0.30548785514713E-07
