 0.00000000000000E+00
 0.00000000000000E+00
 0.00000000000000E+00
 0.00000000000000E+00
 0.00000000000000E+00
 0.00000000000000E+00
 0.00000000000000E+00
 0.00000000000000E+00
 0.00000000000000E+00
 0.00000000000000E+00
 0.10756914280392E-14
 0.30842031733848E-15
 0.28766653858155E-14
 0.35173553439065E-15
-0.12438747002499E-14
 0.96463402107393E-15
 0.26842986115761E-15
-0.22212641502398E-14
-0.21280636152824E-14
-0.23160777118003E-14
-0.17234911204945E-13
-0.21944553918054E-13
-0.35482366156711E-13
-0.10275101392549E-12
-0.20313219311858E-12
-0.35349499186702E-12
-0.61646572581517E-12
-0.10635803657458E-11
-0.17025887478646E-11
-0.27342549642977E-11
-0.41316462300933E-11
-0.61778765845933E-11
-0.89515624701968E-11
-0.12647620836398E-10
-0.17543835261908E-10
-0.23906507811993E-10
-0.31989879529785E-10
-0.42062569352755E-10
-0.54538615375329E-10
-0.69742553906592E-10
-0.88031025627861E-10
-0.10987313766376E-09
-0.13555697277950E-09
-0.16568237275292E-09
-0.20059627373342E-09
-0.24073201115120E-09
-0.28661281020404E-09
-0.33868503986781E-09
-0.39747718678501E-09
-0.46343457039444E-09
-0.53708426439619E-09
-0.61900208627800E-09
-0.70965934242182E-09
-0.80967494578046E-09
-0.91969099479395E-09
-0.10402573809106E-08
-0.11721113007916E-08
-0.13158519345968E-08
-0.14723057606755E-08
-0.16421911340915E-08
-0.18262985701735E-08
-0.20255258492500E-08
-0.22408972931284E-08
-0.24731393395004E-08
-0.27233361863250E-08
-0.29925878251717E-08
-0.32818448820456E-08
-0.35922627848155E-08
-0.39248428817164E-08
-0.42808152369476E-08
-0.46612558984843E-08
-0.50672095776040E-08
-0.54996613726722E-08
-0.59597315776398E-08
-0.64482412807798E-08
-0.69661707367561E-08
-0.75142598469275E-08
-0.80931561125923E-08
-0.87034691537974E-08
-0.93456437725707E-08
-0.10019910818466E-07
-0.10726488815502E-07
-0.11465478055428E-07
-0.12236596120025E-07
-0.13039741402197E-07
-0.13874316300347E-07
-0.14739804266512E-07
-0.15635473187356E-07
-0.16078695830615E-07
-0.17513373629846E-07
-0.18493207988463E-07
-0.19498451517639E-07
-0.20527487118096E-07
-0.21578221948906E-07
-0.22648578031802E-07
-0.23736162477978E-07
-0.24837804172655E-07
-0.25950255515803E-07
-0.27069837717452E-07
-0.28191580541277E-07
-0.29310325000707E-07
-0.30419541791279E-07
-0.31511540573538E-07
-0.32577365654820E-07
-0.33606193273199E-07
-0.34584830786739E-07
-0.35498096921818E-07
-0.36327654056826E-07
-0.37051993540067E-07
-0.37645850417316E-07
-0.38079518695457E-07
-0.38318842662999E-07
-0.38324562416790E-07
-0.38051865702077E-07
-0.37450762277398E-07
-0.36465946893128E-07
-0.35037338922776E-07
-0.33101144116818E-07
-0.30591638747677E-07
-0.27443481082813E-07
