 0.00000000000000E+00
 0.00000000000000E+00
 0.00000000000000E+00
 0.00000000000000E+00
 0.00000000000000E+00
 0.00000000000000E+00
 0.00000000000000E+00
 0.00000000000000E+00
 0.00000000000000E+00
 0.00000000000000E+00
 0.25222184511903E-15
 0.94210272436922E-15
 0.18102158090140E-14
-0.59381105259664E-15
-0.10617313204240E-14
 0.69845120024250E-14
 0.30245058525012E-14
 0.43754897811409E-14
 0.33803244203394E-14
 0.20253604406283E-13
 0.82801060968413E-14
 0.32722759925596E-13
 0.39907920043700E-13
 0.13525037855950E-12
 0.16474285250703E-12
 0.36310480186068E-12
 0.66965321974006E-12
 0.10178645055179E-11
 0.16867468332525E-11
 0.27082465757453E-11
 0.41318004255463E-11
 0.61840253569276E-11
 0.89283654460557E-11
 0.12622620768933E-10
 0.17598347290385E-10
 0.23942889230133E-10
 0.31994173916310E-10
 0.42079536117914E-10
 0.54543424395156E-10
 0.69795225812905E-10
 0.88169231676058E-10
 0.11023600131935E-09
 0.13594911029571E-09
 0.16639497694291E-09
 0.20175549823301E-09
 0.24237418871638E-09
 0.28915556998490E-09
 0.34239160931054E-09
 0.40285607967190E-09
 0.47075240535028E-09
 0.54722328395895E-09
 0.63287352312824E-09
 0.72830796368722E-09
 0.83471825351847E-09
 0.95295178841241E-09
 0.10836070395969E-08
 0.12280210712223E-08
 0.13873688850044E-08
 0.15629424923181E-08
 0.17561692133100E-08
 0.19682378862918E-08
 0.22011093686906E-08
 0.24559482297253E-08
 0.27349705448940E-08
 0.30399954078201E-08
 0.33724324820158E-08
 0.37345981177787E-08
 0.41283395209713E-08
 0.45558737490146E-08
 0.50184296642171E-08
 0.55192164283798E-08
 0.60584333348076E-08
 0.66385893186150E-08
 0.72603106070365E-08
 0.79266548521023E-08
 0.86374038820879E-08
 0.93935918999948E-08
 0.10195999866811E-07
 0.11045775216865E-07
 0.11941751251234E-07
 0.12884406677194E-07
 0.13873485056792E-07
 0.14907722290128E-07
 0.15986608947581E-07
 0.17107640126711E-07
 0.18269748408519E-07
 0.19471345643179E-07
 0.20709462786189E-07
 0.24828023678918E-07
 0.23281966170104E-07
 0.24609832194438E-07
 0.25958193962112E-07
 0.27322588992513E-07
 0.28695641248417E-07
 0.30069562667940E-07
 0.31434945971250E-07
 0.32779703404245E-07
 0.34088375555662E-07
 0.35345712015487E-07
 0.36529122643563E-07
 0.37611872826098E-07
 0.38562859428702E-07
 0.39343434155792E-07
 0.39906420901786E-07
 0.40197141432475E-07
 0.40144120835497E-07
 0.39668931360015E-07
 0.38675858696018E-07
 0.37054059682614E-07
 0.34671727359216E-07
 0.31383096437477E-07
 0.27019043727667E-07
 0.21395161202874E-07
 0.14311284449851E-07
 0.55564746560255E-08
-0.50834619654227E-08
-0.17814991484096E-07
-0.32815222967184E-07
-0.50224245154934E-07
-0.70105941751997E-07
