0.
0.
0.
0.
0.
0.
0.
0.
0.
0.
0.
0.
0.00001525971701512921
0.00003051943403025842
0.00003051943403025842
0.00003147316634370399
0.00003624182791093187
0.00007725231738909162
0.00019360765962945185
0.0006361394530681988
0.0021268230589836334
0.0065960126797896005
0.018938262548088794
0.05012054053619189
0.12303146843447924
0.28337675990020317
0.6157248128988962
1.270174972652937
2.5004705823514604
4.719482360485056
8.573956217179752
15.045652751108662
25.5810701038376
42.255310430992054
67.9750160176444
106.72210033967662
163.84378950508662
246.38968842074186
363.49919639542384
526.8389517251069
751.0913667645362
1054.4937050890242
1459.425580599533
1993.0439544044311
2687.9620854086484
3582.970196200485
4723.793403167379
6163.884144063175
7965.244076857618
10199.272010709332
12947.633285424814
16303.146660488948
20370.684932118464
25268.08471186796
31127.06284321289
38094.135264455865
46331.536007063
56018.13293605061
67350.33924340202
80543.01675846103
95830.37173909984
113466.84006692101
133727.96179880676
156911.24424983727
183337.01353414037
213349.2536929154
247316.43405721497
285632.3255598308
328716.805467915
377016.6512230251
431006.32523406413
491188.7495577969
558096.0723181374
632290.4256200504
714364.6767262896
804943.1730882833
904682.4772207252
1.0142721003239152e6
1.1344352261093603e6
1.2659294305109773e6
1.4095473940392e6
1.5661176083545191e6
1.7365050755993302e6
1.9216119997117561e6
2.1223784705750286e6
2.339783137886594e6
2.5748438758923663e6
2.828618436969947e6
3.1022050937641915e6
3.396743267750212e6
3.713414145213791e6
4.053441278252478e6
4.418091170647622e6
4.808673848243985e6
5.22654341300813e6
5.6730985809839945e6
6.149783203534301e6
6.658086773120069e6
7.1995449124556035e6
7.775739849216365e6
8.3883008763521435e6
9.038904799123326e6
9.729276370875506e6
1.0461188717506621e7
1.123646375405724e7
1.2056972593521234e7
1.2924635951033717e7
1.3841424543663241e7
1.4809359488762882e7
1.5830512701705234e7
1.6907007294138134e7
1.8041017974128764e7
1.9234771447921515e7
2.0490546823203616e7
2.1810676013436176e7
2.3197544139806554e7
2.4653589928987205e7
2.6181306101283718e7
2.7783239742552314e7
2.9461992653029308e7