0.
0.
0.
0.
0.
0.
0.
0.
0.
0.
0.
0.
0.00001525971701512921
0.00003051943403025842
0.00003051943403025842
0.00003242689865714957
0.00004101048947815975
0.00010395682216556774
0.00030519434030258413
0.001055781670984252
0.0035173647719872825
0.01075428556641231
0.030218054619209612
0.07832145131246411
0.18909841325148113
0.42834979393781136
0.9166216353970946
1.8641403828205723
3.621655400462556
6.751643672429963
12.125054501093606
21.047893628390256
35.42403392531863
57.95665700879148
92.39559322607226
143.83149371073117
219.04193983919473
326.89031983500087
478.77941145855385
689.1597346824431
976.0923071653854
1361.864322332241
1873.6557023968246
2544.253485828898
3412.8109181621594
4525.646797935716
5937.081775947777
7710.30628218032
9918.275724699268
12644.628239555208
15984.621114762822
20046.080282320443
24950.359501103714
30833.305368017325
37846.223975288805
46156.84651102686
55950.290471657354
67430.01486107706
80818.76606993523
96359.51383800658
114316.37544464631
134975.52749118782
158646.10406976513
185661.0821826421
216378.1528727239
251180.57932131639
290478.04218590085
334707.47217697086
384333.87072847394
439851.12018482893
501782.7828512098
570682.8909404557
647136.7271638662
731761.5982758225
825207.5979194394
928158.3653950125
1.0413318347576179e6
1.1654809781312812e6
1.3013945410117935e6
1.44989777041749e6
1.6118531349743127e6
1.7881610361817135e6
1.9797605110396459e6
2.1876299234940023e6
2.4127876455502687e6
2.6562927258522725e6
2.919245544805681e6
3.202788455550966e6
3.5081064092274494e6
3.836427564356751e6
4.189023877658017e6
4.567211678252954e6
4.972352221962652e6
5.405852227221209e6
5.869164391156509e6
6.3637878869301425e6
6.891268841481954e6
7.453200795615282e6
8.051225145584547e6
8.687031568787009e6
9.362358433511902e6
1.0078993195009265e7
1.0838772779076306e7
1.1643583954818903e7
1.2495363698811404e7
1.339609955135856e7
1.4347829968190044e7
1.5352644667034363e7
1.6412684971943898e7
1.753014415565618e7
1.870726777943161e7
1.994635403171617e7
2.1249754062670656e7
2.2619872313098658e7
2.4059166834488597e7
2.5570149594578125e7
2.71553867619526e7
2.8817498961224765e7
3.0559161487299275e7
3.2383104466082346e7