0.
0.
0.
0.
0.
0.
0.
0.
0.
0.
0.
0.00001525971701512921
0.00003051943403025842
0.00003051943403025842
0.00003051943403025842
0.00004959408029916993
0.00005245527723950665
0.0001592732963454111
0.000536951292469859
0.0018960198391298041
0.006225010809859271
0.01860922489995007
0.051165831151728236
0.12974479018882265
0.3069244107191745
0.6824107299873244
1.4353232600491728
2.8726970445722535
5.498405078199192
10.108775693364509
17.919052696395926
30.72852744146128
51.12701806150026
82.75028279669432
130.58655814359898
201.3391345000848
303.8464437762439
449.5619250392385
653.0936863130054
932.80328347541
1311.462501339774
1816.9653463000288
2483.09168644184
3350.3195196031943
4466.680703970248
5888.655109779415
7682.099263702313
9923.202936633748
12699.469354475385
16110.713219870362
20270.072584992296
25305.02890545007
31358.431247696863
38589.52145494012
47174.955569652215
57309.81923230783
69208.63448794693
83106.35505066918
99259.34969320754
117946.37082980746
139469.5086014213
164155.13002545474
192354.80150765288
224446.19713479144
260833.99060322874
301950.7335281604
348257.71935533086
400245.8339071406
458436.394202614
523381.975031445
595667.2251504806
675909.674433101
764760.5293992766
862905.4618062722
971065.3879719301
1.0899972397384937e6
1.2204947264494076e6
1.3633890888232116e6
1.5195498428790497e6
1.6898855143820818e6
1.8753443622971312e6
2.0769150903349814e6
2.2956275460314862e6
2.53255340518975e6
2.7888068413973507e6
3.065545178512764e6
3.3639695255907155e6
3.6853253920347537e6
4.0309032833804754e6
4.402039275008429e6
4.800115564350355e6
5.226561000349867e6
5.682851589873324e6
6.1705109816841595e6
6.691110926496641e6
7.24627171587871e6
7.837662598745937e6
8.467002177499956e6
9.136058784671655e6
9.846650841526447e6
1.0600647200549532e7
1.139996747299954e7
1.2246582343677394e7
1.3142513874738693e7
1.408983579991249e7
1.5090673810795533e7
1.6147205835932454e7
1.726166231450547e7
1.843632646284724e7
1.9673534534723975e7
2.0975676073188454e7
2.23451941507165e7
2.3784585593748897e7
2.529640118627325e7
2.6883245843701728e7
2.854777874776413e7
3.0292713429947056e7
3.212081778796104e7
3.403491401757255e7
3.6037878437914565e7