0.
0.
0.
0.
0.
0.
0.
0.
0.
0.
0.
0.
0.
0.00001525971701512921
0.
0.00003051943403025842
0.00003051943403025842
0.000018120913955465935
0.000042917954105050895
0.00010395682216556774
0.00027372117395888017
0.0008278396480707596
0.0025283443629442208
0.007262671566888058
0.019237734494510706
0.04755213941608295
0.11028674352990601
0.24194567447181395
0.5042916831282288
1.0039501346777389
1.917314774224417
3.5256994386744833
6.263874447899865
10.7839065846033
18.038005051725797
29.383057210126445
46.71005482217857
72.60120046829897
110.51728447337365
165.01714634194016
242.01242905762896
349.05719611359046
495.67496918397256
693.7231282587774
957.7941716251675
1305.6545214287567
1758.7187441768945
2342.559167109301
3087.4476095968935
4028.929125611973
5208.424142624329
6673.857064661556
8480.308446863515
10690.689495956509
13376.433270580274
16618.203224283352
20506.613986811513
25142.963104734205
30639.970794376113
37122.52510145731
44728.43155662739
53609.1637647037
63930.614549935344
75873.84527773116
89635.8324391758
105430.21019744338
123488.00854608853
144058.38510403567
167409.35167171652
193828.4940605338
223623.6855580689
257123.79359794708
294679.380382086
336663.3972016348
383471.87239270384
435524.59475518955
493265.7908038129
557164.7984359849
627716.7353846645
705443.1649912283
790892.75773137
884641.9503271047
987295.6037038005
1.0994876548614483e6
1.2218817706114282e6
1.3551719973428904e6
1.5000834091010296e6
1.6573727538504063e6
1.8278290972938521e6
2.012274464360454e6
2.211564478257707e6
2.4265889958842197e6
2.6582727403364065e6
2.907575929189181e6
3.17549489869659e6
3.463062722709724e6
3.7713498272065017e6
4.101464598334168e6
4.4545539850975415e6
4.831804095793639e6
5.234440788444458e6
5.663730254524073e6
6.120979596795475e6
6.607537401634848e6
7.124794305326338e6
7.674183556177574e6
8.257181572170768e6
8.87530849617512e6
9.53012874835429e6
1.022325157891628e7
1.0956331620832767e7
1.1731069445793524e7
1.2549212123288112e7
1.3412553786472423e7
1.4322936205314131e7
1.528224936891778e7
1.6292432080328532e7
1.7355472563155517e7
1.8473409083860233e7
1.964833058956406e7