 0.00000000000000E+00
 0.00000000000000E+00
 0.00000000000000E+00
 0.00000000000000E+00
 0.00000000000000E+00
 0.00000000000000E+00
 0.00000000000000E+00
 0.00000000000000E+00
 0.00000000000000E+00
 0.00000000000000E+00
 0.00000000000000E+00
 0.00000000000000E+00
 0.00000000000000E+00
 0.00000000000000E+00
 0.00000000000000E+00
 0.00000000000000E+00
 0.00000000000000E+00
-0.23845020212757E-16
 0.20811842865647E-16
-0.45566735581753E-16
 0.18923829814647E-16
-0.49318283534319E-17
-0.87128577755957E-17
 0.33234933062310E-17
 0.56679741190058E-17
-0.24855040877378E-16
 0.78132262657327E-18
 0.11663655148850E-17
-0.41475906482125E-17
 0.88171595238624E-18
 0.38727325242438E-17
 0.33459085796831E-17
 0.26051802357649E-16
 0.33452255457174E-16
 0.89190769496023E-16
 0.15290056825842E-15
 0.29380204462472E-15
 0.52511518459656E-15
 0.91480277107829E-15
 0.15285975554570E-14
 0.25437472813165E-14
 0.40776267322648E-14
 0.63990148534433E-14
 0.97840514546802E-14
 0.14755783815013E-13
 0.21797003940121E-13
 0.31713655520620E-13
 0.45435851319811E-13
 0.64063603755818E-13
 0.89056996428348E-13
 0.12220021364199E-12
 0.16549628281949E-12
 0.22163753653132E-12
 0.29348199548010E-12
 0.38460592159272E-12
 0.49895557447463E-12
 0.64131390455062E-12
 0.81697131303015E-12
 0.10319762069632E-11
 0.12931436267505E-11
 0.16081097821415E-11
 0.19853266965049E-11
 0.24341939687370E-11
 0.29649891100133E-11
 0.35889723066826E-11
 0.43183792666002E-11
 0.51664889200678E-11
 0.61475619958900E-11
 0.72769236694463E-11
 0.85709800342396E-11
 0.10047110114313E-10
 0.11723802483855E-10
 0.13620600515342E-10
 0.15758022668545E-10
 0.18157598369980E-10
 0.20841947922368E-10
 0.23834568271252E-10
 0.27159883634908E-10
 0.30843275136068E-10
 0.34910970333211E-10
 0.39390088429037E-10
 0.44308415834971E-10
 0.49694587159212E-10
 0.55577924577259E-10
 0.61988405529952E-10
 0.68956569204629E-10
 0.76513591643745E-10
 0.84691120590439E-10
 0.93521283954163E-10
 0.10303661543311E-09
 0.11327002749554E-09
 0.12425475534909E-09
 0.13602430686701E-09
 0.14861244044897E-09
 0.16205308564447E-09
 0.17638030661994E-09
 0.19162829545863E-09
 0.20783130014039E-09
 0.22502362525875E-09
 0.24323954748898E-09
 0.26251330837117E-09
 0.28287909052259E-09
 0.30437099642871E-09
 0.32702299512415E-09
 0.35086892950346E-09
 0.37594247586677E-09
 0.40227711550969E-09
 0.42990615205906E-09
 0.45886268884528E-09
 0.48917957779324E-09
 0.52088945538512E-09
 0.55402471852587E-09
 0.58861750778489E-09
 0.62469971341238E-09
 0.66230297157908E-09
 0.70145866743817E-09
 0.74219791271813E-09
 0.78455157760821E-09
 0.82855024618468E-09
 0.87422428067246E-09
