0.
0.
0.
0.
0.
0.
0.
0.
0.
0.
0.
0.
0.
0.
1.9859446137283985e-12
1.9859446137283985e-12
3.971889227456797e-12
0.
2.358309228802473e-12
3.7236461507407475e-12
9.060872300135818e-12
3.053389843607413e-11
9.470473376717301e-11
2.756739366931733e-10
7.549071962935075e-10
1.950197610681287e-9
4.727168788365379e-9
1.078640992638908e-8
2.3328519012852424e-8
4.8071527076832896e-8
9.481135416862254e-8
1.7969993607475114e-7
3.2846270283530294e-7
5.808067551787019e-7
9.96312541582952e-7
1.6620471010739036e-6
2.7023315594432614e-6
4.290810831760057e-6
6.665258591222917e-6
0.0000101453720776283
0.000015153777309428369
0.000022240550534848985
0.0000321114232379016
0.00004565981393554419
0.0000640028362083236
0.00008852131883562362
0.00012090392144519291
0.0001631951839465879
0.00021784768898003247
0.000287777885950659
0.0003764258039146678
0.00048781818326913923
0.0006266349792034349
0.0007982789235053045
0.0010089479965205805
0.001265710452292918
0.0015765821518676588
0.0019506059918913898
0.002397933098592136
0.0029299055135763256
0.0035591401949416983
0.004299613968044101
0.005166749329351619
0.006177500760686468
0.007350441460391142
0.008705850233370123
0.010265798423705282
0.012054236796629689
0.014097082110197579
0.016422303469245145
0.019060008199000972
0.02204252733987752
0.02540450062939246
0.029182960967247852
0.033417418397576615
0.038149943483738125
0.04342525034699272
0.04929077909983546
0.05579677790137981
0.06299638469399717
0.07094570845948199
0.07970391034985409
0.08933328444405866
0.09989933846147205
0.11147087418446647
0.12412006794390461
0.13792255095469513
0.1529574896712078
0.169307666123574
0.18705955837947363
0.2063034209384006
0.22713336521281272
0.24964744008090034
0.27394771245238714
0.300140347862507
0.32833569103532256
0.3586483464609456
0.3911972588819002
0.42610579371916313
0.4635018173446656
0.5035177772871421
0.5462907821897355
0.5919626816674372
0.6406801459528987
0.6925947453890784
0.7478630297605295
0.8066466075313492
0.8691122249918979
0.9354318454571534
1.005782728482318
1.0803475093872401
1.1593142790264717
1.242876664056557
1.3312339078671238
1.4245909523681646
1.5231585207386384
1.6271532015553056
1.736797534347717
1.8523200969594231
1.9739555948994676