88.82307085894752
89.34373430588755
89.8926976141901
90.46972815999763
91.07459423427849
91.70706559570607
92.36691845449342
93.05393561158739
93.7679106233917
94.50864827503962
95.27596612914121
96.06969579179659
96.88968529156094
97.73579567608718
98.60790484921499
99.5059021883314
100.42971693408438
101.37925487703795
102.3544283155748
103.35530489062982
104.38174609628243
105.43377701856468
106.5113951081679
107.6146222285033
108.743479004617
109.8980085746543
111.07826804809848
112.28430720275779
113.51620643947108
114.77407161455827
116.05797352082143
117.36802350216551
118.70433380699193
120.06703376308988
121.45624442541278
122.8721085317875
124.3147676577956
125.7843738639299
127.28108266195163
128.80505704370722
130.35646610366248
131.93547962649427
133.5422764689702
135.17703598568315
136.83994186612148
138.5311833281232
140.2509398202666
141.9994273426367
143.77681751759528
145.58331078594713
147.41911065142133
149.28440311665284
151.17940507051082
153.10429699787971
155.05928097945926
157.04455598479595
159.06031572716245
161.10675707979743
163.1840707467665
165.29244972820254
167.43208093211447
169.60315218995314
171.80584005125706
174.04034208004626
176.30681611995058
178.60544403817462
180.93639255914624
183.29982525235164
185.69590837992007
188.12485451661405
190.58663593403736
193.08157330559777
195.60977025082948
198.17134002551518
200.7664180658153
203.39514885643996
206.05763267592675
208.7539960009311
211.48434679362788
214.24879291318325
217.0474288235998
219.88036195993675
222.7476702313889
225.6494367515294
228.58575545939271
231.55668709848038
234.56230196396342
237.60267505630023
240.67785512187544
243.7879027710471
246.93286858908024
250.1127986533564
253.32773598379282
256.57772166384785
259.8627600556172
263.1829363103034
266.5382887944686
269.9287755388898
273.3544518403246
276.81533609642275
280.3114450428447
283.84279295608314
287.40939189061396
291.0112518695832