123.9311505020474
124.48315957374473
125.06556775448378
125.67820402376786
126.320900241524
126.99349353895566
127.69582738541295
128.42775518185206
129.18914077776853
129.97985522649427
130.79978850311727
131.64881914150104
132.52691740909833
133.4339519202705
134.3698778089217
135.33465447096557
136.32824009487388
137.35061696507506
138.40177203966357
139.48171791682088
140.59045999782833
141.72803115767542
142.89446629443665
144.08981434744433
145.3141338591187
146.56749599600946
147.849974744819
149.16165931654123
150.5026435122604
151.87302996298956
153.27293120666945
154.7024634082062
156.1617503426559
157.65092411103586
159.1701195176279
160.7194781150009
162.29914831147423
163.90927914807378
165.55002562580012
167.2215492413148
168.92400824632568
170.6575719641184
172.42240432092214
174.21867576533737
176.04655740162673
177.90622121911707
179.79784108183452
181.72158886275784
183.67763688444157
185.66616400150193
187.68733725641385
189.74132904860596
191.828308850732
193.94844443216326
196.1019001948793
198.28884117182386
200.50942498455942
202.76380893742237
205.0521461152215
207.37459095623478
209.73128189424517
212.12236140846014
214.54796243830177
217.00822417695446
219.50326721340812
222.0332107736233
224.59817711656575
227.19827226460947
229.83359740508757
232.50425759278085
235.21034092679636
237.95193639351893
240.72912249501553
243.54194395303583
246.39047111172027
249.27496549672773
252.19521897089294
255.15137776271501
258.14349744577504
261.1716137073636
264.2357617201071
267.3359700783611
270.47226670075275
273.64464143465995
276.85318562704026
280.0978556940879
283.3786638224775
286.6956291494965
290.04869074507616
293.4379093617974
296.8632544216283
300.3247147988727
303.8222706538512
307.35590824681606
310.92560625976967
314.53133824257856
318.17307973918287
321.85080582152085
325.5644847798236
329.3140871157664
333.0995757987521
336.92092247036896
340.77809001037565
344.6710424663786