130.29222715884012
130.84923770689187
131.43698489278108
132.05531662541244
132.7040704023786
133.38309935638915
134.0922607680642
134.8314224299395
135.60046002320652
136.39926312048084
137.22773123710658
138.0857769897079
138.9733254181413
139.89031585277337
140.8366961400985
141.81243474860503
142.81750307419773
143.85189099857544
144.91559986017447
146.00864080571117
147.131037035067
148.28282282591385
149.46404812314967
150.67475259107354
151.91501513996195
153.1849049236658
154.48450331150235
155.813901550997
157.17319860034917
158.56249922629942
159.98191855586654
161.43157462807812
162.9115925329219
164.42210707994684
165.96325545714288
167.53517743600563
169.13802002910177
170.77193408699307
172.43707471553384
174.13360002961153
175.86166932501393
177.62144823195413
179.4130991915297
181.23679023691392
183.09269113613203
184.98096735393761
186.90179197955388
188.8553327072839
190.84168782180595
192.86123604410358
194.91389818696652
197.00001966240953
199.11965490259726
201.27300050307522
203.46021622491944
205.68145763105073
207.93687630232213
210.2266234436517
212.5507939848942
214.90967533679137
217.303441500072
219.7317169799869
222.19518758269243
224.69378654580947
227.22763030510865
229.79679675202317
232.4014869936219
235.04172163542935
237.7175839725636
240.42918870355146
243.17663559762656
245.95997024009353
248.7792601185381
251.63460347108602
254.52606406209017
257.4535800928347
260.41732101615366
263.4172904668122
266.4535163042294
269.5260076529314
272.63485459841326
275.7800107029016
278.96150269271385
282.17934987728796
285.4335498285966
288.7241003533827
292.05100731597537
295.4142459516835
298.8138223896674
302.24970592493645
305.721880444048
309.2303235448579
312.77501082651014
316.3559153265611
319.9729920984809
323.62624359324616
327.31560007766797
331.0410402554958
334.8025214790831
338.60000418935766
342.43344996575877
346.3028141028093
350.2080578790143
354.1491342164066