0.
0.
0.
0.
0.
0.
0.
0.
0.
0.
0.
0.
0.
0.
0.
0.
0.
0.
0.
1.9859446137283985e-12
5.9578338411851955e-12
3.971889227456797e-12
3.971889227456797e-12
4.096010765814822e-12
4.5924969192469216e-12
7.819656916555568e-12
5.9578338411851955e-12
2.3334849211308683e-11
5.1013952265148235e-11
1.231285660511607e-10
2.89203184374198e-10
6.520104409947049e-10
1.4087794603635827e-9
2.9182214883355237e-9
5.823410215143455e-9
1.1204823632193982e-8
2.0842985207232975e-8
3.7617018144013175e-8
6.598263742651097e-8
1.1271005236446482e-7
1.8788103491100527e-7
3.0613298984161754e-7
4.883271482296733e-7
7.636776241938856e-7
1.1723636767945922e-6
1.768819675529474e-6
2.625688247208718e-6
3.838592128497193e-6
5.531808630283564e-6
7.86489003229323e-6
0.000011040422792815704
0.000015312914774972577
0.000020998940817141374
0.000028488606225873685
0.000038258462739055155
0.000050885835378592
0.00006706468617598549
0.0000876231169228204
0.00011354238198388913
0.0001459776518446145
0.00018628033996924792
0.00023602221713334162
0.00029702114070155654
0.00037136847369609316
0.00046145818248480725
0.0005700175999321274
0.0007001397863665357
0.0008553174841444791
0.0010394786511643713
0.0012570234732887226
0.001512862887201271
0.0018124584810131899
0.0021618638022834163
0.002567766975148849
0.003037534561152354
0.0035792567017497836
0.004201793318953102
0.004914821544280262
0.00572888415048298
0.0066554390033053265
0.00770690951428251
0.008896736001985213
0.010239427977721132
0.011750617263347325
0.013447111972596085
0.01534695131445778
0.017469461080473363
0.01983531005896651
0.022466567086391658
0.025386758876799916
0.02862092862023795
0.03219569530887143
0.03613931381578146
0.04048173572047624
0.045254670930145846
0.05049165009517081
0.05622808780808573
0.06250134668380598
0.06935080227258564
0.07681790892473947
0.08494626653414539
0.09378168829879885
0.10337226952609806
0.11376845743656311
0.12502312214559233
0.13719162879123312
0.15033191085885644
0.16450454480885954
0.17977282600590686
0.196202846020583
0.21386357144458357
0.23282692410798303
0.2531678629355274
0.27496446741898944
0.29829802277621137
0.3232531068870715
0.3499176790573888
0.378383170710187
0.4087445780826379
0.4411005569684044