 0.00000000000000E+00
 0.00000000000000E+00
 0.00000000000000E+00
 0.00000000000000E+00
 0.00000000000000E+00
 0.00000000000000E+00
 0.00000000000000E+00
 0.00000000000000E+00
 0.50042553925417E-16
 0.11420950441560E-15
 0.19134367896347E-15
 0.22164721796865E-15
 0.11967279933543E-15
 0.13228666129643E-15
 0.51994322824360E-15
 0.16665265343618E-14
 0.53584456925889E-14
 0.15312748798740E-13
 0.39534159533038E-13
 0.92916918635055E-13
 0.20154610690934E-12
 0.40748326592878E-12
 0.77497213033097E-12
 0.13966840023255E-11
 0.24004971095540E-11
 0.39556284767993E-11
 0.62781585508548E-11
 0.96353925551838E-11
 0.14348628650285E-10
 0.20794437013143E-10
 0.29404141992205E-10
 0.40661635769822E-10
 0.55099696533379E-10
 0.73294898931671E-10
 0.95861462887357E-10
 0.12344424836855E-09
 0.15671116550547E-09
 0.19634531780079E-09
 0.24303706798608E-09
 0.29747627865226E-09
 0.36034489322189E-09
 0.43231002648978E-09
 0.51401765366249E-09
 0.60608701172751E-09
 0.70910573250284E-09
 0.82362576124948E-09
 0.95016003783429E-09
 0.10891799343006E-08
 0.12411134244334E-08
 0.14063439132398E-08
 0.15852096986688E-08
 0.17780039942841E-08
 0.19849754460361E-08
 0.22063290867569E-08
 0.24422276573854E-08
 0.26927932389167E-08
 0.29581091244729E-08
 0.32382218874563E-08
 0.35331435865184E-08
 0.38428540619193E-08
 0.41673032764967E-08
 0.45064136718832E-08
 0.48600824956873E-08
 0.52281840800856E-08
 0.56105720424456E-08
 0.60070813912102E-08
 0.64175305166105E-08
 0.68417230631529E-08
 0.72794496638098E-08
 0.77304895424155E-08
 0.81946119737631E-08
 0.86715776063735E-08
 0.91611396495767E-08
 0.96630449293806E-08
 0.10177034820922E-07
 0.10702846064702E-07
 0.11240211475738E-07
 0.11788860556587E-07
 0.12348520023595E-07
 0.12918914257124E-07
 0.13499765687831E-07
 0.14090795127168E-07
 0.14691722054606E-07
 0.15302264868406E-07
 0.15922141110733E-07
 0.16551067672956E-07
 0.17188760989087E-07
 0.17834937221595E-07
 0.18489312445316E-07
 0.19151602831873E-07
 0.19821524836165E-07
 0.20498795387117E-07
 0.21183132081705E-07
 0.21874253380663E-07
 0.22571878803949E-07
 0.23275729122262E-07
 0.23985526540935E-07
 0.24700994869793E-07
 0.25421859673925E-07
 0.26147848398362E-07
 0.26878690458725E-07
 0.27614117290853E-07
 0.28353862349776E-07
 0.29097661050566E-07
 0.29845250641617E-07
 0.30596370002083E-07
 0.31350759355899E-07
 0.32108159894501E-07
 0.32868313303422E-07
 0.33630961188399E-07
 0.34395844400140E-07
 0.35162702259312E-07
 0.35931271688199E-07
 0.36701286259297E-07
 0.37472475177047E-07
 0.38244562214680E-07
 0.39017264634410E-07
 0.39790292125058E-07
 0.40563345797537E-07
 0.00000000000000E+00
