 0.00000000000000E+00
 0.00000000000000E+00
 0.00000000000000E+00
 0.00000000000000E+00
 0.00000000000000E+00
 0.00000000000000E+00
 0.00000000000000E+00
 0.00000000000000E+00
 0.00000000000000E+00
-0.31985719013151E-15
-0.14806472634466E-15
-0.12011832631633E-16
 0.16830256564257E-15
 0.48368811185669E-16
 0.20964073286012E-15
-0.28841785822854E-15
 0.12262149063912E-14
 0.69490511769666E-14
 0.14772218939144E-13
 0.39227061868792E-13
 0.93170030924558E-13
 0.20128518919971E-12
 0.40751243555477E-12
 0.77618469977154E-12
 0.13952882812004E-11
 0.24017129313226E-11
 0.39564226360437E-11
 0.62785575127913E-11
 0.96353089018367E-11
 0.14351134584903E-10
 0.20796793462316E-10
 0.29412459756018E-10
 0.40674107518717E-10
 0.55124486095036E-10
 0.73342427467815E-10
 0.95945909696810E-10
 0.12359236042381E-09
 0.15696109332927E-09
 0.19675841402317E-09
 0.24370006300175E-09
 0.29851528049655E-09
 0.36193531292753E-09
 0.43470123140791E-09
 0.51754214367944E-09
 0.61119067319827E-09
 0.71637215474448E-09
 0.83381929941206E-09
 0.96425044270832E-09
 0.11083854168852E-08
 0.12669609574560E-08
 0.14407086310832E-08
 0.16303765774037E-08
 0.18367319882298E-08
 0.20605560692559E-08
 0.23026559608938E-08
 0.25638635763969E-08
 0.28450479997061E-08
 0.31471035109722E-08
 0.34709561212612E-08
 0.38175598073738E-08
 0.41879110933546E-08
 0.45830095722585E-08
 0.50038996847378E-08
 0.54516165063218E-08
 0.59272112642746E-08
 0.64317213266084E-08
 0.69661764699279E-08
 0.75315638771391E-08
 0.81288412923332E-08
 0.87589011482390E-08
 0.94225693001361E-08
 0.10120579403317E-07
 0.10853577502838E-07
 0.11622095322476E-07
 0.12426541583390E-07
 0.13267192852317E-07
 0.14144185999398E-07
 0.15057506742192E-07
 0.16006990451785E-07
 0.16992306358191E-07
 0.18012963686234E-07
 0.19068298916466E-07
 0.20157484073861E-07
 0.21279510554791E-07
 0.22433190598531E-07
 0.23617150613599E-07
 0.24829825531988E-07
 0.26069431670180E-07
 0.27333958676613E-07
 0.28621141791146E-07
 0.29928436685908E-07
 0.31252965760855E-07
 0.32591467343431E-07
 0.33940236804747E-07
 0.35295040847756E-07
 0.36651027343571E-07
 0.38002595325321E-07
 0.39343287451447E-07
 0.40665622571552E-07
 0.41960925101010E-07
 0.43219155848180E-07
 0.44428687626414E-07
 0.45576131101095E-07
 0.46646107710652E-07
 0.47621087027283E-07
 0.48481219312925E-07
 0.49204258509552E-07
 0.49765556141987E-07
 0.50138183435729E-07
 0.50293213439420E-07
 0.50200212893910E-07
 0.49827987022398E-07
 0.49145584135364E-07
 0.48123633617485E-07
 0.46735956673412E-07
 0.44961467946217E-07
 0.42786233518148E-07
 0.40205639542942E-07
 0.37226385147619E-07
 0.33868185417793E-07
