0.
0.
0.
0.
0.
0.
0.
0.
0.
0.
0.
0.
0.
0.
0.
1.9859446137283985e-12
3.971889227456797e-12
5.9578338411851955e-12
6.08195537954322e-12
6.454319994617295e-12
8.192021531629644e-12
1.489458460296299e-11
3.711233996904945e-11
1.0475857837417302e-10
2.932991951400128e-10
7.782420455048161e-10
1.934434175309818e-9
4.568541462343822e-9
1.0167912300751043e-8
2.153943115895985e-8
4.359756622671789e-8
8.465821233093611e-8
1.583106919772045e-7
2.8601040604301455e-7
5.00638887740944e-7
8.512972523085057e-7
1.409378967393852e-6
2.276500722870699e-6
3.5942149412148424e-6
5.555971246034183e-6
8.421524490241323e-6
0.000012534003577643948
0.000018339831604514372
0.000026411808990321054
0.00003747533651101595
0.00005243807302353133
0.00007242301050447066
0.00009880503119443656
0.00013325106687352346
0.00017776367756107054
0.00023472812684327164
0.0003069627965666532
0.00039777287362354656
0.0005110071423825711
0.0006511176837973032
0.0008232223672495578
0.001033169904509465
0.0012876072853396242
0.001594049230074258
0.001960949738735268
0.0023977751939017107
0.002915079010133638
0.0035245775206394366
0.00423922696837661
0.005073301322933161
0.006042470832208475
0.007163881045259572
0.008456232250706257
0.009939859119688576
0.011636810470215132
0.013570929041689368
0.015767931167159698
0.01825548633361202
0.021063296461747552
0.024223175047241002
0.02776912589314245
0.03173742166540597
0.036166682066372205
0.041097951792900066
0.04657477824563472
0.0526432888712482
0.05935226850741075
0.06675323635663863
0.07490052305310912
0.08385134746286234
0.09366589359732606
0.10440738750598814
0.11614217420829133
0.1289397948073661
0.1428730637128664
0.15801814602491507
0.17445463523741403
0.19226563106833075
0.21153781766408716
0.23236154199248896
0.2548308925886568
0.27904377857241125
0.30510200895982553
0.3331113722363027
0.3631817162477763
0.3954270283627437
0.4299655158247026
0.4669196864691321
0.5064164295860683
0.548587097061581
0.5935675848136671
0.6414984144016652
0.6925248150064219
0.7467968056829045
0.80446927798071
0.8657020789966411
0.9306600949536822
0.9995133353683104
1.072437017882851
1.1496116540147177
1.2312231358644923
1.3174628239904982
1.40852763665107
1.5046201406334676
1.6059486438255812