0.
0.
0.
0.
0.
0.
0.
0.
0.
0.
0.
0.
0.
0.
0.
0.
0.
0.
1.9859446137283985e-12
3.971889227456797e-12
6.08195537954322e-12
2.482430767160498e-12
7.695535378197545e-12
1.2288032297444466e-11
2.2590119981160533e-11
6.714975225169147e-11
1.705429937039262e-10
4.3926612424905016e-10
1.0551571975815696e-9
2.3931873810810783e-9
5.203919617198552e-9
1.0793733097152204e-8
2.1482459372853518e-8
4.115944684875121e-8
7.614608135188111e-8
1.3643091956006696e-7
2.3732236728515734e-7
4.017390942203465e-7
6.631291242792783e-7
1.0693115213297654e-6
1.6872894500866985e-6
2.609235937299362e-6
3.9597593259992205e-6
5.904740356666397e-6
8.661751425645596e-6
0.000012512246809671323
0.000017815785132340643
0.00002502622014994121
0.00003471016395440356
0.00004756765023052081
0.00006445520013378634
0.00008641131313072638
0.0001146844073777921
0.0001507631987161158
0.0001964096527057573
0.0002536942711378437
0.0003250339065300809
0.0004132318877653096
0.0005215204330417695
0.0006536053266761024
0.0008137126609163886
0.0010066375968402475
0.0012377950610524507
0.001513272186166028
0.0018398824399569022
0.002225221253658463
0.002677723086218221
0.0032067197570765818
0.0038224999441986217
0.004536369757370751
0.005360714175259166
0.006309059380487621
0.007396135779493742
0.008637941670920364
0.010051807454059694
0.01165646034123091
0.01347208944599778
0.015520411271305887
0.017824735452937845
0.020410030830152897
0.02330299172212003
0.026532104438816654
0.030127714023289856
0.0341220911665707
0.03854949935308222
0.0434462622474638
0.04885083131449584
0.054803853683543825
0.061348240326781586
0.06852923458247258
0.0763944809802387
0.08499409454456958
0.0943807304867079
0.10460965441610783
0.11573881303162283
0.12782890548046763
0.14094345524258647
0.155148882718046
0.17051457853743568
0.18711297757343132
0.20501963377453922
0.22431329582102166
0.24507598360784413
0.2673930656351991
0.2913533373516628
0.31704910041969914
0.3445762429625925
0.374034320884287
0.40552664014434153
0.43916034021030115
0.4750464785840922
0.5133001164374438
0.5540404055534396
0.5973906764051479
0.6434785276102619
0.6924359167077601
0.7443992524184375
0.7995094883750382
0.857912218531378
0.9197577742700719