0.
0.
0.
0.
0.
0.
0.
0.
0.
0.
0.
0.
0.
0.
0.
0.
1.9859446137283985e-12
3.971889227456797e-12
5.9578338411851955e-12
3.971889227456797e-12
6.08195537954322e-12
2.730673843876548e-12
8.936750761777794e-12
1.6508164601617313e-11
3.9346527659493897e-11
1.0351736299059276e-10
2.659924567012474e-10
6.737317102073592e-10
1.5978165632828546e-9
3.5851265139331913e-9
7.684736804360396e-9
1.5756981051474547e-8
3.100618088952641e-8
5.876124632484108e-8
1.0762069692717071e-7
1.909810944530353e-7
3.292145069931375e-7
5.524974870746186e-7
9.045533360425534e-7
1.4473321066637387e-6
2.266974518923259e-6
3.481095163652258e-6
5.247589173917518e-6
7.775225129469546e-6
0.000011336054976390693
0.000016279869717938473
0.000023050932115010077
0.00003220681821154358
0.0000444399386439323
0.000060601324547906505
0.000081727116708399
0.00010906765120787169
0.00014411914343492597
0.00018865802159127114
0.0002447778934371289
0.0003149290413923742
0.0004019604620050911
0.0005091642847058972
0.0006403225872250521
0.0007997563898390508
0.000992376744416419
0.0012237378936866478
0.001500092198992806
0.001828446790602862
0.0022166218383035683
0.0026733102317667767
0.00320813855711698
0.00383172923577294
0.004555763713233405
0.00539304654737162
0.006357570283412143
0.0074645810471990065
0.008730644666352783
0.01017371332055776
0.011813192623916204
0.013670008993154516
0.01576667734499971
0.018127369004562507
0.02077797979444139
0.023746198338805168
0.027061574391555092
0.030755587430479483
0.03486171530589765
0.039415503003123305
0.04445463160017113
0.050018987341765256
0.056150730948558034
0.062894367094037
0.07029681418180594
0.07840747437706702
0.08727830397894037
0.09696388421256301
0.10752149232826425
0.11901117332035595
0.13149581197410004
0.14504120563096737
0.1597161374490175
0.1755924502771835
0.1927451212830986
0.2112523372107156
0.23119557044459219
0.2526596557435635
0.27573286790036183
0.300507000128836
0.3270774433524181
0.35554326631899086
0.38600729670947226
0.41857620304065385
0.4533605776605567
0.49047502057565034
0.5300382244553637
0.5721730605241903
0.6170066656830918
0.6646705306628493
0.7153005894960809
0.7690373101670492
0.8260257867040091
0.8864158326548894
0.9503620761900857
1.018024056870465