8.526621659312152
8.887457403475585
9.266070595073401
9.662207869024767
10.075658121958257
10.506201553223843
10.95366050196078
11.417870499504222
11.898686027292023
12.395978748822687
12.909635878881556
13.439559432810425
13.98566619649099
14.547885162613595
15.126158810391148
15.720440277990923
16.330695460890947
16.956901099852633
17.599042355019293
18.25711740346953
18.931131309204968
19.621102636747235
20.327056487528424
21.049028146385776
21.78706330143257
22.54121378335283
23.311539875774454
24.09812282881347
24.901031521676405
25.720359159697672
26.55620213872207
27.408663122683553
28.277857825137517
29.163904351390165
30.066929530901604
30.987075688350345
31.92447786254402
32.87928700868061
33.8516638470527
34.841769401380226
35.84977074909964
36.87584459317452
37.92016873587441
38.982943738126785
40.06434506716314
41.16458124909813
42.283850315889836
43.422362046236586
44.580326755996495
45.75776261987609
46.95547787307824
48.173119283268335
49.41109676470123
50.669644419186845
51.94900322516983
53.24940164423568
54.571081840690304
55.91428295863926
57.27925110893495
58.66622879127867
60.075468432987215
61.507225171665134
62.96173397872332
64.43925064856326
65.94002759017917
67.46431812380355
69.01237296492926
70.58444490667527
72.18078607410321
73.8016481875203
75.44728234465093
77.1179388058935
78.8138667830428
80.53531423184684
82.28252764877436
84.05575187242314
85.85522988997155
87.68120264909811
89.53390887582928
91.41358489871193
93.32046447979464
95.25477865281192
97.21675556901687
99.20662035107134
101.22459495539705
103.27089804335675
105.34574486164107
107.44934713218854
109.58191295194091
111.74364670272287
113.93474897148857
116.15541648111117
118.40584203202462
120.68621445458683
122.99671857261146
125.33753517783543
127.70884101552186
130.1108087811091
132.54360712788645
135.00740068560336
137.50235008988653
140.02861202232504
142.58633926102908
145.17568074145723