22.54366671450089
22.96085797379344
23.399362230738134
23.85888535559259
24.339128673179072
24.839805654012526
25.360647835930425
25.90139929890006
26.461821874884066
27.041696709039893
27.64081501321507
28.258994036114554
28.896058391561812
29.551857310862765
30.22625046401249
30.919118430638203
31.630355774959753
32.359873502446426
33.107597944185265
33.873469868275336
34.657448250166695
35.45950151130204
36.27961781193646
37.117794892259624
37.97404503868204
38.8483945517776
39.7408832480254
40.65157387771869
41.58048105524068
42.52773802065698
43.493398949600035
44.47756499843463
45.48034130086844
46.501842931545966
47.54219488146788
48.6015305526218
49.67999131278229
50.777729565549116
51.89489674735621
53.03167259111291
54.18821779844006
55.364707967706664
56.56134551451375
57.778305134404874
59.01579270375319
60.27400838900768
61.55315889912122
62.853457168073845
64.17511959981749
65.51836841815027
66.88342591502854
68.27052018337027
69.6798818209616
71.11174587952604
72.56634818699972
74.04392270700286
75.54471646760803
77.0689750461729
78.61692894651554
NaN
81.78493231952325
83.40547081490037
85.05068677563531
86.72084835348068
NaN
90.1369455450135
91.88337983090864
93.65572825825495
95.45423697764721
97.27914795177449
99.13069857699789
101.00913698359199
102.91468140985364
104.84759179068149
106.80808431166268
108.7963892100874
110.81273478541915
112.85734540572788
114.93044084314047
117.03223870209055
119.16295273092763
121.32279307167326
123.51196613114914
125.73067446289502
127.97911666015466
130.2574872602046
132.56597666024803
134.90477104504984
137.2740523264512
139.67399809486997
142.10478158281495
144.56657164043958
147.0595327230778
149.58382489068106
152.13960381904442
154.72702082261426
157.34622288867897
159.99735272276223
162.68054880482168
165.3959454560345
168.14367291578583
170.92385742851684
173.7366213400358
176.58208320289637