4.080584598085213
4.4053746827745845
4.746158283747611
5.102785665595959
5.4751269567237815
5.863073799307616
6.2665310449171745
6.685420695668611
7.119676903869808
7.569246809618087
8.034088188521796
8.514166742045958
9.009459948210212
9.519950762474119
10.045630962065532
10.586500647081772
11.14256489272668
11.713835657783294
12.300333966549717
12.902082479389783
13.519118533115774
14.151474742812796
14.799197138222274
15.462369928063792
16.14096099127384
16.835121986188117
17.544894273114387
18.270355044393426
19.011595016128013
19.768698004070306
20.541765646776547
21.330902707628987
22.13622147474433
22.9578383407576
23.79587327410743
24.650475467525155
25.521766383275587
26.409895438225636
27.315013391839205
28.237277445462336
29.176850841218272
30.133902091035186
31.108605487765793
32.10114126696288
33.111695500622815
34.1404593114471
35.18762623510536
36.253398395400914
37.33798021738031
38.441580944649104
39.564415344402
40.706699140571345
41.86865474105357
43.050506282536816
44.252471673356716
45.47481705739863
46.71774078704397
47.98149202531846
49.26631012430298
50.57243666525146
51.90011544300754
53.24959196077113
54.621113303177836
56.01492791477697
57.43128537882782
58.87043619662648
60.33263156757296
61.818123170255156
63.32716294479953
64.86000287675846
66.41689478286705
67.99809009894562
69.60383967033367
71.23439354516711
72.89000077090259
74.57090919446406
76.27736526641588
78.00961384957456
79.76789803248332
81.55245894817372
83.36353559866441
85.20136468559784
87.06618044748195
88.95821450394268
90.87769570740487
92.82485000261165
94.79990029437965
96.80306632394503
98.83456455426126
100.8946080645934
102.98340645466222
105.10116575867282
107.24808836942759
109.4243729727232
111.6302144922785
113.86580404524621
116.13132890846714
118.42697249554192
120.75291434470057
123.10933011756956
125.49639160869974
127.91426676582785
130.36311972080202
132.843110830994