37.88334048274494
38.3357363591095
38.81184591126161
39.31134514003828
39.833954201898415
40.379372559944585
40.947317783884984
41.53751900330731
42.14971674267989
42.78366760326133
43.43914148788098
44.11593007475272
44.81382320641002
45.53265360064943
46.27225577715648
47.03248510484348
47.81321158562009
48.61432530935718
49.43573132799634
50.27735698510003
51.13913886930974
52.021033244510214
52.92301345939324
53.84506454735369
54.787189991332156
55.74940610318909
56.73174215352481
57.73424198849444
58.75696111516688
59.79997189230524
60.863350997875344
61.947191168657035
63.05159557277265
64.17667605131456
65.32255598135515
66.4893669804959
67.67724954227512
68.88635511348058
70.11683810576343
71.36886403970729
72.64260422770957
73.93823667796428
75.25594947037078
76.59592750894436
77.95902751292931
79.34348083392058
80.75145989592507
82.18252026730148
83.63687603176821
85.11474392490271
86.61635708497965
88.14190630459672
89.6916514814781
91.26580920076618
92.86461276598752
94.48829446213199
96.13708798010379
97.81122789399507
99.51094884037924
101.23649114588716
102.98808873862087
104.76597826179659
106.57039597996545
108.40157735444123
110.25975717843092
112.14516988623936
114.05804599436564
115.99861466406776
117.96710337231015
119.96374514524551
121.98875612936692
124.04235950093128
126.12462526227488
128.23621894348335
130.37690020268377
132.547026596889
134.74680210273195
136.97643724931388
139.2361188846655
141.52604260807158
143.8464053002787
146.1973802205893
148.57915669955995
150.99190887879536
153.43580486869058
155.91101653167362
158.41770362418399
160.95602492710546
163.52613373325116
166.12817868625154
168.76230378892086
171.42864842422279
174.1273473885407
176.85853093693288
179.62232483999907
182.4188504519537
185.2482247894817
188.11056062088468
191.00596656501622
193.93454719961204
196.89640317832814
199.89163135607228
202.92032492206096
205.9825735400655