30.339863378698908
30.77668863927207
31.236165459566365
31.717983537125434
32.22183955814659
32.747440628984435
33.294721301798674
33.86276759067682
34.45197271890573
35.06188259857596
35.6922743493453
36.34294529720134
37.013705387129875
37.704381082513244
38.4148191876604
39.144881516067805
39.89438037735198
40.663412484755725
41.45169076402283
42.25920887996267
43.085912646131696
43.93176491345282
44.79673838415512
45.680824735163355
46.58402986674875
47.5063716359727
48.44788309529828
49.40860948087625
50.38860751704204
51.38795093115931
52.40671971966825
53.44500291117653
54.50290762247183
55.580546426454084
56.67804085108512
57.7955225416345
58.93314604395036
60.09104249021992
61.26937110039929
62.46831699605272
63.68803010101918
64.92871908560954
66.19050484515454
67.47364497714766
68.77830828687772
70.10470572186217
71.45302046668687
72.82351749583216
74.21636256824054
75.63179103082345
77.07002576149083
78.53129267831977
80.01582339029058
81.52384448749643
83.05560102479559
84.61131778195298
86.19123560805738
87.79559680731349
89.4246357877187
91.07860543199843
92.75773310284538
94.46226903709484
96.19245018774551
97.94852529183476
99.73072810719265
101.53930291352351
103.37448533882132
105.23651639777793
107.12563474318118
109.04206988291357
110.98605217803704
112.95781984263805
114.95759457656345
116.98559829035493
119.04206777397007
121.12720860951273
123.24124091314789
125.38437527803843
127.55682355993413
129.75879034801218
131.99047677046337
134.25208109476807
136.5437953572007
138.86580996210841
141.21830969196122
143.60147524778307
146.01548292857842
148.46050457992646
150.93670755523624
153.44425468960634
155.9833042862481
158.5540101153482
161.1565214251877
163.79098296533792
166.45753502164968
169.15631346277493
171.88744979785656
174.65107124502003
177.4473008103664
180.27625737690678
183.1380558031009
186.03280703051988
188.96061820014236
191.92159277684053