42.064027621410496
42.52398082388831
43.00829202696009
43.51646056962559
44.04825643004208
44.60338916287255
45.18157748373869
45.7825494853731
46.406047038174016
47.05182383306683
47.719645286387504
48.40931165294415
49.12060948058343
49.853361533339324
50.60740284149948
51.382590500357864
52.178792145235384
52.995895914227845
53.83380651537999
54.69244719816527
55.5717568668031
56.47168924459552
57.392132328364916
58.33332987857676
59.29502403386003
60.27731758361183
61.280240312450964
62.30383658867982
63.34816163956162
64.41328515475261
65.49928623170068
66.60625784389313
67.7343024284529
68.88353249615027
70.05407116301598
71.24604416449645
72.4596099096397
73.69489975185671
74.95207626128297
76.2313049587196
77.53272740835162
78.85660712113587
80.20304719035458
81.57225799174215
82.96444089439898
84.37980936847616
85.81852197215916
87.28083474030765
88.76694490060181
90.27706900631686
91.81142168671772
93.37024116742344
94.95373686642886
96.5621381425141
98.19568146669363
99.8545909346515
101.53910010201972
103.24941780126424
104.98584713976746
106.74855399800792
108.53779191869012
110.3537965520897
112.19679948547694
114.06703171989885
115.96472586195026
117.8901100853829
119.8434108120631
121.82485669756355
123.83466788948401
125.87306698821826
127.94026850053194
130.03650241047802
132.1619653280483
134.31673166309716
136.50143090688255
138.71584115318873
140.96030335975746
143.23501042570254
145.54015685917545
147.8759251027107
150.24250153589563
152.64005994885702
155.0687718612789
157.52881628901486
160.02034934427826
162.54353119183472
165.09851745192518
167.6854596004385
170.30450186444452
172.95578549759597
175.63944663635368
178.3556167698583
181.10442278521907
183.88598702464316
186.70042735398638
189.54785724225414
192.42838585155167
195.34211813700873
198.28915495606773
201.2695931866109
204.2835258534788
207.33104226261432
210.41222814242204
213.5271657917284