58.63909854022533
59.12463346165221
59.63611716977345
60.17327032662179
60.73581856794335
61.3234836963074
61.9359986924195
62.573103568040146
63.23454947435046
63.920098578887085
64.62952921002642
65.36263158166429
66.11921365725004
66.89909992914616
67.70213200963603
68.5281674404731
69.37708198188443
70.24876572588559
71.14314139795208
72.06012294933487
72.99965949283052
73.9617093743991
74.94625429699077
75.95328044787105
76.98279547640225
78.03482012444066
79.10938667979045
80.20654997663584
81.32635882568765
82.468896490185
83.63423892444746
84.82248306788401
86.03373406159501
87.2681075099366
88.5257255030158
89.80672298213065
91.11124120152036
92.43942757591208
93.79144282443029
95.16744621592838
96.56761154153575
97.99211037640057
99.44113198004736
100.91483926454268
102.41347955708493
103.93719970426547
105.48621299171418
107.06072376909268
108.6609440156432
110.28707823504851
111.93934428046268
113.61795500674357
115.32312334435353
117.05507689406674
118.8140282245362
120.60019918351743
122.41381062875297
124.25508171871357
126.12423105968581
128.02147161432714
129.94707557157457
131.90118714736874
133.88407646515782
135.8959253468301
137.9369625284491
140.0073981046287
142.10744033281537
144.23729316421404
146.39716303267804
148.5872502983222
150.80774638459374
153.058849251382
155.3407470649275
157.653622554649
159.99766074946047
162.37303708807357
164.779924622903
167.2184908705071
169.6888968192086
172.19130376365817
174.7258600298516
177.292734752198
179.89204890343532
182.5239533235627
185.1885776455184
187.88605192388357
190.6165025100544
193.38005252400006
196.17681007331646
199.00686561175118
201.8703947757268
204.76742539142344
207.69808118892843
210.6624503135819
213.66062149085823
216.6926779137115
219.75869869353497
222.85875899799916
225.99293019625063
229.16128001074358
232.36387267503346
235.6007690969997
238.872027026661
242.1777012281212