7.051726794907631
7.4027887377018295
7.771086442493546
8.156393826486953
8.55850700604483
8.977248373866988
9.412453805863874
9.863983533667986
10.331712693282538
10.815533619374762
11.315354818181216
11.831095176567032
12.362689633958933
12.910083414517405
13.473233828845217
14.052108716692077
14.646645144314222
15.256951598121555
15.882905470997752
16.524551957639456
17.18190712556405
17.854994591934062
18.543845936202217
19.24850242496005
19.969004998048415
20.705440181009237
21.457843003769252
22.226327353951522
23.010888028572307
23.811702867014866
24.62883970049407
25.46240269367927
26.312509062225732
27.179275758097365
28.06283055286455
28.963309787273165
29.88085550865252
30.81561441320348
31.76774327774478
32.73740298153901
33.72476400851789
34.729996732353726
35.75328254090084
36.79480888225153
37.85476296954729
38.93334018642712
40.03074915320498
41.14718908998369
42.28286916822898
43.43801985389492
44.612821408032715
45.807528595876576
47.02236659480909
48.25755472339446
49.51332837036143
NaN
52.087577012575636
53.4065291539273
54.74702438892306
56.10930826799353
57.493624910446485
58.90022241704561
60.3293511084452
61.78126153571159
63.25620403138062
64.75443085328621
66.27619423173385
67.82174656584144
69.39134020236429
70.98522721668176
72.60365919623807
74.24688702679349
75.9151606817979
77.60872901529443
79.32783955870737
81.0727383219336
82.84366959915113
84.6408757797505
86.46459716485407
88.31507178981984
90.19253525320748
92.09722055260536
94.02935792777045
95.98917471148884
97.97689518856716
99.99274046335394
102.03692833613493
104.10967318879027
106.21118587999543
108.34167365029695
110.50134003730196
112.69038480122082
114.90900386097309
117.15738924100499
119.43572902893038
121.74420734412432
124.08300431732638
126.45229608115659
128.85225477168376
131.28304854087867
133.74484157989272
136.23779415304003
138.76206264231652
141.31779960227212