4.701552020877438
5.0328853745400295
5.380496082534159
5.74420412073989
6.123860204758651
6.519336256482928
6.930521846905791
7.357322956432574
7.79966097703543
8.257468681599262
8.730691932761529
9.219288387281722
9.723223703932392
10.242473707128823
10.77702264108724
11.326862989017087
11.891994729380546
12.472425493450931
13.06816976549757
13.679249573790031
14.305693353305966
14.947536914972625
15.60482273232971
16.277600548599487
16.965927549807176
17.669864799738537
18.389484244228747
19.124864630527078
19.876086961391334
20.643247141111008
21.426440646291876
22.22577278026796
23.04135601878914
23.873309676171804
24.72176178087038
25.58683629252704
26.46869201429514
27.367456169961102
28.283286068172792
29.21633682154114
30.166785638170612
31.13478963002833
32.12052868424935
33.124184006791985
34.145943659457906
35.185997406684365
36.24454942724938
37.321793542195735
38.4179379750325
39.53319515665179
40.667777823302835
41.82190129626484
42.99580432093731
44.18969547166208
45.40381066496567
46.638380940904355
47.89364380480568
49.16983510408168
50.46719049254336
51.78596933934341
53.126398904742096
54.488731173381474
55.873213860141405
57.280095971604446
58.709627583679946
60.1620596198763
61.637643630463906
63.13663157276418
64.65927559283126
66.20582780880714
67.77654009625498
69.3716638757899
70.99144990334695
72.63614806345494
74.30600716587331
76.00127474600627
77.72219686947385
79.46901794128541
81.24198052001398
83.041325137414
84.86729012392087
86.72011144046047
88.60002251700192
90.50725409827488
92.44203409706954
94.40458745553558
96.39513601483468
98.41389839355138
100.4610898751731
102.53692230500181
104.64160399673565
106.77533964904416
108.938330272331
111.1307731258782
113.35286166560186
115.60478550245423
117.88673037164493
120.19887811269005
122.54140666036595
124.91449004649961
127.31829841256298
129.7529980330232
132.21875134930605
134.71571701422664