10.667780112534858
11.040625269291386
11.43195364199164
11.841494463437446
12.268997559980576
12.714232947102253
13.176993383992542
13.65708934159665
14.154349078548773
14.668618751346084
15.199766305224458
15.747668065399543
16.312219618741203
16.89333070314055
17.49092415910545
18.104936484504368
18.735316875755778
19.382026046533205
20.04503822031222
20.724336725309975
21.41991879434463
22.131788757220043
22.859967947970684
23.604480058236355
24.365365147441608
25.142670767550563
25.93645429812098
26.746780712426492
27.573732521861007
28.41739025861723
29.277850067482298
30.155214842847613
31.0495967602843
31.96111539496468
32.88989840986185
33.836081415870666
34.79980743433702
35.781229623869905
36.78050317920452
37.797794254327094
38.83326876111473
39.88710584847947
40.959493332594775
42.05061250340927
43.16066154917809
44.28984283707202
45.43835361119997
46.60640940750773
47.794211690719976
49.00200317562698
50.22998450819337
51.478386150415226
52.74743748632549
54.03737056839265
55.34842286244815
56.6808304960996
58.03483388672158
59.410675153782094
60.808597536551844
62.22885519764355
63.67167834865373
65.13734478640563
66.62607958948767
68.13814305311897
69.67377493306238
71.23325802214003
72.81681289780633
74.42470451857474
76.05718156932294
77.71449577958744
79.39689722965163
81.10463498347238
82.83795687643918
84.59710930742581
86.38233703551599
88.1938829818478
90.0319880369705
91.89689087415765
93.78882776912776
95.70803242658178
97.65473581403353
99.62916600331332
101.63154802020777
103.66210370261804
105.72105156762552
107.80860668784585
109.92498057738574
112.07038108774773
114.24501231395163
116.44907451113674
118.68276402175908
120.94627321391023
123.23979043030485
125.5634999486422
127.9175819530607
130.30221251677432
132.7175635959851
135.16380303486275
137.6410945816238
140.1495979155397
142.68946868471218
145.2608585544552
147.8639152660245
150.4987827054967