12.157649966588167
12.53774957825454
12.93678366021417
13.354462626379535
13.79052513553236
14.244728746857325
14.716854888187392
15.206688892938532
15.714057933639522
16.23877808943505
16.78073915701335
17.339768312970655
17.915760722105638
18.508616014992004
19.11824360407804
19.74457049026794
20.387535897708748
21.047091612192204
21.72320310086718
22.41584611381208
23.125010647036333
23.85069833995323
24.59291868422816
25.351695823118757
26.12706299155844
26.919063730305744
27.727754061789653
28.55319700180336
29.395468087396715
30.254650471550974
31.130837284540032
32.0241304230444
32.93463839814028
33.8624880232149
34.80780070229749
35.770712408087746
36.751367334517795
37.74991692798121
38.76651825204478
39.80133550274376
40.85453711568573
41.92630919435396
43.01683244055736
44.12629160005776
45.25488534182793
46.40281386970426
47.57027544769426
48.75749629922234
49.96467947205529
51.19203276683549
52.43981393489725
53.70821545075296
54.9974782076665
56.30783657241129
57.63952413772743
58.99273381101246
60.36784739235554
61.76496683446987
63.18438375756995
64.6263422682076
66.0910984510245
67.57889452083091
69.08998058718551
70.62461041102996
72.18303412654235
73.76549959341575
75.37226876430006
77.00358325073576
78.65970065371516
80.34085852082137
82.0473191774183
83.77932626265032
85.53712650292834
87.32096507215039
89.13108538845742
90.96772891638633
92.83113497489168
94.7215405516525
96.63918012408959
98.5842854875681
100.55708559117713
102.55780638154916
104.58667065510888
106.64389791915693
108.72970426217923
110.84430223368125
112.98790073402408
115.16070491432234
117.36291608692896
119.59473164647403
121.85634500200632
124.14794552005998
126.46971847883307
128.82184503376743
131.204502194362
133.6178628122609
136.06209558066269
138.5373650448621
141.04383162388598
143.5816516430428
146.1509773772244
148.75195710471525
151.38473517130168
154.04945206438808