15.430026848640345
15.823878284532693
16.23752699896931
16.670674983845785
17.123041368357157
17.594363838419042
18.084398762017127
18.59291620400073
19.119711946327488
19.664594983637812
20.227391484430054
20.807945998263634
21.40611807341868
22.02178477078751
22.654837607443316
23.30526244434768
23.9727416125383
24.657449903704407
25.35925722163362
26.078124918224706
26.81403196876326
27.566965059409196
28.3369247337585
29.1239279185347
29.927996257594025
30.749170077679963
31.58749457154493
32.44303124623082
33.31584862563844
34.20602570327965
35.11365488596101
36.03883557062551
36.98167429573439
37.94227420169701
38.92122309609344
39.91737195782055
40.93211186460787
41.96518666849656
43.01675767054051
44.08697729800823
45.17603315805946
46.28409410847874
47.411346858465436
48.55798241290698
49.72419709726518
50.91019072379296
52.11617723105025
53.3423602119912
54.58895757231621
55.85618925729205
57.14427906480857
58.453455683947524
59.78394588553985
61.1359901158889
62.50981976371518
63.905674494510784
65.3237970993346
66.76443078531926
68.22782049901939
69.71421162765098
71.22385284660645
72.75699351676882
74.31388339438853
75.89477060624279
77.49990880479996
79.1295458727465
80.78393309943687
82.4633181494248
84.16795300773576
85.89808288589384
87.65395635959305
89.43581682761166
91.24391447862382
93.078484260219
94.93976903861949
96.82800680302003
98.743433165407
100.68628117717235
102.65678115316967
104.65516050360664
106.68164357425873
108.73645149538054
110.81980203972141
112.93190949004982
115.07298451649989
117.24323406410714
119.44286125081678
121.67206527622167
123.93104134127351
126.21998057915363
128.5390699974472
130.88849243174417
133.26842651073284
135.6790466328172
138.12052295423325
140.59302138860224
143.0967036178974
145.63172711457995
148.198245174826
150.79640696259696
153.42635756433498
156.08823805401443
158.7821855682554
161.5083333911945