15.968235467691736
16.364120102208556
16.779933660342827
17.215375436299734
17.67016239154638
18.144030970889503
18.636732130115004
19.14803718305375
19.67773473296735
20.225631690898116
20.791551721772258
21.375335873960122
21.976841152478972
22.595940443268574
23.232522616708415
23.88649156758788
24.557767537025335
25.246282026406263
25.95198236425999
26.674829847988246
27.4147988011777
28.17187596088753
28.946061513593964
29.737367267059497
30.545817755656923
31.37144878740582
32.21430820440231
33.074451045055945
33.95195392476477
34.84688824342459
35.75934801158704
36.68943165094365
37.63724580902411
38.60291248737326
39.58660972841659
40.588306488817814
41.608310830689526
42.646724244201906
43.703702512459024
44.779406941561064
45.874012732434885
46.98769940146006
48.120649572369565
49.27305622253955
50.445114044849454
51.63702640279065
52.84899955137228
54.08123717614512
55.333976766702186
56.60741724076014
57.90179003353036
59.21732029123358
60.55424280437006
61.91278871414958
63.293193949351554
64.69570006557376
66.12054226807925
67.5679798216916
69.03824157422973
70.53157969539299
72.0482409157768
73.58847380930582
75.15253087763104
76.7406588011232
78.35311045117643
79.99013081870145
81.65197872551401
83.3388939406657
85.05113157320353
86.78893403093593
88.5525525337492
90.34223153628942
92.15821063733299
94.00073519365957
95.87004370953836
97.76637357186372
99.68995975449721
101.64103463528893
103.6198278206393
105.62656597805191
107.6614726770424
109.72476823896953
111.81666959595663
113.93739015949306
116.08713969895528
118.26612423043309
120.4745459158953
122.71260297373567
124.98048959962368
127.27839589913573
129.60650783153937
131.9650071650901
134.35407144386411
136.77387396616416
139.2245837744372
141.70636565666365
144.21938015916123
146.76378361056607
149.33972815688995
151.94736180741737
154.58682849119168
157.25826812383298
159.96181668437723
162.6976063018191