46.911825653750945
46.96768959474218
47.037493738527424
47.13517120766444
47.260673019175385
47.41393480734877
47.59487722625967
47.803403267998256
48.039393324847666
48.3027171363955
48.59320681886128
48.91068076116629
49.25493277087876
49.625734802787356
50.02284054011076
50.445988205285154
50.89490333672117
51.369303685043455
51.8689014985495
52.393408339260844
52.942536060921796
53.51600228637375
54.11353039729842
54.73485389316063
55.37971709983118
56.04787692805416
56.73911451626572
57.45319026834901
58.18993040478176
58.949149027070874
59.73068472918543
60.53437865676199
61.360127055391004
62.20779666755872
63.07730132109548
63.96856425926382
64.88151679206014
65.81614424261991
66.77238855573205
67.75025163392354
68.74973270382658
69.77084975380652
70.81363646687626
71.8781356427591
72.96440503289618
74.07251605480147
75.20254917417897
76.35459719916997
77.5287645860284
78.72516398898642
79.94391829913619
81.1851618808872
82.4490340107395
83.73568351285557
85.04526884027518
86.37795314112769
87.73390610000966
89.11330696329075
90.51633503424726
91.94318483579426
93.39404522585878
94.86911673648916
96.36860030988561
97.89270276020413
99.44163762637653
101.01561499643088
102.61485093749869
104.23956839122182
105.88998235312353
107.56631977763097
109.26880920427261
110.99765417471633
112.75310423018455
114.53538888611479
116.34471859219987
118.18132545735219
120.04543831771839
121.93728008819767
123.85707777371229
125.80505306868103
127.78142678664823
129.78642233824948
131.82025684856401
133.88314013070965
135.9752951159932
138.0969103757552
140.24823867336085
142.42943946945022
144.64072585160903
146.88229220426595
149.1543478922669
151.45707041300605
153.79063766191697
156.15524253730916
158.55105333580386
160.97824566888366
163.43698105702822
165.92743909335263
168.4497593924994
171.00387206228882
173.5906145365107
176.20944094106585
178.86072205879975
181.54458917089607
184.26117147428798
187.01059517962372
189.7929782888859
192.60843642706865
195.45707995619034
198.33901476495294
201.2543423219937
204.2031597782977
207.18556007923524
210.20163208560686
213.25146070310984
216.33512701945077
219.45270844873812
222.60427888225888
225.78990884520218
229.00966565866378