48.81759485615406
48.873757700693886
48.9439360252089
49.042138103251254
49.16830716742119
49.322406505651344
49.50433142238095
49.713995593069875
49.95128461085594
50.21605006103512
50.50817553628398
50.827440077393106
51.1736552208519
51.546597073089195
51.94602334381471
52.37167464050865
52.823284980330634
53.300570679519936
53.80324905583827
54.33103506840943
54.88363881304597
55.46078419054375
56.06219364251775
56.687606404999755
57.33676279019401
58.00942578540654
58.705363365212065
59.42436711014873
60.16624052785941
60.930800095461166
61.71788788710273
62.527355971436144
63.35907715847529
64.21294145789722
65.08885527188602
65.98674677466036
66.90655206334519
67.84823052526627
68.81175483733588
69.79711593240144
70.8043143151905
71.83336936709944
72.88440173059078
73.9571960380289
75.0520686895516
76.16900404116109
77.30807905905836
78.46940515139005
79.65306713506111
80.85918465541474
82.08788268865098
83.3392921955148
84.61362421388378
85.91082045337174
87.23124518204503
88.57499222316694
89.94223313945653
91.3331431441235
92.74791105658653
94.18671781668114
95.64976010916848
97.13723461110138
98.64934471740078
100.18629583585583
101.74830134728012
103.3355602869934
104.94830621799014
106.58674691675608
108.25110322009321
109.9415994820045
111.65845643351088
113.40189835455348
115.17215016494085
116.96943800428296
118.79398637970412
120.64602164927739
122.52577449073995
124.43345670326178
126.36929512614334
128.33351511355403
130.32633323807528
132.34796897972316
134.39863612057098
136.47854878939017
138.5879056899043
140.726950634169
142.89585160266753
145.09482131274055
147.32405985702346
149.58375913435668
151.87410976157665
154.19532586133755
156.54750828518578
158.9309128334682
161.34568734633532
163.79200302799643
166.27001069571443
168.77989829299466
171.32179465255987
173.89585738201856
176.502231426612
179.1409900061878
181.81247058241567
184.51659931648697
187.2535737931478
190.02350980941816
192.82652645054173
195.66273380514312
198.53223914173176
201.43514480135897
204.3715487236997
207.3415445542424
210.34522176089268
213.3826657593535
216.4539580466803
219.55917634222527
222.69839473557317
225.87168384059052
229.07911095512216
232.32074022567537