52.74700997376992
52.78957390131015
52.86049192960012
52.95973124397798
53.08724538609275
53.242973647941014
53.42684024191747
53.638753931467654
53.87860439921448
54.146262431564374
54.44157708723512
54.76437625218537
55.11446446492809
55.49162668148673
55.89562838906804
56.32621993596047
56.78313766823502
57.26610945025061
57.774857518204044
58.30910048963456
58.86855829952653
59.452954331789165
60.06201687656131
60.695488537474645
61.35311408868713
62.034656429333324
62.73989028043368
63.46893571921217
64.22061117552563
64.99563973845711
65.79379281977607
66.61466711030086
67.45822431746076
68.32435598645365
69.21297106886071
70.12399708112693
71.05737414145574
72.01306736907712
72.99104653170326
73.99130365178249
75.01384441668459
76.05868878615867
77.1258694855953
78.2154341047324
79.32744159586561
80.46196303421189
81.61908299883088
82.79889434531836
84.00150120155568
85.22702002345652
86.47557326382245
87.74729298471024
89.04232281712288
90.36080847719816
91.7029118473291
93.06879303650348
94.45862368368685
95.8725797687082
97.31084373098028
98.77360231967853
100.26104954359185
101.77338129512972
103.31079911854157
104.8735075519787
106.46171221040714
108.07567436674478
109.71547104115147
111.38145069129335
113.0737885106057
114.79270173041498
116.53840956749904
118.31114606181721
120.11111832132295
121.93855292087454
123.7936732533937
125.6767028327688
127.58786267832403
129.5273695319359
131.49544537649808
133.49230561751736
135.5181673006151
137.5732426138583
139.65774417912732
141.7718781728578
143.9158526279493
146.08986789747917
148.29412070645395
150.52881504995005
152.79411812275043
155.09027736358868
157.41740177896438
159.77573371791607
162.165414535552
164.58661163288676
167.03950883394845
169.52425647213974
172.0410246947581
174.58995629888358
177.17120173157141
179.78489597405556
182.43118982586068
185.110197211028
187.8220806084417
190.56692393443933
193.34487502664413
196.15602831582552
199.00050147994364
201.87839398443367
204.78981112371093
207.73484335637912
210.71358297972128
213.72611650308676
216.7725263218194
219.85289085121883
222.96728466813352
226.11577865945168
229.29844017683106
232.51533319716088
235.76651848789894
239.0520537768352