65.2216757378049
65.26552350242311
65.33858315716681
65.44082499399562
65.57220665749097
65.73267313100477
65.9221560242646
66.140572635841
66.38782456948839
66.66407391088389
66.9683540172393
67.30134334820269
67.66259038164222
68.05190133925845
68.46906448011481
68.9138512919739
69.3860221577798
69.885323584577
70.41149775252376
70.96428217532205
71.54338917691287
72.14863434507315
72.77968686267485
73.4363254051666
74.118312431265
74.82542402061082
75.55744743566564
76.31418646146183
77.09545907874094
77.90110089839419
78.7309633639936
79.58491272259194
80.46283986967327
81.36464235331691
82.29024096989208
83.2395724017923
84.21258910086483
85.20925482676857
86.22956639314562
87.27350630352282
88.34109610029225
89.43235915222279
90.54733664578468
91.6860811057172
92.84865539606648
94.03513708580684
95.24561472985509
96.48018384142837
97.73895262279831
99.02203921331045
100.32956879741845
101.66167517590806
103.01850196484746
104.40019791692175
105.80692095401173
107.2388330857193
108.69610491515175
110.17891091903975
111.68743235783397
113.22185150548877
114.78236164107585
116.36915215094386
117.9824254458717
119.62237888330289
121.28921405137874
122.9831377972756
124.70435813758787
126.45308406198279
128.22952506781974
130.03388629260937
131.86640611008423
133.72726879232832
135.61669590622034
137.5349050778583
139.48210040881142
141.45849384642443
143.46429955449156
145.49972186394254
147.56495420448857
149.66023571621224
151.7857320925586
153.94165534958654
156.1281974594062
158.34555200578112
160.59391121169875
162.87345730509026
165.1843695074824
167.52682926624334
169.901005591587
172.30706585463648
174.7451856890415
177.21551260842156
179.71820648136475
182.25341696185305
184.82128733524596
187.42197934205336
190.0555657922162
192.7222403082532
195.42210398576916
198.15526950999208
200.92188482741915
203.7220217486289
206.55580340613966
209.42332286819635
212.3246794728969
215.25996136386118
218.22925692713378
221.23264640594178
224.27020467183124
227.3420069808412
230.44811912716781
233.58860808242156
236.7635324033104
239.97294943755503
243.21691240647274
246.4954711590972
249.80867234538826
253.15655959318016
256.5391736879726
259.9565527551027