36.408984724775365
36.46303279321854
36.53057329717271
36.62507602662303
36.74648611932277
36.894732099387824
37.069724018950545
37.27135127759972
37.499481391626304
37.75395634757304
38.03459346479784
38.34118016535634
38.673492829227236
39.0312673051186
39.41423472600317
39.82210891847393
40.25459386361697
40.711388746504234
41.19218910872591
41.69669308312353
42.224601918891096
42.77562468837332
43.34947896286242
43.94589064477953
44.564590685302036
45.205376538070595
45.86797302650763
46.55218000541536
47.257799506804474
47.98465428285174
48.73257481473483
49.50142056339563
50.29105922541038
51.10137654907986
51.93228481664213
52.78370518175027
53.6555726389349
54.547844791848114
55.46049585040758
56.393504463276166
57.34688044957633
58.320636980692015
59.31480361833262
60.32942503829019
61.36455651743237
62.420266670713055
63.496636540995944
64.59375706105298
65.71173176925574
66.85067302333262
68.01070320245718
69.19195448644825
70.39456658280636
71.61869147701135
72.86448332040734
74.13210046592337
75.42173562466549
76.73354573876045
78.06772305243935
79.42445664369582
80.8039420081035
82.2063804697724
83.63197719195992
85.08094038173547
86.55348720635082
88.04982951282896
89.57019298230647
91.11479784906672
92.68386863715139
94.27753842115285
95.89632589679161
97.54017885690375
99.20941756317005
100.90428119691786
102.62500276662897
104.37181660019063
106.14495895489212
107.94465904359572
109.77115718433186
111.62469201209453
113.50548294375321
115.41376798476614
117.34977728886888
119.31373494938683
121.30587001830408
123.3264028717175
125.37555701958823
127.45354802589107
129.5605907243062
131.69690367878974
133.86268816382739
136.05814797488875
138.2834928551661
140.53891237132189
142.82460620740403
145.1407578472915
147.487558307614
149.8651766488221
152.27380894016642
154.71362147339158
157.18477147795568
159.68742568843646
162.22174754383738
164.78788592266582
167.38599120654814
170.01620759635514
172.67867462802133
175.37352720038646
178.10089561529915
180.8609056296378
183.65367851884778
186.47933115153577
189.3379760746672
192.22972160890623
195.15467195344078
198.11292730000676
201.10458395531703
204.12973447150247
207.18846778395258
210.28086935602371