5.783670119791954
5.817298536706181
5.873299834942968
5.951594424028786
6.052073506856795
6.17459185364093
6.318940992427961
6.484888885020258
6.672139400656643
6.88036325152928
7.10920369033589
7.358289518453047
7.6272455441263105
7.915701696518801
8.223407078009158
8.549699022340691
8.894578111023053
9.257637871130019
9.638603429067775
10.037220293476647
10.453257755512842
10.886508475751864
11.336781701467993
11.803910069266138
12.287742967231377
12.788146332933586
13.305003989772896
13.838213764735158
14.387687640204986
14.953351445997999
15.535144252209655
16.13301634197936
16.746928320946118
17.376863198851563
18.022787104216007
18.684708858435755
19.36262899839405
20.05656271688171
20.76653466331879
21.492470658510307
22.234736567868374
22.993064024425475
23.76762010992607
24.558476484949214
25.365713457964002
26.189697286933786
27.029684076242077
27.88661953228559
28.76033561283016
29.65095361212361
30.558599740140902
31.483410858917523
32.42552985809749
33.38510526928385
34.362295773475765
35.35726312647157
36.370175386319765
37.4012147615767
38.450555916604266
39.51838988991106
40.60490736552278
41.71030840093476
42.83479411141455
43.97857611181274
45.14185996172346
46.32486959994639
47.52782001803214
48.75093770377915
49.994449652170694
51.25858731713663
52.54358561392088
53.84968075544301
55.17710892631941
56.52612059201984
57.89694956126741
59.28984901504328
60.705063105686456
62.14283331277796
63.60343123868597
65.08708883733593
66.59406099268718
68.12460210689507
69.67896322745923
71.25739709224906
72.86015573844622
74.48749076694473
76.13965312417798
77.81689288714844
79.51945905197364
81.24759932635385
83.00155992633832
84.7815853777973
86.58791832303531
88.42079933295352
90.28046672521344
92.1671563888308
94.08110161563488
96.02253293904316
97.99167798054535
99.9887613043404
102.01400428050559
104.0676249570777
106.1498379414117
108.26085429114744
110.40088141506949
112.57012298416402
114.76877885309065
116.99704499231864
119.2551134308822
121.54317221046405
123.861405350045
126.20999282191978
128.5891105387442
130.99893035166036
133.4396200594502
135.9113434286267
138.41426022433512
140.94852625190293
143.5142934088519
146.1117097471509