7.731711514732938
7.766144377928743
7.823485686331837
7.903670233952251
8.006593689488462
8.132121545015671
8.28007858013283
8.450242881164199
8.642347059794544
8.856091527408289
9.091135280969818
9.34712277227134
9.62369428560216
9.920477608498608
10.237114333226003
10.573255939988577
10.928570151033252
11.302742309932974
11.695478325376255
12.106504424966381
12.535569007605302
12.982438872918115
13.44690543451476
13.928773495114179
14.427872860025206
14.944045819474526
15.477154363853275
16.027076042435404
16.59370339584103
17.17694348459489
17.776717635688406
18.39295982976156
19.025617436175942
19.67465143539526
20.340017634744502
21.021741751110795
21.71977665862077
22.43414164073443
23.164850599993382
23.911937611657436
24.675432598964935
25.45538541974242
26.251852839070814
27.064903431459
27.89460954332817
28.74106039956619
29.604347230060817
30.48457563797009
31.38185519092564
32.29630598593368
33.22805754324133
34.17724383274386
35.1440098959335
36.12850385934885
37.13088257549362
38.151313337176475
39.18996823780704
40.247020731845424
41.322654691441535
42.41705809577454
43.530430487318824
44.662965790501225
45.814868130485834
46.986354052551086
48.17762832536447
49.38891661389372
50.62043632689581
51.87241300283319
53.14507965813612
54.43866345542764
55.75340535909985
57.089535413705285
58.44730355779703
59.82694471750372
61.22871335370698
62.65284231235601
64.0995912363307
65.5692032472802
67.0619225126527
68.57802020387808
70.11772991124354
71.68130726917279
73.26900695917438
74.88107843582482
76.51777385692168
78.17934398305961
79.86603874798111
81.57810705038357
83.3157965396479
85.07935340783078
86.86902218639499
88.68504554810113
90.52766411447743
92.39711626931266
94.29363797859166
96.21746261733445
98.16882080375696
100.14794024118532
102.15504556815394
104.19035821707648
106.2540962818807
108.34647439497304
110.46770361387962
112.61799131785654
114.79754111477436
117.00655275850704
119.2452220770472
121.51374091153413
123.81229706630805
126.14107427011838
128.50025214853875
130.89000620757693
133.31050782855522
135.76192427408623
138.24441870513147
140.75815020900095
143.3032738381099
145.8799406593282
148.4882978136727
151.12848858611605