14.2096583894725
14.246093151346367
14.306780408652592
14.391664278286132
14.500663935436886
14.63367210195607
14.790550989753278
14.971128690331811
15.175195021328005
15.402505654848202
15.65277953188046
15.925711291122619
16.220974234598614
16.538229012482844
16.877130825013634
17.237334285047957
17.618500557998033
18.020300941945184
18.442412907925195
18.884533876819077
19.346374528324723
19.827663367631832
20.328145073844347
20.847582171333553
21.38575538179654
21.942462577040306
22.51751837933993
23.110755019917644
23.72202111558801
24.351180040977713
24.99811689868817
25.662723332340697
26.344927820370742
27.044613101064755
27.761762665879196
28.496316384099682
29.24824895804245
30.017536606838092
30.804175490266005
31.60817745994976
32.42956040879456
33.26835722681459
34.12461201225617
34.99838655012518
35.88974113608372
36.79875581618834
37.72551909439873
38.67012912176558
39.632693160309586
40.6133286831852
41.6121617616761
42.62937058340515
43.66496676645169
44.71923213631193
45.7922809968453
46.88427953156008
47.99538285382583
49.125820709692455
50.27572761534826
51.44531159193879
52.63476818543291
53.84430182793771
55.07411894426108
56.32443002260376
57.59545227173304
58.88740593862125
60.20051382655001
61.5350069251768
62.89111312150914
64.26907066249318
65.669107806056
67.09147215777571
68.53640066344921
70.00413906312986
71.49493033763821
73.00904565694435
74.54665862923234
76.10807032830455
77.69357326240106
79.30334041925757
80.93765957284846
82.5967662271821
84.2809161544695
85.99035279981632
87.72532957078066
89.48608871444655
91.27287643749953
93.0859357669386
94.92551026438021
96.79182358938594
98.68515771766215
100.60570486606032
102.55371235890554
104.52941046928865
106.53302659524196
108.56478509434515
110.62490712691431
112.71361050844774
114.83110957158074
116.97761503793924
119.1533339002428
121.3584693149617
123.59322050580636
125.85778267828051
128.15234694551293
130.47710026552355
132.83222539004285
135.21790082496966
137.6343008024931
140.08159526489587
142.5599498599451
145.0695259478393
147.61048061950157
150.18296672617595
152.78713291997389
155.42312370524007
158.0910795004286
160.79113671019758
163.5234278074043
166.28808142465056