16.75878508086674
16.79584399629629
16.857574016441816
16.943922125335924
17.054812968878327
17.190145993637383
17.349793134463003
17.533594127292552
17.74135534608377
17.97284678802062
18.227806150181227
18.505943232403627
18.80694602206158
19.13048712244849
19.476230504178186
19.84383733473809
20.23297083107804
20.643300117708414
21.074503923976632
21.526274428497484
21.998314910271784
22.490345420036544
23.002102403028953
23.533337980886177
24.083821193074744
24.65333891122551
25.241694372621687
25.84870887897622
26.47421858463854
27.118077284374756
27.780157236579903
28.460342007685547
29.158532646886574
29.87465347986637
30.608629883988264
31.360407253887217
32.129960350436534
32.9172481303732
33.722277345438
34.545038270309966
35.38555139745918
36.243845442019
37.119963997756315
38.013952077705575
38.925881253423526
39.85582744114437
40.80387300811596
41.770117362044346
42.754663682369895
43.75763030528609
44.77914424903086
45.819336500060935
46.878351874922195
47.95633829042956
49.053454649038464
50.16986909842333
51.305747832940526
52.461279950727146
53.63664269401561
54.832029295116676
56.047639073099226
57.2836724510231
58.540337286775426
59.8178460373513
61.11641458191743
62.4362627931728
63.77761757269312
65.14070427117522
66.52575626707404
67.93300447945717
69.36268800226367
70.81503895946676
72.29031654358623
73.78874415067203
75.31057118444933
76.85605092458104
78.42542197587862
80.0189619241679
81.63683350432957
83.27937098965135
84.94679231800954
86.63934866420256
88.35728300994526
90.10082303402525
91.87027607413886
93.66582731604278
95.48772641649438
97.33624125237424
99.21159207980081
101.11401699050926
103.04375106905631
105.00103036469713
106.98608460759677
108.99913779097712
111.04041503579786
113.11013695030009
115.20852079781852
117.33578035351441
119.4921257711331
121.67776346015172
123.89289597361481
126.13772190695585
128.4124358080499
130.7172280987072
133.05228500777568
135.41778851597405
137.8139163125576
140.24084176382829
142.6987338935036
145.18775737489182
147.70807253478782
150.2598353689325
152.84319756886788
155.45830656004853
158.10530555083852
160.78433359221745
163.49552564784378
166.23901267415656
169.0149217101518
171.8233759764682