18.048694593181335
18.086046204447996
18.148265315655827
18.23530016363224
18.34707737557084
18.48349964487947
18.64445092982512
18.829753250724867
19.039241302813565
19.272687239827945
19.529834553241077
19.81040114372379
20.11408171150494
20.440554919620645
20.78948935669733
21.16054905548421
21.553397389012726
21.967710524639863
22.403162309014878
22.859441670435334
23.33625170232619
23.833311201786252
24.350349137769957
24.88711293700537
25.443376003797052
26.01891201541628
26.61351982639389
27.22701637236768
27.85923787660147
28.510028313339305
29.179255058909963
29.866800082654557
30.572561040687763
31.29645140071494
32.03840060243812
32.798352083353755
33.57626528687594
34.372107976794844
35.18588125283424
36.01757311433164
36.86720120211279
37.73479149835364
38.620387294526644
39.5240360552058
40.445803283552124
41.385759589827344
42.343999392934435
43.320609415152546
44.315699008048014
45.32938381090016
46.36178836941781
47.413046279181444
48.48330122019945
49.5729776546362
50.681405999614526
51.809581756216325
52.95739840621389
54.125037783114095
55.31268327655887
56.520527379494396
57.74876854436355
58.99760839602564
60.267250950675106
61.55791547061484
62.86981296671258
64.20316579204771
65.55819728061327
66.93513606132773
68.33421397420146
69.75566088496065
71.19972024608809
72.66656006913423
74.15661488634987
75.66993775339634
77.20682676674127
78.76755518731488
80.35233730123704
81.96143177552078
83.59508116428066
85.25354267257025
86.93706197593082
88.64587687407641
90.38024223758703
92.14038825397277
93.92658787890608
95.7390635223141
97.5780612609971
99.44381982098493
101.33657794768118
103.2565698378331
105.20403042254226
107.17919065368714
109.18227992105977
111.2135190958627
113.27313348557298
115.36134084486693
117.47835643596298
119.6243919644879
121.79965544871641
124.00435109942829
126.23867921067965
128.50283606176652
130.79701383060544
133.12140051873521
135.47617988808494
137.8615314096182
140.2776302239231
142.72464711374695
145.20274848848325
147.71209638050405
150.25284845326408
152.82515802098328
155.42917407971234
158.06504134963436
160.73290032820705
163.4328873539417
166.16513468046267
168.92977056049511
171.72691933941567
174.55670155797253