0.
0.
0.
0.
0.
0.
0.
0.
0.
0.
0.
0.
0.
0.
1.9859446137283985e-12
3.971889227456797e-12
3.971889227456797e-12
2.1100661520864233e-12
6.82668460969137e-12
9.805601530283968e-12
2.147302613593831e-11
5.995070302692603e-11
1.853134567685312e-10
5.388115980121862e-10
1.4586763187835086e-9
3.6749905077044013e-9
8.687887077369953e-9
1.9399327594590787e-8
4.11091776257162e-8
8.312779376298166e-8
1.6108518072412143e-7
3.0029145788187384e-7
5.404168618677704e-7
9.417029124731101e-7
1.5932337478435997e-6
2.623408506913696e-6
4.213115837731006e-6
6.6119375919243085e-6
0.000010157611950768863
0.000015299187677559407
0.000022624048107184545
0.00003288904194504078
0.000047055937467370635
0.0000663311995024172
0.00009221031645893173
0.00012652654049597766
0.00017150407012671393
0.00022981557149055163
0.0003046438599310333
0.00039974762011620583
0.0005195308824491087
0.0006691160278812331
0.0008544200846774214
0.0010822339224257147
0.001360304204151905
0.0016974175718770473
0.002103486939634573
0.0025896395039571294
0.0031683061609086884
0.003853312047906042
0.0046599679977094785
0.005605162555677001
0.006707454407612596
0.007987164922675165
0.009466470758472349
0.011169496193955823
0.013122405177830015
0.015353492972945228
0.01789327717251165
0.020774588190038044
0.024032659109672148
0.027705214769097604
0.03183256026601047
0.03645766865234438
0.041626268111405365
0.04738692832424479
0.053791146413398494
0.060893432200854344
0.06875139304090361
0.07742581820044514
0.08698076283750818
0.09748363163409665
0.10900526223354204
0.12162000830027854
0.13540582253915465
0.150444339445525
0.16682095793655802
0.18462492390720184
0.20394941264254132
0.22489161108232672
0.24755279997366852
0.2720384358759037
0.29845823299616014
0.32692624473075294
0.35756094504708474
0.39048530946674337
0.4258268957723049
0.4637179243027984
0.5042953577701846
0.5477009806994997
0.5940814783124361
0.6435885149107156
0.6963788118057966
0.7526142246608667
0.8124618204669245
0.8760939540249825
0.9436883440847009
1.0154281492593547
1.0915020436993843
1.1721042928410401
1.257434829150309
1.3476993282686245
1.443109285550055
1.5438820933452062
1.6502411192094588
1.762415785161645
1.8806416484678081
2.00516048400726
2.136220368542297
2.2740757671380636