0.
0.
0.
0.
0.
0.
0.
0.
0.
0.
0.
0.
0.
1.9859446137283985e-12
3.971889227456797e-12
3.971889227456797e-12
4.096010765814822e-12
2.482430767160498e-12
8.192021531629644e-12
1.6135799986543236e-11
4.530436150067909e-11
1.3976085219113605e-10
4.2697809195160566e-10
1.2083231759153725e-9
3.1709329404324622e-9
7.76429871044789e-9
1.7873005037402155e-8
3.8892615193718595e-8
8.048040547134335e-8
1.5914305101343342e-7
3.019900611343034e-7
5.520321554273144e-7
9.752826293389519e-7
1.6702360195670744e-6
2.779924897932397e-6
4.507169071216544e-6
7.133291247323362e-6
0.00001104071485079546
0.00001673982801972565
0.000024900275266184702
0.00003638706716240353
0.0000523015985373113
0.00007402760335901863
0.00010328228002410267
0.00014217234526493723
0.00019325509449927272
0.0002596041873626596
0.0003448800201523222
0.0004534044620119561
0.0005902395952773537
0.0007612701606017055
0.0009732894067347003
0.0012340879035792301
0.001552545049181965
0.0019387227713168478
0.002403961186465247
0.0029609757632732786
0.003623955721266675
0.004408663217240939
0.005332533221146641
0.0064147735970235
0.007676465260641571
0.009140662161262218
0.01083249093931775
0.012779249969192946
0.015010507838618936
0.017558201029841444
0.020456730734048363
0.02374305883443122
0.027456802945302387
0.03164033050416493
0.03633885198562259
0.04160051319629384
0.047476486719865874
0.05402106262263235
0.06129173829787601
0.06934930773805091
0.0782579501071675
0.08808531782438703
0.09890262406821664
0.11078472988227428
0.12381023089069147
0.13806154362141604
0.15362499146931416
0.17059089037279995
0.1890536342110674
0.20911177975150602
0.2308681313651329
0.2544298253114478
0.2799084136072323
0.3074199474200878
0.3370850599289956
0.3690290486379977
0.40338195695532564
0.4402786551217612
0.4798589203154496
0.5222675159517854
0.5676542700448148
0.6161741527310663
0.6679873527068209
0.7232593528760938
0.7821610049108151
0.8448686029647494
0.9115639565098763
0.9824344623706975
1.0576731760679323
1.1374788825954725
1.2220561667258014
1.3116154830957172
1.4063732261803457
1.5065518003853184
1.612379690475692
1.7240915325632895
1.8419281859071635
1.9661368057564297
2.0969709174297257
2.234690491900759
2.3795620231209367
2.531858607056113
2.6918600228353897