 0.00000000000000E+00
 0.00000000000000E+00
 0.00000000000000E+00
 0.00000000000000E+00
 0.00000000000000E+00
 0.00000000000000E+00
 0.00000000000000E+00
 0.00000000000000E+00
 0.00000000000000E+00
 0.00000000000000E+00
 0.00000000000000E+00
 0.00000000000000E+00
 0.00000000000000E+00
 0.00000000000000E+00
 0.00000000000000E+00
 0.00000000000000E+00
 0.00000000000000E+00
 0.00000000000000E+00
-0.46070700812794E-17
 0.78840683524803E-17
 0.13935755041121E-16
 0.25608683710537E-31
 0.51773822671520E-16
 0.23223091732521E-16
-0.88702853904629E-17
-0.15862837919646E-16
 0.61068501476465E-17
 0.25174851608327E-16
 0.59769877237586E-16
 0.13537555665861E-15
 0.26882751856210E-15
 0.55458717205142E-15
 0.10325212626769E-14
 0.18561586963728E-14
 0.33326423231825E-14
 0.57515865557270E-14
 0.96478473873100E-14
 0.15721445764035E-13
 0.24912407941414E-13
 0.38492786627797E-13
 0.58318935388896E-13
 0.86578476730256E-13
 0.12606634419461E-12
 0.18039336097572E-12
 0.25382998753262E-12
 0.35163079253442E-12
 0.48014373161808E-12
 0.64676445954143E-12
 0.86021499076954E-12
 0.11305365691432E-11
 0.14693007854942E-11
 0.18894208943057E-11
 0.24056174819124E-11
 0.30342505423395E-11
 0.37933484181375E-11
 0.47027578893054E-11
 0.57841624818419E-11
 0.70610187463929E-11
 0.85585725528749E-11
 0.10303931664242E-10
 0.12325900675973E-10
 0.14655049467169E-10
 0.17323606643626E-10
 0.20365423110560E-10
 0.23815880221542E-10
 0.27711784193284E-10
 0.32091340342936E-10
 0.36994015661122E-10
 0.42460362716021E-10
 0.48532101920442E-10
 0.55251844880216E-10
 0.62663066710313E-10
 0.70809961813541E-10
 0.79737324704121E-10
 0.89490544766399E-10
 0.10011533031880E-09
 0.11165776670998E-09
 0.12416412709136E-09
 0.13768081010778E-09
 0.15225422898232E-09
 0.16793077448442E-09
 0.18475671587259E-09
 0.20277808079838E-09
 0.22204071748375E-09
 0.24259008373000E-09
 0.26447129072107E-09
 0.28772903247506E-09
 0.31240759353604E-09
 0.33855070378120E-09
 0.36620162440143E-09
 0.39540309023042E-09
 0.42619725910141E-09
 0.45862576801091E-09
 0.49272964810981E-09
 0.52854940417190E-09
 0.56612493814372E-09
 0.60549562504192E-09
 0.64670027775453E-09
 0.68977716738555E-09
 0.73476403240244E-09
 0.78169813312149E-09
 0.83061616992088E-09
 0.88155442001556E-09
 0.93454866856276E-09
 0.98963424473476E-09
 0.10468460513112E-08
 0.11062185587571E-08
 0.11677858424377E-08
 0.12315815381201E-08
 0.12976389466972E-08
 0.13659909275799E-08
 0.14366699860863E-08
 0.15097082221591E-08
 0.15851373483779E-08
 0.16629887266820E-08
 0.17432932715476E-08
 0.18260815085608E-08
 0.19113835677776E-08
 0.19992291178395E-08
 0.20896474065901E-08
