 0.00000000000000E+00
 0.00000000000000E+00
 0.00000000000000E+00
 0.00000000000000E+00
 0.00000000000000E+00
 0.00000000000000E+00
 0.00000000000000E+00
 0.00000000000000E+00
 0.00000000000000E+00
 0.00000000000000E+00
 0.00000000000000E+00
 0.00000000000000E+00
 0.00000000000000E+00
 0.00000000000000E+00
 0.00000000000000E+00
 0.00000000000000E+00
 0.00000000000000E+00
 0.00000000000000E+00
 0.48833216911926E-15
 0.11247867027737E-14
-0.14727153807360E-14
-0.37741348002742E-29
-0.43528703226870E-14
-0.37405655729337E-14
 0.83962353703372E-15
 0.52282260860730E-15
 0.64672196371989E-15
-0.53324503774885E-15
 0.89021979416571E-15
-0.42807203260205E-14
-0.12441207609731E-14
 0.22261442079455E-14
-0.92735363458673E-15
-0.62971400778170E-15
 0.37813806335696E-14
-0.11860962472036E-13
-0.27461517813512E-13
-0.19486164020128E-13
-0.13966086142078E-13
-0.69908231471589E-13
-0.54699521812576E-13
-0.80975539410901E-13
-0.13330105307243E-12
-0.17674724392822E-12
-0.26662832067745E-12
-0.36981491359877E-12
-0.48687602134065E-12
-0.64288611021507E-12
-0.86510294732515E-12
-0.11084015398995E-11
-0.14559762644313E-11
-0.19149019670162E-11
-0.24132601775613E-11
-0.30011227745508E-11
-0.37828731587864E-11
-0.46810263896454E-11
-0.57672594773399E-11
-0.70351554979845E-11
-0.84849618918802E-11
-0.10351210294738E-10
-0.12287779605032E-10
-0.14641158948800E-10
-0.17279834389069E-10
-0.20289424491020E-10
-0.23683565384026E-10
-0.27606763340248E-10
-0.32004752423065E-10
-0.36820960319033E-10
-0.42298127223280E-10
-0.48318696103769E-10
-0.55087871248808E-10
-0.62433741867169E-10
-0.70503433613525E-10
-0.79476532814180E-10
-0.89144200474253E-10
-0.99729146983341E-10
-0.11132181140828E-09
-0.12368567872640E-09
-0.13728287874986E-09
-0.15176469600031E-09
-0.16756557610327E-09
-0.18444668449025E-09
-0.20257365645616E-09
-0.22198811451117E-09
-0.24279052507001E-09
-0.26489457899494E-09
-0.28852464209907E-09
-0.31364109881039E-09
-0.34046900651282E-09
-0.36885790610733E-09
-0.39895676266246E-09
-0.43085751723664E-09
-0.46449793085936E-09
-0.50020214951618E-09
-0.53787903551212E-09
-0.57761948303875E-09
-0.61954242564073E-09
-0.66367989306697E-09
-0.71006787130597E-09
-0.75889426975274E-09
-0.81021129249863E-09
-0.86408233696313E-09
-0.92063487888535E-09
-0.97976686450448E-09
-0.10419709619411E-08
-0.11069460582075E-08
-0.11749174700480E-08
-0.12460745377382E-08
-0.13203477579591E-08
-0.13978775435778E-08
-0.14787359692075E-08
-0.15631844022193E-08
-0.16510510061399E-08
-0.17425418208554E-08
-0.18377264690033E-08
-0.19366782264164E-08
-0.20394015834482E-08
-0.21460112791219E-08
-0.22565647351541E-08
-0.23710390625071E-08
