119.01491013065584
119.56293597130664
120.14109043588893
120.74919421640297
121.38707106095814
122.05455658498687
122.75145354043943
123.47763490127835
124.23294193376498
125.01724462771122
125.83041168042064
126.67233450383198
127.54291587773933
128.44207247834785
129.36973340982243
130.32584306957907
131.31035856281943
132.3232520928145
133.3645059955352
134.4341174988938
135.5320961306304
136.65846228749612
137.8132462548025
138.99649741618205
140.20827049826602
141.44862350531506
142.71763080874976
144.01538278330193
145.34196955362407
146.69748756911866
148.08204810614248
149.49576409663695
150.93876533932726
152.41117514229873
153.91312650715614
155.44476908100563
157.00624797963647
158.59770716773002
160.2193000242547
161.8712082935954
163.55357021640117
165.2665614425754
167.01033449244133
168.78510858841605
170.59100866812767
172.42822508088798
174.29694659288037
176.19731347116485
178.12953505371658
180.0937820464554
182.09022550730913
184.11904322312878
186.1804065804547
188.27448797036735
190.40146464307637
192.56143779010367
194.7547504423646
196.98139152109465
199.24157769044464
201.5355324058057
203.86320281825095
206.22493953870324
208.62082376600515
211.05098381383908
213.51556393239332
216.01468980180584
218.54847440886988
221.1170594868279
223.72053568660132
226.35901778078815
229.032608916796
231.7413983572632
234.48548557654928
237.2649466404079
240.07986724410767
242.93031657018375
245.8163270579039
248.73804757936983
251.6954666428684
254.6886366120678
257.71761309506957
260.78243613519527
263.88313765138986
267.0197478100889
270.1922876789543
273.4007843448409
276.6452467149155
279.9256854757885
283.2421115039942
286.59452566517774
289.98292543592623
293.4073076171738
296.867666206762
300.36399447551446
303.8962672531459
307.46447920501373
311.0686093840354
314.70863610218987
318.3845339001117
322.09628350454193
325.84385981668936
329.6272288362679
333.4463669365416
337.3012433892519