0.
0.
0.
0.
0.
0.
0.
0.
0.
0.
0.
0.
0.
0.
0.
0.
1.9859446137283985e-12
3.971889227456797e-12
1.9859446137283985e-12
5.9578338411851955e-12
4.2201323041728465e-12
6.950806148049394e-12
9.929723068641992e-12
1.7749379985197562e-11
4.741442765276551e-11
1.3144470912114837e-10
3.4468551202023513e-10
8.503566592908287e-10
1.998232646025843e-9
4.460679845510699e-9
9.507089230532918e-9
1.9352285531553096e-8
3.7833113742294496e-8
7.129156386516041e-8
1.2984453424863671e-7
2.2922008562576055e-7
3.931900991443992e-7
6.567933403537929e-7
1.0705512472548854e-6
1.705739123791312e-6
2.661039178426929e-6
4.070648143031358e-6
6.114024040801092e-6
9.02759395036511e-6
0.000013118362939493533
0.000018779762151358254
0.000026509865502110048
0.00003693193316081375
0.00005081762773846889
0.00006911276218404823
0.00009296581012949398
0.00012375907082205488
0.0001631425854587641
0.00021307079375211933
0.00027584180983258714
0.0003541393732185017
0.00045107730865461844
0.0005702464281660566
0.0007157638554681841
0.0008923244594496826
0.0011052544414125456
0.0013605669447484226
0.0016650193450964727
0.002026172291731999
0.0024524502955094564
0.002953203567826439
0.003538771254589641
0.004220545622937745
0.005011037279290172
0.005923941191703397
0.006974203403460124
0.008178088424982645
0.009553246998359084
0.011118784436924711
0.012895329133400307
0.014905101461495807
0.0171719828039938
0.019721584811202588
0.02258131871774638
0.02578046481612098
0.02935024196922365
0.033323877284613314
0.037736675722986404
0.04262608997674107
0.04803179031900058
0.053995734658926646
0.06056223870985923
0.06777804642419358
0.07569240056255669
0.08435711364949837
0.09382663912454946
0.10415814296742437
0.11541157566331675
0.1276497445883464
0.1409383870033259
0.15534624343329706
0.17094513173854833
0.18781002172245798
0.20601911043652785
0.22565389812377426
0.24679926490039383
0.2695435481032172
0.29397862055169005
0.32019996938441336
0.34830677585700404
0.37840199591224055
0.4105924415676728
0.4449888631895834
0.48170603268395995
0.5208628275957874
0.5625823160883632
0.606991843020343
0.654223116986838
0.7044122984761171
0.7577000891474986
0.8142318224055681
0.8741575552152376
0.9376321613698975
1.0048154263699198
1.075872143835802