0.
0.
0.
0.
0.
0.
0.
0.
0.
0.
0.
0.
0.
0.
0.
0.
1.9859446137283985e-12
3.971889227456797e-12
1.9859446137283985e-12
6.08195537954322e-12
4.716618457604946e-12
8.936750761777794e-12
1.7004650755049412e-11
4.046362150471612e-11
1.1431593682774094e-10
3.1377924896908697e-10
8.004598008709026e-10
1.943867412225028e-9
4.458197414743538e-9
9.703945990368745e-9
2.0155227763191158e-8
4.0097462966559944e-8
7.66932090929633e-8
1.4153678316196266e-7
2.52785056169185e-7
4.380681031608185e-7
7.383892260903599e-7
1.2131487730836558e-6
1.9465241096320433e-6
3.055443310338008e-6
4.6993602265470314e-6
7.0920146297424e-6
0.000010515422198376613
0.00001533625595438234
0.00002202483549320427
0.000031176795128993356
0.000043537683169929366
0.00006003043336594107
0.00008178594386326072
0.00011017670867997139
0.00014685346719675948
0.0001937850436953246
0.00025330107669444544
0.00032813785951652614
0.00042148688422124825
0.0005370462537397306
0.0006790746619591972
0.0008524478516459138
0.001062717385372994
0.0013161715703292579
0.0016198983349392836
0.0019818499115759627
0.0024109090871763266
0.0029169569721120333
0.003510941894842205
0.0042049495125849766
0.005012273772345703
0.005947488666819505
0.007026520595386299
0.008266721307484105
0.009686941115946684
0.011307602494745586
0.013150773792537597
0.015240243099750523
0.017601592136273148
0.02026227014485479
0.02325166771549328
0.026601190574696537
0.030344333252980926
0.034516752668711695
0.039156341605323
0.04430330215006027
0.05000021904074851
0.05629213299493531
0.06322661404970839
0.07085383494768624
0.07922664459003452
0.08840064161695514
0.0984342482377839
0.10938878415194497
0.1213285408313474
0.13432085605512056
0.1484361888676043
0.16374819481399855
0.1803338016722514
0.1982732856217304
0.217650347866303
0.23855219177736203
0.2610696005802556
0.28529701544386316
0.3113326143347609
0.339278391215079
0.36924023592799293
0.4013280145842929
0.4356556505659615
0.47234120609053265
0.5115069643945689
0.5532795124518536
0.5977898244679646
0.6451733458832479
0.6955700781658273
0.7491246643341978
0.8059864752797846
0.8663096969841688
0.930253418702972
0.9979817222223992
1.0696637723300633
1.1454739085983934
1.225591738725398
1.3102022334808145