0.
0.
0.
0.
0.
0.
0.
0.
0.
0.
0.
0.
0.
0.
0.
0.
0.
0.
0.00001525971701512921
0.00003051943403025842
0.000045779151045387627
0.000045779151045387627
0.000047686615672278774
0.00005150154492606108
0.000050547812612615505
0.00009537323134455755
0.00023938681067483945
0.0005770080496345732
0.0013981715715112137
0.003362860137209099
0.007661331673908309
0.016676963232909334
0.034815998102330735
0.0697874545717531
0.13483199834874135
0.2515545275297781
0.4548101432420454
0.7985619735126073
1.3646602792136764
2.274271982106946
3.70291625476506
5.89972705210627
9.211954494526857
14.115145726960113
21.25038435078714
31.469140639608938
45.88640110523152
65.94376170512959
93.48257624969088
130.82842275082413
180.8871995823973
247.2541838165476
334.33624152859437
447.48749907982324
593.159841122816
779.0673559881316
1014.3660932432796
1309.8483952351755
1678.152467367501
2133.9869668008027
2694.3701918405777
3378.884162901704
4209.9429045470115
5213.074692074395
6417.217920262555
7855.0303653796145
9563.210168561873
11582.829908214828
13959.681454358
16744.63194730346
19993.99006710602
23769.881762130513
28140.635418615235
33181.17526380645
38973.4230179237
45606.706667644234
53178.17615414681
61793.22583646972
71565.92270492109
82619.44051239804
95086.49837394182
109109.8055312186
124842.50987947422
142448.6514176551
162103.6197127887
183994.6160605414
208321.1192661448
235295.35576289624
265142.7737611321
298102.5215383071
334427.9300027474
374386.9997695122
418262.8925204203
466354.42717470246
518976.5811926412
576460.9968176368
639156.4932266441
707429.5838975264
781665.0007336013
862266.224109912
949656.020087749
1.044276984457897e6
1.1465920946941355e6
1.257085269557583e6
1.3762619363328025e6
1.5046496092578697e6
1.642798473070254e6
1.7912819788262867e6
1.9506974491892809e6
2.1216666929650386e6
2.3048366312004123e6
2.5008799334591394e6
2.710495666397967e6
2.934409953727475e6
3.1733766481689475e6
3.428178017132589e6
3.6996254409697484e6
3.9885601250666594e6
4.295853826849787e6
4.622409597265966e6