0.
0.
0.
0.
0.
0.
0.
0.
0.
0.
0.
0.
0.
0.
0.
0.
0.
0.00001525971701512921
0.00003051943403025842
0.00003051943403025842
0.000045779151045387627
0.000046732883358833204
0.000050547812612615505
0.00006485379731429913
0.0001087254837327956
0.00022603455828660142
0.0006008513574707125
0.0015173881106919107
0.0036880828560940404
0.008627462507428676
0.019155713515554385
0.04058512486636302
0.08259607954132717
0.16144875975238046
0.30447236494130586
0.5554937561078679
0.9830080805391009
1.6912735398116217
2.835124760084065
4.6391895444807005
7.423067406166394
11.632546180697997
17.878506674554412
26.984573038980976
40.04398668903714
58.48799844779366
84.16522765840209
119.43389763612812
167.26843146782844
231.3796337282326
316.35056204651346
427.7882020172913
572.4911571846455
758.6345062077685
995.9711958374686
1296.0505524339694
1672.4540283813444
2141.047850546009
2720.2519308248907
3431.3258570856024
4298.669989318991
5350.142563234839
6617.391572893499
8136.200196336363
9946.846222006716
12094.474154087953
14629.47902204473
17607.901349785956
21091.832875298373
25149.831285911743
29857.344330660097
35297.14149287907
41559.75371421138
48743.91894973174
56957.0348741566
66315.61583216269
76945.75609669107
88983.59618682456
102575.79483462147
117880.00313599648
135065.34309544615
154312.88917407778
175816.15227156263
199781.56743622926
226428.9834397033
255992.15598717477
288719.2427655076
324873.30241309654
364732.79549065436
408592.0890847654
456761.9650995221
509570.1311117937
567361.7362812766
630499.8903344237
699366.1875173197
774361.2355613714
855905.1887548193
944438.2875387276
1.0404214032788833e6
1.1443365890147332e6
1.2566876372153931e6
1.378000643441168e6
1.508824579456558e6
1.6497318698606307e6
1.8013189802174973e6
1.9642070115710716e6
2.139042303871506e6
2.3264970479318057e6
2.5272699069799497e6
2.7420866466553505e6
2.9717007759942226e6
3.216894197495436e6
3.4784778681104165e6
3.757292470671647e6
4.0542090972247077e6
4.370129943293894e6
4.705989014689419e6
5.062752847026921e6
5.441421238716516e6
5.843027997996527e6