0.
0.
0.
0.
0.
0.
0.
0.
0.
0.
0.
0.
0.
0.
0.
0.
0.
0.00001525971701512921
0.00003051943403025842
0.00003051943403025842
0.000045779151045387627
0.000047686615672278774
0.00005340900955295223
0.00007248365582186374
0.00013542998850927173
0.0003042406079891386
0.0008135336633690759
0.0020572006001021064
0.004975621479245567
0.011547790851199028
0.02538549298698088
0.05338707370974298
0.10763250650158698
0.20883018108435666
0.390863345357833
0.7082225413184156
1.2450803680215567
2.1289422521841095
3.5477697581399275
5.772890191741143
9.187910902904894
14.325211945122696
21.910589331320512
32.91769788923948
48.633206438161274
70.73367528949798
101.3757869535026
143.29955714276542
199.94720892149437
275.5975450048884
375.515988926689
506.12230458889326
675.1749994508266
891.9737370454894
1167.5792724197
1515.0511317639268
1949.7032832484858
2489.3768663158894
3154.730358061091
3969.546134270187
4961.053212435292
6160.265676036104
7602.335618442214
9326.92017534914
11378.562159344634
13807.08239295553
16667.98444784453
20022.86951741282
23939.86142853091
28494.040655548783
33767.88652019049
39851.727050872956
46844.19529688507
54852.69196390455
63993.853236864925
74394.02356413787
86189.73273255737
99528.17662003562
114567.7015790378
131478.29181763757
150442.05966084416
171653.7381285452
195321.1765329661
221665.837809061
250923.29859642143
283343.75160823524
319192.5101614026
358750.5155478209
402314.8467737868
450199.2335554407
502734.5722040193
560269.4449292859
623170.6425687664
691823.6917442108
766633.3860952607
848024.3219508327
936441.4391458884
1.0323505671314176e6
1.1362389769241258e6
1.2486159383893916e6
1.3700132842747425e6
1.500985982475947e6
1.6421127113083177e6
1.7939964459290525e6
1.9572650508338984e6
2.1325718799731787e6
2.3205963856440703e6
2.5220447355706687e6
2.737650438539033e6
2.968174979628687e6
3.214408464304292e6
3.4771702720837467e6
3.757309720939587e6
4.0557067411518795e6
4.3732725605915915e6
4.710950401008125e6
5.069716186369171e6
5.450579262744533e6
5.854583132418682e6
6.282806200950241e6