0.
0.
0.
0.
0.
0.
0.
0.
0.
0.
0.
0.
0.
0.
0.
0.
0.
0.
0.00001525971701512921
0.00003051943403025842
0.000045779151045387627
0.000045779151045387627
0.000046732883358833204
0.000050547812612615505
0.000046732883358833204
0.00008297471126976507
0.00020123751813701644
0.0004768661567227878
0.0011492474377019185
0.0027763147644400705
0.00635471840448787
0.013901602200782709
0.029178486397553938
0.05878424487153149
0.11404349511256814
0.21394790867830563
0.388461847392577
0.6849209534363132
1.175070693820771
1.9656623263899133
3.211770817845365
5.13464585145717
8.043321493821844
12.362619683049765
18.6669381034336
27.721540118494325
40.5311645995329
58.39880063317866
82.99271773584293
116.42535763695489
161.34252637118271
221.02534826274092
299.50441146986043
401.6873363578381
533.5000366069105
702.0414975682061
915.7542025057636
1184.607333129158
1520.2961463798931
1936.4551049914878
2448.885938728929
3075.7999114709314
3838.0745993293513
4759.524020067249
5867.1827509088
7191.603036183309
8767.164321147542
10632.395070833982
12830.306231109435
15408.73566433138
18420.703141867267
21924.775176270134
25985.43938124
30673.487592570295
36066.40709105032
42248.78002937303
49312.689510372
57358.13312821372
66493.44236073765
76835.70843859244
88511.2130745919
101655.86581388091
116415.6449052808
132947.04399230942
151417.52343647915
172005.96557378664
194903.13469217802
220312.14171758993
248448.91254706355
279542.6613374512
313836.36789040343
351587.2599815047
393067.2997828275
438563.6759268137
488379.30004983646
542833.3089284481
602261.5723408834
667017.2064964523
737471.0938549382
814012.409537241
897049.1542996066
987008.6950318493
1.0843383126946862e6
1.1895057581644682e6
1.302999816565172e6
1.425330879935061e6
1.5570315302813982e6
1.6986571297891035e6
1.8507864229787257e6
2.0140221485619633e6
2.1889916620295336e6
2.376347569103964e6
2.5767683711168948e6
2.790959122362401e6
3.0196520998125905e6
3.263607485809686e6
3.523614064397431e6
3.800489931463496e6
4.095083219425344e6
4.408272837744243e6