0.
0.
0.
0.
5.9578338411851955e-12
3.971889227456797e-12
4.096010765814822e-12
1.0922695375506191e-11
1.3665781373218543e-10
1.4786598864591507e-9
1.0704241467996068e-8
5.684940226951242e-8
2.3752555424344942e-7
8.204681928542163e-7
2.431808666591946e-6
6.359844761574546e-6
0.000014994827515650158
0.00003241138738728682
0.00006508622981466623
0.0001227314550767411
0.00021921491627299993
0.0003735354808521444
0.0006108207216474773
0.0009633176340195365
0.0014713523783447095
0.0021842411645427054
0.003161140881430864
0.004471834065784676
0.006197447962364951
0.008431111513246072
0.01127855707780918
0.014858675643401953
0.01930403497132109
0.024761370265265117
0.03139205608626396
0.03937256689894448
0.04889493178085649
0.06016718676641468
0.07341382557912232
0.08887624763969959
0.10681319915009187
0.12750120121658287
0.15123495663976666
0.17832772547988476
0.20911165791194214
0.24393807222692254
0.2831776651938407
0.32722064221917285
0.37647675487475574
0.43137523446831144
0.4923646108914136
0.559912407197838
0.6345047013203569
0.7166455467236529
0.8068562443074995
0.9056744571610263
1.0136531590854774
1.131359405414148
1.2593729125839939
1.398284429210487
1.5486938783266657
1.7112082469665875
1.8864391976652737
2.0750003766439677
2.2775043982012746
2.494559494932131
2.726765841330254
2.9747115848057173
3.23896865353498
3.520088453085478
3.8185976087024205
4.134993950979928
4.469742969714765
4.823274965458775
5.195983103551337
5.588222520185746
6.0003105498549765
6.432528050476702
6.885121711920977
7.3583071610808135
7.852272631587891
8.367182953055844
8.903183629386449
9.4604048112112
10.038965013781935
10.638974480436893
11.260538136281365
11.90375811337821
12.568735856146287
13.25557383416644
13.964376900422897
14.695253338063008
15.448315639484576
16.223681059602388
17.02147198166158
17.841816129472548
18.68484665553887
19.550702130072782
20.439526451905714
21.351468698690837
22.286682930693605
23.245327959884236
24.227567093738685
25.233567861414
26.2635017284546
27.31754380489986
28.39587255074545
29.498669481883887
30.626118879013713
31.77840750151639
32.95572430783505
34.15826018366743
35.38620767895582
36.6397607544526
37.91911453855685
39.22446509489411
40.55600920111635
41.9139441392253
43.29846749772281
44.709776985851086