 0.24082388926098E-06
 0.11032590832579E-05
 0.17503343223658E-06
 0.18709907077320E-06
 0.19215584976509E-06
 0.17335930584253E-06
 0.15556719974008E-06
 0.16644677182424E-06
 0.14075164519635E-06
 0.12630388149742E-06
 0.14054275173937E-06
 0.12198952433249E-06
 0.10732709969552E-06
 0.98034032845599E-07
 0.92481340198086E-07
 0.86673458294970E-07
 0.77729436232995E-07
 0.74241416003760E-07
 0.66191476868242E-07
 0.63355568561879E-07
 0.46089410294217E-07
 0.12369116454447E-05
 0.52793647124105E-07
 0.47535450371823E-07
 0.54240022701985E-07
 0.39956993720404E-07
 0.24752404097900E-07
 0.69730461515822E-08
-0.13645367704674E-07
 0.31355374391952E-07
 0.25445407306273E-07
 0.21475864337839E-07
 0.29183552872894E-07
 0.11672145859346E-06
 0.16173568288535E-07
 0.30419890295074E-07
-0.28514899346476E-07
 0.98545575026667E-08
 0.13336654510472E-07
 0.12259049746714E-07
-0.65668313162162E-07
-0.85965575491258E-07
 0.22334963430822E-06
 0.42482005341661E-08
-0.11302842145973E-07
 0.90966790417918E-08
-0.13449985823959E-06
 0.54935967582638E-08
 0.11528874137239E-07
 0.83161464644756E-08
 0.10455003872829E-08
 0.21234306185562E-07
-0.36862192016362E-08
 0.99598425616476E-09
 0.19507653919549E-07
 0.33514606614149E-09
-0.28975522091773E-07
-0.35354232710915E-08
 0.25410245414838E-08
-0.17519228328394E-07
-0.42861242307960E-07
-0.22270562100730E-07
 0.13624957728464E-06
-0.73632542219478E-08
 0.10437364531016E-07
 0.26891107524159E-09
-0.21363663188388E-07
 0.31266608435161E-07
 0.61686658574293E-06
 0.46230010579379E-08
 0.22390477047289E-08
 0.38621808738292E-08
-0.35972805744317E-08
 0.81674576283902E-08
-0.21042703033070E-08
 0.22426246636422E-07
-0.75418011256390E-08
-0.12270021783082E-07
 0.69534222816150E-09
-0.24933678732205E-08
-0.26364499049107E-08
-0.21813760114154E-10
-0.75709104239172E-08
-0.29183794283672E-08
-0.21497413826414E-08
-0.21098655798108E-08
-0.20662847877530E-08
-0.20191866346809E-08
-0.19687231207030E-08
-0.19150994031772E-08
-0.18584637232495E-08
-0.17989739683657E-08
-0.17367298483821E-08
-0.16719169787346E-08
-0.16045830999556E-08
-0.15349119616536E-08
-0.14629520287105E-08
-0.13888047441301E-08
-0.13125586066490E-08
-0.12342419229406E-08
-0.11539066739082E-08
-0.10715877699351E-08
-0.98730506529197E-09
-0.90105340070725E-09
