0.
0.
0.
0.
0.
0.
0.
0.
0.
0.
0.
0.
0.
0.
0.
0.
0.
0.
0.
1.9859446137283985e-12
5.9578338411851955e-12
3.971889227456797e-12
5.9578338411851955e-12
5.9578338411851955e-12
6.08195537954322e-12
6.206076917901245e-12
6.950806148049394e-12
7.074927686407419e-12
1.489458460296299e-11
2.9913290744284e-11
6.640502302154332e-11
1.480769952611237e-10
3.327698443378648e-10
7.141953317120753e-10
1.4755568480002001e-9
2.946272956004437e-9
5.679677473724862e-9
1.0603827143464425e-8
1.9217861905511353e-8
3.3851667156384134e-8
5.812301337460411e-8
9.739333040954618e-8
1.595603476253931e-7
2.5598416469882474e-7
4.026904858118608e-7
6.219362887367089e-7
9.441302332772397e-7
1.4102354060085224e-6
2.074650181182113e-6
3.008699263113914e-6
4.304798832646853e-6
6.0813162777422145e-6
8.488257566488746e-6
0.00001171383042168641
0.000015992010273338538
0.00002161103054424014
0.000028923034961408308
0.00003835488705261474
0.00005042016413475882
0.00006573243447070425
0.000085019820325253
0.00010914099003239053
0.00013910247357049434
0.00017607746412059988
0.000221426045532899
0.0002767168733805743
0.0003437504296264965
0.00042458366571345026
0.0005215562027590581
0.0006373180656446762
0.0007748587870337084
0.0009375381382509234
0.0011291182115970824
0.001353796939618615
0.0016162431619246365
0.0019216329337158355
0.0022756872708960436
0.0026847112772771377
0.003155634451435042
0.003696052419349841
0.004314269807971071
0.005019344400213779
0.005821132367329528
0.006730334833722121
0.007758545360262708
0.00891829868694202
0.010223120468991397
0.011687578055252374
0.013327332353478575
0.015159190613144026
0.01720116031131957
0.01947250392999018
0.021993794741859758
0.024786973567903478
0.02787540648519461
0.03128394353477856
0.03503897831974667
0.03916850871804541
0.0437021984614058
0.04867143977327773
0.05410941710052327
0.060051171782227644
0.06653366793217055
0.07359585932506839
0.08127875754178127
0.08962550123906113
0.09868142668968378
0.10849413960785957
0.11911358830485443
0.1305921382434608
0.1429846480535031
0.156348547041146
0.1707439142584102
0.18623355928568994
0.2028831046393934
0.22076107002589138
0.2399389584314713
0.2604913441821007
0.2824959629967058
0.30603380419408405