0.
0.
0.
0.
0.
0.
0.
0.
0.
0.
1.9859446137283985e-12
1.9859446137283985e-12
5.9578338411851955e-12
4.096010765814822e-12
5.213104611037046e-12
1.1915667682370391e-11
4.567672611575316e-11
1.8754764445897564e-10
6.980595317255321e-10
2.3301336395952016e-9
6.9784852511032345e-9
1.9022370482597464e-8
4.7793618952449276e-8
1.1174277321604072e-7
2.451426448094047e-7
5.083074887453179e-7
1.0022341319349367e-6
1.8890939426845535e-6
3.4193790799852656e-6
5.967116022188223e-6
0.0000100740004553709
0.00001650332460635058
0.000026304357595172204
0.00004088760615752714
0.00006211115420744274
0.00009237798343247036
0.00013474403040194144
0.00019303648494335349
0.00027198158716772186
0.0003773412448196905
0.0005160572472381549
0.0006964024225516186
0.0009281373006567496
0.001222671367949125
0.0015932278216607507
0.0020550107337690055
0.0026253736068045158
0.0033239885053347245
0.004173014796836981
0.005197266920079375
0.006424380410214568
0.007884975769123713
0.009612819675587572
0.011644983297343828
0.014021997390010131
0.016788004136451443
0.019990905571563838
0.023682508727767265
0.02791866738478129
0.032759420761914945
0.038269129066482166
0.04451660631017801
0.05157525033011375
0.05952317038414474
0.0684433123983152
0.07842358206377337
0.08955696590243743
0.10194165031332847
0.11568113882112675
0.1308843673542988
0.14766581763794223
0.16614562855314777
0.1864497053773578
0.20870982661776066
0.23306374842059088
0.2596553060847982
0.28863451257607126
0.3201576536178379
0.3543873791424005
0.39149279074486243
0.4316495248462961
0.4750398313053747
0.5218526471623292
0.5722836654524258
0.6265353986401405
0.6848172368547495
0.7473455006331716
0.8143434882061775
0.8860415174262735
0.9626769623258384
1.0444942845675362
1.1317450597603151
1.224687999182168
1.3235889668248721
1.4287209922750763
1.5403642795018564
1.6588062119660547
1.7843413541538011
1.9172714495916865
2.057905415669156
2.2065593348328303
2.3635564423353395
2.5292271097262864
2.703908823859202
2.887946160196971
3.081690749506799
3.285501236200801
3.4997432264934165
3.7247892240581684
3.961018550295213
4.208817245938336
4.4685779502046366
4.740699753204212
5.025588016787104
5.323654158763213
5.635315394953913
5.960994433560143
6.301119116318591
6.656122001267151
7.026439882640078