0.
0.
0.
0.
0.
0.
0.
0.
0.
0.
1.9859446137283985e-12
1.9859446137283985e-12
5.9578338411851955e-12
4.2201323041728465e-12
5.833712302827171e-12
1.5515192294753115e-11
6.317786302423468e-11
2.595381367066301e-10
9.546187515115696e-10
3.136054788153857e-9
9.261576827660744e-9
2.4944581442273907e-8
6.19376406129613e-8
1.4325313579437744e-7
3.111668629512656e-7
6.393021331683801e-7
1.2498691372345706e-6
2.337342866786112e-6
4.199788784035967e-6
7.278953582177268e-6
0.000012210194315403227
0.00001988302687126278
0.00003151281472344851
0.000048724110959334816
0.00007364557389623878
0.00010901628028206222
0.00015830313980220312
0.00022582863240244738
0.00031690817582965755
0.0004379960365820678
0.000596838820713684
0.0008026353871835636
0.0010662019474994555
0.0014001412469741067
0.0018190146993294514
0.002339516311133386
0.002980647456841444
0.0037638915817238576
0.004713387957000555
0.0058561038519300505
0.0072220044422938515
0.008844220109846115
0.010759210576415844
0.013006925806877193
0.015630963293232197
0.018678721885384074
0.02220155190049855
0.026254901793453838
0.030898461357473043
0.03619630166817972
0.04221701193417238
0.049033833489328146
0.05672479097437429
0.06537282119415966
0.07506589942211861
0.08589716370004788
0.09796503689674496
0.11137334685492654
0.12623144442038534
0.14265431953931917
0.16076271510521253
0.1806832386478652
0.20254847148276997
0.22649707524338783
0.2526738954009935
0.281230061618056
0.31232308446411416
0.3461169482653893
0.3827821997225993
0.4224960319429774
0.46544236362857266
0.5118119131389511
0.5618022670380605
0.6156179432035772
0.6734704481171895
0.7355783282727589
0.802167215797068
0.8734698681980049
0.9497262023242166
1.0311833227462432
1.118095544649991
1.210724411578293
1.3093387081660264
1.4142144682039173
1.52563497825929
1.6438907771543831
1.7692796514397633
1.9021066270271656
2.042683957029805
2.1913311057230183
2.348374728362597
2.5141486464397964
2.688993817669488
2.873258299805509
3.0672972069254247
3.2714726566220285
3.4861537060155867
3.7117162740599596
3.9485430472015466
4.197023364921476
4.457553081107113
4.7305343967822795
5.016375659361762
5.315491122923594
5.628300664150338
5.955229448139787
6.296707538764866
6.653169448504173
7.025053623600983
7.412801861647755