0.
0.
0.
3.971889227456797e-12
0.
0.
3.971889227456797e-12
0.
3.971889227456797e-12
0.
0.
0.
3.971889227456797e-12
0.
0.
1.9859446137283985e-12
3.971889227456797e-12
1.9859446137283985e-12
5.9578338411851955e-12
3.971889227456797e-12
3.971889227456797e-12
3.971889227456797e-12
3.971889227456797e-12
3.971889227456797e-12
5.9578338411851955e-12
5.9578338411851955e-12
3.971889227456797e-12
7.943778454913594e-12
4.096010765814822e-12
2.2341876904444484e-12
6.82668460969137e-12
8.316143069987669e-12
1.2039789220728415e-11
1.9114716907135837e-11
4.1580715349938344e-11
8.626446915882731e-11
1.7575609831496327e-10
3.6367610738901295e-10
7.302070101602605e-10
1.4148614157431258e-9
2.661910511626202e-9
4.872515109782626e-9
8.682177486605484e-9
1.5090820755107027e-8
2.56412756370775e-8
4.263289363059932e-8
6.945841286515074e-8
1.1101889640433673e-7
1.74280169102348e-7
2.690109683925762e-7
4.086648278176476e-7
6.115605969807464e-7
9.022631695383094e-7
1.3133909410415953e-6
1.8876867768041886e-6
2.680585962409089e-6
3.763252961266178e-6
5.22613426952618e-6
7.183155710021776e-6
9.77658576238355e-6
0.00001318256108156307
0.000017617522820204448
0.00002334543144130447
0.00003068593341895041
0.00004002354945931851
0.00005181783248325167
0.0000666147622317238
0.00008505918360932017
0.0001079085691562891
0.00013604796290939556
0.00017050633180101986
0.00021247422380981225
0.00026332281925149376
0.00032462445824711313
0.0003981745798255592
0.0004860152144071259
0.0005904598881695761
0.000714120122748338
0.000859933444254608
0.0010311929398407935
0.0012315783068274553
0.0014651885348973286
0.0017365760068744074
0.002050782235797269
0.0024133750817693774
0.0028304874091157205
0.003308857357243562
0.003855869968027495
0.004479600356769937
0.005188858241920112
0.005993233952956428
0.006903145812170171
0.007929888906734538
0.009085685163677465
0.010383734841577699
0.011838269328888292
0.01346460517205631
0.015279199519372792
0.01729970678444097
0.01954503660187379
0.02203541300074789
0.024792434992794828
0.027839138269370043
0.03120005829466498
0.0349012946319426
0.03897057661264379
0.04343733030963879
0.04833274683324186
0.053689852053382406
0.059543577729314345
0.06593083401471628
0.07289058353131551
0.08046391696833814
0.08869413022615519
0.09762680327156482
0.10730988069763558
0.11779375401367977
0.12913134589920192
0.14137819628305445
0.15459255057473686