0.
0.
0.
0.
0.
0.
0.
0.
0.
0.
0.
0.
0.
0.
0.
0.
1.9859446137283985e-12
1.9859446137283985e-12
3.971889227456797e-12
0.
1.9859446137283985e-12
3.971889227456797e-12
0.
0.
5.9578338411851955e-12
5.9578338411851955e-12
3.971889227456797e-12
7.943778454913594e-12
4.096010765814822e-12
2.2341876904444484e-12
4.840739995962971e-12
8.192021531629644e-12
9.929723068641992e-12
1.6632286139975338e-11
3.661585381561735e-11
8.427852454509891e-11
1.715359660107904e-10
3.552358427806673e-10
7.141953317120753e-10
1.385196368075558e-9
2.602828659367782e-9
4.775576188325008e-9
8.523798403660644e-9
1.4825448906097568e-8
2.521082214205187e-8
4.19481151034781e-8
6.838947817681142e-8
1.0937589960109155e-7
1.7181536359363433e-7
2.653451628787103e-7
4.0330972816672896e-7
6.038427197256444e-7
8.912951698013026e-7
1.2979939124513591e-6
1.866340851123529e-6
2.651328902238104e-6
3.7235679541715816e-6
5.172875951604442e-6
7.11237403743619e-6
9.68337148004898e-6
0.000013060883744538392
0.000017460022393629647
0.00002314318693785314
0.000030428206711974578
0.00003969749235601812
0.00005140819466669483
0.00006610351293839785
0.00008442514869775355
0.00010712702684320089
0.00013509017682446816
0.00016933907386370564
0.0002110592500640769
0.0002616163093329492
0.00032257643312888116
0.000395728255765664
0.00048310633716056256
0.0005870160041466375
0.0007100598766108287
0.0008551657669127411
0.0010256162317334675
0.0012250795933993074
0.0014576425575325877
0.0017278443405168784
0.0020407122957297823
0.0024017991363510733
0.002817221590657508
0.0032937005888533026
0.0038386029016261153
0.004459984238868815
0.005166633828302343
0.005968120330515186
0.0068748392255878026
0.007898061540229664
0.00904998395440308
0.01034378022003579
0.011793653941346852
0.013414892641319894
0.015223923151808457
0.01723836822760383
0.019477104532542366
0.021960321835053077
0.02470958348265354
0.027747888171281706
0.031099732996058484
0.03479117777665437
0.03884991070603994
0.043305315310952774
0.04818853876106896
0.05353256157975507
0.05937226872090178
0.06574452210480612
0.07268823470644187
0.08024444607361003
0.08845639954282374
0.09736962103426733
0.1070319995751479
0.1174938697008816
0.12880809552707984
0.1410301569668524
0.15421823787211825