-0.32348590473636E-10
-0.12348851154090E-10
-0.21253916764757E-08
 0.17368341925502E-08
-0.20297404613261E-09
 0.46405827340259E-08
-0.39346569011466E-08
-0.20724963490956E-08
-0.21531375742037E-07
 0.23240096945620E-07
-0.73370427298643E-07
 0.19947325990567E-05
-0.30208405267735E-05
 0.37963276982024E-05
 0.36432505393862E-07
-0.13887796091013E-06
 0.43295488519740E-08
-0.28601608975380E-06
 0.21796007024303E-06
 0.79964517169698E-07
 0.57805333881767E-07
-0.23120587732414E-06
 0.15650000519481E-04
 0.84572255557599E-07
-0.17409694573848E-06
 0.68524484852065E-05
 0.85042669582159E-07
 0.40440148844461E-06
-0.34643611606056E-05
 0.33382168039693E-06
 0.54168957124108E-05
 0.44241287059471E-06
-0.35455468846375E-05
-0.15902174565422E-03
-0.13640163488824E-03
-0.10093456683551E-03
 0.79515544746294E-06
 0.37649926673074E-06
-0.18460428639497E-05
-0.11952310343891E-04
-0.14938971355947E-06
-0.18178193974608E-05
-0.53176413481439E-05
 0.11591789916280E-04
 0.11416328122468E-05
 0.66867976297173E-05
 0.18827783442389E-04
 0.12156092461657E-05
-0.43949080551065E-05
-0.65221746758077E-04
-0.29434576973963E-03
 0.17030489167749E-03
 0.73899612344624E-04
 0.10114572298657E-04
-0.19122326240070E-05
 0.48729516929393E-06
-0.70489124115191E-04
-0.82315819614801E-05
 0.58688321914182E-04
-0.10860499241695E-04
-0.16681902613488E-04
 0.18865383746490E-04
 0.17844299029642E-04
 0.71443345506463E-05
-0.11660266261291E-03
-0.26275963718971E-01
-0.48357471745699E-04
-0.73384670300773E-04
-0.70518545316690E-04
 0.12225428401976E-04
 0.22090358753860E-04
 0.21801909557586E-04
 0.70552932906102E-03
-0.18984458647989E-02
-0.36218729677321E-02
 0.60184952073166E-03
-0.37907521786913E-02
 0.58934402597409E-02
-0.43769800510542E-04
-0.29857216586294E-04
-0.58765905280623E-05
-0.11897074245886E-03
 0.68014960090802E-04
 0.58559637633683E-03
 0.52270455689199E-04
 0.13185906248677E-03
-0.30980554438096E-04
 0.12274301436136E-03
 0.55928870636858E-03
 0.17870428865100E-03
 0.17920707910619E-02
-0.21505716353912E-03
 0.99014324152071E-03
-0.43922746984753E-04
-0.22209970579106E-04
-0.27402837804879E-03
 0.72662478900412E-05
-0.20395128565513E-04
-0.12230296747469E-03
-0.63497670704291E-04
 0.10808903178616E-02
 0.49966894879601E-03
-0.51834994095332E-03
 0.40252062438948E-03
 0.74140201681543E-03
-0.48211962760300E-03
-0.22911052750346E-03
-0.29346880017335E-03
-0.23943341340145E-03
-0.25675958934365E-04
-0.33132630704059E-03
 0.85872520303321E-04
 0.71883271353404E-03
-0.52794250860018E-03
-0.18325725231029E-03
 0.15900573933571E-02
 0.44924445635118E-04
 0.17568751638261E-04
 0.44304404203779E-04
 0.47053965784951E-08
