0.
0.
0.
0.
0.
0.
0.
0.
0.
0.
0.
0.
0.
0.
0.
0.
0.
0.
0.00001525971701512921
0.00003051943403025842
0.000045779151045387627
0.000045779151045387627
0.000046732883358833204
0.000050547812612615505
0.00007725231738909162
0.00009918816059833986
0.00020600617970424433
0.00047400495978245104
0.0012102863057624352
0.0028487984202619342
0.006533066347102192
0.014263066747578582
0.02989855429420535
0.06017764778147548
0.1166729351007376
0.21868223588224947
0.39680986633216614
0.6992746247536691
1.199057061503927
2.0047424616656597
3.2741620783263476
5.2319084265146625
8.192077030214577
12.586007634166553
18.996670068696513
28.20044153997401
41.21633256963839
59.365225216251574
84.33787991164053
118.27420682959398
163.8539305407755
224.39891499890075
303.9886710149511
407.58901379252535
541.1941986082446
711.9836314293715
928.4927643921274
1200.798376424493
1540.718902811183
1962.0293864287185
2480.6907378263963
3115.0938391969885
3886.3176443691373
4818.400947691269
5938.628333007542
7277.828441040363
8870.685459317681
10756.062299136069
12977.335734234463
15582.742365283404
18625.734983871433
22165.349091833126
26266.578486756538
31000.760000459635
36445.965904520825
42687.404525537175
49817.82817550956
57937.94713747423
67156.85077265352
77592.43420980185
89371.83051851258
102631.84827301963
117519.41461998873
134192.02178451323
152818.17989458673
173577.8728689638
196663.01928064233
222277.93779349202
250639.81619063913
281979.18534127687
316540.39755178336
354582.1089759242
396377.767253416
442216.1039820044
492401.63155668345
547255.1463006862
607114.2366569792
672333.7973339083
743286.5493449091
820363.5673003994
903974.8128054641
994549.6752899777
1.0925375207604265e6
1.1984082477714843e6
1.3126528526297177e6
1.4357840021680177e6
1.5683366178141292e6
1.7108684654988856e6
1.863960758971054e6
2.0282187719094136e6
2.2042724605535404e6
2.3927770980435708e6
2.59441392012368e6
2.8098907824505796e6
3.03994283123805e6
3.2853331859289934e6
3.546853635859695e6
3.8253253507360313e6
4.121599605829588e6
4.436558522177888e6