0.
0.
0.
0.
0.
0.
0.
0.
0.
0.
0.
0.
0.
0.
0.
0.
0.
0.
0.
0.
0.00003051943403025842
0.000045779151045387627
0.00001525971701512921
0.00003051943403025842
0.000016213449328574784
0.000018120913955465935
0.00002575077246303054
0.000046732883358833204
0.00012112400380758809
0.0002546465276899687
0.0006132498775455051
0.0014315522024818089
0.003251273456535967
0.006865918924494698
0.014204889076458402
0.028181836130003312
0.05406994604617001
0.10037078866701238
0.18093732584532735
0.31719133907341607
0.541953618453881
0.9040771942783451
1.4748573719061187
2.3563578148605804
3.69218199757723
5.6808044756810325
8.592513940534777
12.789760144414126
18.752353415693474
27.107374657927913
38.66425934673565
54.456515688652715
75.79001685682434
104.29828885321528
142.00591367907555
191.40016035407382
255.51158674157165
338.00402609986133
443.2742139596287
576.5619918927716
744.0705025809344
953.0978516076467
1212.1794720344835
1531.2420224620919
1921.7686182922998
2396.975870196262
2972.0021966522863
3664.108481594726
4492.889423402099
5480.4973148321915
6651.876978764019
8035.01176723464
9661.181314272979
11565.229831290664
13785.845236871932
16365.849145759652
19352.49665839462
22797.786755004425
26758.782167884052
31297.93861646662
36483.44394976539
42389.56559200923
49097.007161275644
56693.27360399935
65273.04440377893
74938.55533180984
85799.9873827368
97975.86418060283
111593.456354674
126789.19378641699
143709.0847758046
162509.1428546469
183355.82042387722
206426.44980133788
231909.6914540319
260005.98894846483
290928.0318856335
324901.22582496516
362164.1692582463
402969.1391680953
447582.583550589
496285.62209897634
549374.555738982
607161.383887434
669974.3309191766
738158.3816982552
812075.8270527155
892106.8181496303
978649.9321127252
1.0721227478048813e6
1.1729624328742186e6
1.2816263424805359e6
1.398592630086469e6
1.5243608710792053e6
1.6594526988298236e6
1.8044124565264133e6
1.9598078599321952e6
2.126230678240715e6
2.3042974291855185e6
2.4946500904605575e6