0.
0.
0.
0.
0.
0.
0.
0.
0.
0.
0.
0.
0.
0.
0.
0.
0.
0.
0.
0.
1.9859446137283985e-12
0.
5.9578338411851955e-12
5.9578338411851955e-12
3.971889227456797e-12
5.9578338411851955e-12
4.096010765814822e-12
4.468375380888897e-12
5.337226149395071e-12
5.833712302827171e-12
1.6384043063259287e-11
3.0285655359358076e-11
6.888745378870382e-11
1.4708402295425952e-10
3.173787735814697e-10
6.525069271481369e-10
1.3143229696731258e-9
2.547346331721745e-9
4.784140574471712e-9
8.731205494256903e-9
1.550464196399268e-8
2.6829367002240514e-8
4.533328181911651e-8
7.491330623290922e-8
1.2123347840351037e-7
1.9241109869645812e-7
2.9982860866533674e-7
4.5924298936162083e-7
6.921455127873873e-7
1.0274279494262335e-6
1.5034239951846521e-6
2.1703810277068917e-6
3.093461489293994e-6
4.356196568708604e-6
6.064646258654579e-6
8.352142163879185e-6
0.00001138482766603771
0.00001536799445234818
0.00002055323588809
0.000027246578963311036
0.00003581757036180001
0.00004670944400102268
0.000060450362595729326
0.00007766581591017832
0.00009909226953485855
0.00012559200882950473
0.00015816932548879317
0.00019798801718979176
0.0002463902368128966
0.00030491678532038106
0.000375328796409755
0.00045963081070774507
0.0005600954177434268
0.0006792892368203906
0.0008201004615720475
0.0009857678264532798
0.001179911069765478
0.0014065628240792698
0.0016702020074107688
0.001975788641547273
0.0023288001021149044
0.002735268776680985
0.0032018211240644546
0.003735718129889476
0.004344897075220795
0.005038014713854436
0.005824491651477259
0.006714558148997039
0.007719301108626699
0.00885071229733614
0.01012173790336941
0.011546329160331208
0.013139494308434745
0.014917351609541435
0.01689718363829415
0.019097492651121886
0.021538057131916647
0.02423998952071268
0.027225795011052174
0.030519431578140112
0.034146371088346006
0.038133661623731316
0.042509990988834574
0.047305751328716616
0.0525531051058884
0.05828605218676127
0.06454049829529603
0.07135432473976647
0.07876745950324641
0.08682194969583411
0.09556203550427876
0.1050342256164193
0.11528737418075831
0.1263727594180936
0.13834416387602244
0.1512579564750162
0.16517317638988008
0.18015161878918803
0.19625792262110978
0.21355966048497596