0.
0.
0.
0.
0.
0.
0.
0.
0.
0.
0.
0.
0.
0.
0.
0.
0.
0.
3.971889227456797e-12
3.971889227456797e-12
3.971889227456797e-12
5.9578338411851955e-12
5.9578338411851955e-12
5.9578338411851955e-12
5.9578338411851955e-12
6.08195537954322e-12
6.454319994617295e-12
7.571413839839519e-12
1.0674452298790142e-11
2.097653998250621e-11
3.748470458412352e-11
8.738156300404953e-11
1.9201601983986453e-10
4.2027552888027235e-10
8.801458284967546e-10
1.7753103631348302e-9
3.475278952486339e-9
6.5665258652929495e-9
1.204897421456691e-8
2.1476253295935618e-8
3.727419445506831e-8
6.313429636427101e-8
1.0450326036977056e-7
1.6929594460804315e-7
2.688160975773541e-7
4.1890845425679703e-7
6.414203913419981e-7
9.66013729340528e-7
1.4324541543469157e-6
2.093298201105023e-6
3.0171478438653296e-6
4.292579439560121e-6
6.032645491878189e-6
8.380212001535775e-6
0.000011514072196769925
0.000015655959772620332
0.000021078544303944216
0.000028114322319451977
0.00003716583126309868
0.00004871672299712867
0.00006334425489720975
0.00008173288438804344
0.00010468924296575238
0.00013315840195311766
0.0001682415142661902
0.00021121485441003175
0.0002635502725911425
0.00032693712811038294
0.0004033056059663186
0.0004948516086850089
0.0006040630288777885
0.0007337475023207571
0.0008870616954247285
0.0010675419589109504
0.0012791365316407177
0.0015262390410185757
0.0018137235712987947
0.002146981031444353
0.0025319568579130623
0.00297519018369143
0.0034838542366282324
0.004065798041540729
0.004729589420508049
0.005484559225939692
0.006340846761983641
0.007309446418974266
0.008402255472884992
0.00963212299889589
0.01101289993407847
0.012559490245755145
0.014287903099037071
0.016215306226975573
0.018360080216358165
0.020741873927727177
0.023381660935056836
0.026301796954430752
0.029526078381869464
0.033079801789748654
0.03698982455582636
0.041284626460666475
0.04599437244497799
0.051150976378172404
0.05678816603127245
0.06294154910510215
0.06964868050490527
0.07694913078394058
0.08488455588240928
0.09349876806539673
0.10283780833463306
0.11295002015507354
0.12388612460130488
0.1356992970790542
0.1484452455974722
0.16218229065015582
0.17697144679750468
0.19287650610928708
0.2099641233382049
0.22830390312855547
0.24796848922076736
0.26903365571610593