0.
0.
0.
0.
0.
0.
0.
0.
0.
0.
0.
0.
0.
0.
0.
0.
0.
0.
3.971889227456797e-12
3.971889227456797e-12
3.971889227456797e-12
5.9578338411851955e-12
5.9578338411851955e-12
5.9578338411851955e-12
5.9578338411851955e-12
6.08195537954322e-12
6.454319994617295e-12
7.695535378197545e-12
1.0922695375506191e-11
2.1348904597580284e-11
3.847767689098772e-11
8.973987223285201e-11
1.9722912445090157e-10
4.311982242557785e-10
9.026118269395571e-10
1.819745873867003e-9
3.559805720108154e-9
6.722050152855555e-9
1.232675821741217e-8
2.1958961958609976e-8
3.809128654207919e-8
6.448051856930215e-8
1.0668060039564703e-7
1.7274292384978386e-7
2.741718178359645e-7
4.270695695253755e-7
6.536291099764318e-7
9.839984437624525e-7
1.4585603892666823e-6
2.130646620240029e-6
3.069877900519816e-6
4.366072174786522e-6
6.133860027967626e-6
8.518041150225446e-6
0.000011699760500584297
0.000015903612279056876
0.00002140564713120527
0.000028542477331830294
0.00003772138189177383
0.000049431665664623197
0.00006425711928733922
0.00008288977333616478
0.00010614497040502758
0.00013497774108070347
0.00017050055481226007
0.00021400249979177156
0.00026696985274801997
0.0003311081241729229
0.000408365550184491
0.0005009580712416932
0.0006113957078472363
0.0007425105582706074
0.0008974860846526857
0.0010798880206341296
0.001293696581266946
0.0015433402167497523
0.0018337307291416524
0.00217029975416479
0.0025590366865403955
0.003006527831149142
0.003519997026769435
0.004107347411982099
0.004777204536676661
0.005538960693672349
0.006402820478645847
0.00737984747559315
0.008482012156200067
0.009722240905491565
0.01111446616916745
0.012673677641324791
0.014415974590250714
0.01635861923540053
0.01852009114142772
0.020920142683258685
0.02357985554249338
0.026521698196157604
0.029769584520190864
0.03334893334097453
0.03728672905554643
0.04161158335575245
0.046353797999859725
0.051545428593526225
0.057220349629859245
0.06341432058450693
0.07016505316545245
0.07751227985280346
0.08549782362245255
0.09416566900267916
0.1035620344226083
0.11373544603064069
0.12473681288368116
0.13661950369632656
0.14943942514293831
0.16325510176795752
0.1781277576483199
0.19412139981392826
0.21130290351219833
0.22974209945023344
0.24951186299824338
0.2706882055555329