61.924250141020146
62.41417879627325
62.93035144048266
63.47249458320156
64.04033469545183
64.6336021336705
65.25203206760813
65.89536786912723
66.5633641704605
67.25576688486466
67.97241686582791
68.71304744480602
69.47748976001105
70.26557074153125
71.0771340153594
71.91203941904124
72.77017075574769
73.65141716492681
74.55569542576804
75.48292736797998
76.43307896172458
77.40609313250405
78.40195366537914
79.42065675622577
80.46220840330241
81.52662111495749
82.61395980256783
83.72424425438741
84.85754614483348
86.01393837258169
87.19350544981725
88.3963425197264
89.6225554429658
90.87226052427762
92.14558201159107
93.44265242471447
94.76361493406826
96.10861783388907
97.47781700793497
98.87138036490569
100.28947334327707
101.73227390177148
103.19996259981377
104.69272718657564
106.2107581351089
107.75425106995186
109.32340537300064
110.91842477265375
112.53951565653401
114.18688562989999
115.86084252938315
117.56131146737212
119.28879491675366
121.04341847285797
122.82539262173178
124.63493696822664
126.47227430561871
128.33761475346853
130.2311864467103
132.1531997513638
134.103872604191
136.083418557388
138.09205741568647
140.1299951877604
142.1974435354934
144.29460952267698
146.42169781162525
148.57891112524797
150.76644759459754
152.9845018237433
155.23326991384948
157.51293635030973
159.82368602663837
162.16569863794166
164.53914985790595
166.9442163049868
169.3810572922807
171.84984747093222
174.35073169856895
176.8838686363674
179.4494080388025
182.04748997819186
184.67825375386036
187.34183631902602
190.0383612048391
192.76794948540424
195.53073343851793
198.32681199302363
201.15630007511157
204.01930336678296
206.9159169356111
209.84623725181217
212.8103558636665
215.80835701707454
218.84032268150452
221.90633029587013
225.0064532060353
228.1407608821101
231.30931906975243
234.51218994770377
237.7494322906553
241.0211016371091
244.32725046127626
247.66792834857944