0.
0.
0.
0.
0.
0.
0.
0.
0.
0.
0.
0.
0.
0.
0.
0.
0.
0.
0.
1.9859446137283985e-12
5.9578338411851955e-12
3.971889227456797e-12
5.9578338411851955e-12
4.2201323041728465e-12
4.716618457604946e-12
8.564386146703719e-12
1.1915667682370391e-11
2.8672075360703753e-11
6.665326609825937e-11
1.5664138140782742e-10
3.664067812328895e-10
8.215604623917669e-10
1.7636429385291759e-9
3.6309273615873023e-9
7.196566793998284e-9
1.3767436913133764e-8
2.548302067567102e-8
4.5744620597235005e-8
7.983484935034326e-8
1.3572677807296188e-7
2.2523218471985558e-7
3.654020173798813e-7
5.804773366158997e-7
9.042218074135991e-7
1.3829172483882278e-6
2.079000392858485e-6
3.0755176108581894e-6
4.481391758373426e-6
6.437706078464997e-6
9.125031716285388e-6
0.000012771933643980907
0.000017664704271729716
0.000024158428882886458
0.00003268950242227488
0.0000437895882043916
0.000058101147379677735
0.00007639456534850312
0.0000995869159588491
0.00012876241698407301
0.00016519461300012198
0.00021037020336961616
0.00026601469977740726
0.00033411973458259746
0.0004169721418743688
0.0005171846601757116
0.0006377283629189664
0.0007819667182648007
0.00095369121223196
0.0011571585559902145
0.0013971293931620953
0.0016789084384942125
0.0020083860480222737
0.0023920811239150053
0.0028371852690978437
0.0033516082596749984
0.003944024588520392
0.004623921212723401
0.005401646358177735
0.006288459262901521
0.007296581034348177
0.008439246261996864
0.009730755664992439
0.011186529493451383
0.012823161755424216
0.014658475286270779
0.016711577472280147
0.019002916818068784
0.021554340164996112
0.02438915064562087
0.027532166391947523
0.03100977982803689
0.03485001784338323
0.03908260248772587
0.04373901258858037
0.04885254597187629
0.054458382523518256
0.06059364803415406
0.06729747883385219
0.07461108731784782
0.08257782836261272
0.09124326662691158
0.10065524486879329
0.11086395327119372
0.12192199978136324
0.13388448165762454
0.14680905802635544
0.16075602381510756
0.17578838482453965
0.1919719342168263
0.20937533028264232
0.2280701757292569
0.24813109847260809
0.26963583385243095
0.292665308685874
0.3173037268080913
0.3436386564884356
0.37176111963586306
0.4017656828891239
0.4337505507069229
0.4678176605233389