 0.00000000000000E+00
 0.00000000000000E+00
 0.00000000000000E+00
 0.00000000000000E+00
 0.00000000000000E+00
 0.00000000000000E+00
 0.00000000000000E+00
 0.00000000000000E+00
 0.10798147457448E-14
 0.71987649716321E-15
 0.00000000000000E+00
 0.71987649716321E-15
 0.00000000000000E+00
 0.00000000000000E+00
 0.35993824858160E-15
 0.00000000000000E+00
-0.34256225592454E-15
 0.38084644272545E-15
-0.29416722047984E-15
-0.54203119679358E-30
-0.95446137997129E-15
 0.19218932210612E-15
 0.62724582431542E-16
-0.12946473967457E-15
 0.44821257822493E-15
-0.36754684300604E-15
-0.92894914031856E-16
-0.82333456906812E-15
-0.61264311676765E-30
-0.48838166351691E-15
 0.26116182285947E-15
-0.14681538576409E-15
 0.19963675874843E-16
 0.47038438810305E-16
-0.15006731347622E-15
-0.74119583368974E-15
-0.13127450153249E-15
-0.21538836140116E-15
 0.51718892592877E-15
 0.21804577988326E-15
 0.19921847191926E-14
 0.11419300737858E-14
 0.14593750855360E-14
 0.23360828927038E-14
 0.68844087804314E-14
 0.60366275860002E-14
 0.16187903138288E-13
 0.21329795604080E-13
 0.27560097093257E-13
 0.39569063939788E-13
 0.57542168901066E-13
 0.79309072236373E-13
 0.10897654728934E-12
 0.14979091431711E-12
 0.19825372510981E-12
 0.26389132235271E-12
 0.34699269455651E-12
 0.45110249429332E-12
 0.57653889844522E-12
 0.73442668542684E-12
 0.92920647142653E-12
 0.11609177811810E-11
 0.14447018514014E-11
 0.17875500572900E-11
 0.21909046296203E-11
 0.26678721292576E-11
 0.32344218507864E-11
 0.38940360138337E-11
 0.46615222014655E-11
 0.55577619613844E-11
 0.65818498660631E-11
 0.77569926496282E-11
 0.91053309277067E-11
 0.10635795278655E-10
 0.12369609899120E-10
 0.14326147893642E-10
 0.16527184981122E-10
 0.18989215855719E-10
 0.21742105328686E-10
 0.24803869286464E-10
 0.28199530102946E-10
 0.31953152393683E-10
 0.36099811320114E-10
 0.40651570716212E-10
 0.45646717402953E-10
 0.51111143741958E-10
 0.57071008598788E-10
 0.63562978213583E-10
 0.70615054701485E-10
 0.78253377138480E-10
 0.86517104551175E-10
 0.95433788846298E-10
 0.10504229618294E-09
 0.11536457876101E-09
 0.12645079390357E-09
 0.13832225849960E-09
 0.15102029139709E-09
 0.16457815283735E-09
 0.17903042044163E-09
 0.19442079113388E-09
 0.21077696734408E-09
 0.22813965724685E-09
 0.24654732974804E-09
 0.26603415729159E-09
 0.28664324285647E-09
 0.30840703084500E-09
 0.33136804362602E-09
 0.35556896449673E-09
 0.38104315313113E-09
 0.40783357275762E-09
 0.43597835680588E-09
 0.46552464103706E-09
 0.49650720293719E-09
 0.52897012778817E-09
 0.56296020244156E-09
 0.59851444555807E-09
 0.63567571390024E-09
 0.67449483964368E-09
 0.71501412339101E-09
 0.75727692962321E-09
