 0.24164181181679E-02
 0.58767999316775E-03
 0.26112945733485E-03
 0.14683626831844E-03
 0.93934366482842E-04
 0.65196765765989E-04
 0.47865764783937E-04
 0.36621161991492E-04
 0.28909618336378E-04
 0.23393022296979E-04
 0.19310260135564E-04
 0.16204452949924E-04
 0.13785481012038E-04
 0.11868214619885E-04
 0.10319054879323E-04
 0.90523139851354E-05
 0.80015875430066E-05
 0.71210162679368E-05
 0.63756096002557E-05
 0.57402694995883E-05
 0.51921401666902E-05
 0.47168399529722E-05
 0.43027640652931E-05
 0.39396683204508E-05
 0.36187352151342E-05
 0.33354205823717E-05
 0.30826341269556E-05
 0.28567454112128E-05
 0.26541227290530E-05
 0.24713614685981E-05
 0.23065956399661E-05
 0.21569536726059E-05
 0.20209935852172E-05
 0.18971627491428E-05
 0.17839768781206E-05
 0.16803839143557E-05
 0.15851871543629E-05
 0.14971485112018E-05
 0.14169410699383E-05
 0.13423656010459E-05
 0.12737435399182E-05
 0.12095999508252E-05
 0.11502737665163E-05
 0.10950448930769E-05
 0.10437933063776E-05
 0.99588965637205E-06
 0.95113741910247E-06
 0.90936119495218E-06
 0.87020078563593E-06
 0.83344297654496E-06
 0.79904460315203E-06
 0.76670115803346E-06
 0.73652737521810E-06
 0.70735424899955E-06
 0.68068721065365E-06
 0.65587116138640E-06
 0.63088709598627E-06
 0.60755299147035E-06
 0.58659205772810E-06
 0.56649627242548E-06
 0.54679923670147E-06
 0.52873376494920E-06
 0.51107016228536E-06
 0.49450000141161E-06
 0.47875381177536E-06
 0.46376775939554E-06
 0.44950479642869E-06
 0.43589705773213E-06
 0.42292149567862E-06
 0.41053517935977E-06
 0.39886373595389E-06
 0.38748584818183E-06
 0.37662063048932E-06
 0.36625829571326E-06
 0.35634569031485E-06
 0.34686799345817E-06
 0.33776289125537E-06
 0.32903433418016E-06
 0.32065628853376E-06
 0.31266597769224E-06
 0.30490066733132E-06
 0.29747582971213E-06
 0.29029886432544E-06
 0.28340672095432E-06
 0.27682234669324E-06
 0.27046044318065E-06
 0.26427520061929E-06
 0.25830838702967E-06
 0.25270175283959E-06
 0.24704239260308E-06
 0.24171314306867E-06
 0.23654430665193E-06
 0.23156740767464E-06
 0.22672539216908E-06
 0.22205320466868E-06
 0.21772998978218E-06
 0.21313482858672E-06
 0.20888193201067E-06
 0.20480447823642E-06
 0.20076478815806E-06
 0.19688854618225E-06
 0.19311843298358E-06
 0.18946257094811E-06
 0.18591107190770E-06
 0.18245848061933E-06
 0.17910151417796E-06
 0.17583629873436E-06
 0.17265916018635E-06
 0.16956661286927E-06
 0.16655534891941E-06
 0.16362222826275E-06
 0.16076426917133E-06
 0.15797863942445E-06
 0.15526264787481E-06
 0.15261373658485E-06
 0.15002947335970E-06
 0.14750754470402E-06
 0.14504574917391E-06
 0.14264199109657E-06
 0.14029427463774E-06
