-0.16421797531203E-04
 0.22845974188338E-05
 0.15202213337139E-05
 0.11390030402802E-05
 0.90433707271868E-06
 0.75056473286180E-06
 0.65336175278137E-06
 0.55581701713701E-06
 0.48963028802075E-06
 0.43845032516905E-06
 0.39395722947227E-06
 0.35504200959374E-06
 0.33067460961674E-06
 0.29573292476908E-06
 0.27378911957519E-06
 0.24856139063711E-06
 0.22965822238211E-06
 0.21155341452826E-06
 0.19472412667155E-06
 0.18748944355314E-06
 0.19053500709016E-06
 0.15412456555516E-06
 0.14348987618791E-06
 0.13159116725698E-06
 0.12421888175027E-06
 0.11473682027321E-06
 0.10615104076867E-06
 0.99735880014913E-07
 0.91796821087197E-07
 0.85036783275130E-07
 0.78557792146972E-07
 0.73370837793767E-07
 0.67816675239374E-07
 0.62659277473916E-07
 0.61676309082939E-07
 0.53819691544932E-07
 0.49717351545809E-07
 0.52152770123685E-07
 0.42155899368387E-07
 0.39515953442727E-07
 0.31166611783621E-07
 0.32940189792143E-07
 0.30220328522546E-07
 0.29506981128440E-07
 0.24927012329327E-07
 0.22671057905200E-07
 0.20095988911123E-07
 0.18699736883067E-07
 0.16277176945422E-07
 0.15338610037244E-07
 0.12763540709307E-07
 0.12706908210518E-07
 0.12379856948053E-07
 0.56131288543088E-08
 0.14017510325331E-07
 0.10052136733089E-07
 0.39327045226779E-08
 0.72798538074244E-08
 0.34842073309062E-08
-0.15035661431160E-08
-0.20664323016826E-08
-0.17408318954670E-08
-0.55111414785894E-09
-0.12054971731419E-08
-0.20421667475280E-08
-0.27444518709169E-08
-0.36206294243080E-08
-0.38035297585120E-08
-0.53097563984184E-08
-0.45104437343733E-08
 0.23660003606182E-08
-0.46519820370041E-08
-0.70199542859770E-08
-0.62475487918622E-08
-0.64356019807259E-08
-0.65082560949852E-08
-0.75461306894421E-08
-0.75928951563897E-08
-0.79061147634970E-08
-0.84109600394146E-08
-0.89952145143916E-08
-0.90807790468155E-08
-0.91187632631265E-08
-0.89703902946444E-08
-0.16942081135209E-07
-0.10631815980289E-07
-0.91474031397216E-08
-0.87593613177818E-08
-0.58489205759281E-08
-0.96396679294556E-08
-0.10634823027057E-07
-0.99651395004190E-08
-0.10779091796665E-07
-0.10379363962330E-07
-0.10170323487952E-07
-0.20097402845567E-07
-0.99749534751152E-08
-0.10572482994566E-07
-0.11242809029812E-07
-0.10191760527145E-07
-0.10296350043132E-07
-0.10052262568435E-07
-0.10095416599842E-07
-0.10013051397174E-07
-0.99580539288870E-08
-0.98964775674074E-08
-0.98286281866751E-08
-0.97548055038229E-08
-0.96753028724333E-08
-0.95904074606092E-08
-0.95003999688232E-08
-0.94055555496088E-08
-0.93061421415627E-08
-0.92024205358369E-08
-0.90946459431769E-08
-0.89830656268597E-08
-0.88679195858017E-08
-0.87494400693472E-08
-0.86278514972695E-08
-0.85033700612802E-08
