 0.20927116528691E-05
 0.50164806208361E-08
 0.71922365919598E-08
 0.71340320847852E-08
 0.14705945950229E-07
 0.15175736466923E-07
-0.38036011291275E-07
 0.19163899729871E-07
 0.22931986504255E-07
 0.65370213062756E-08
 0.13992265628540E-07
 0.25530136573091E-07
-0.59340869703286E-07
 0.21515333044782E-07
-0.48133377290587E-07
 0.27743339909672E-07
 0.14609496875296E-07
 0.24058236828351E-07
 0.46259781038992E-07
-0.27992193427063E-06
-0.67618016078448E-06
 0.54433833906624E-07
 0.38962644635021E-07
 0.15468533878815E-06
-0.85335157774735E-07
 0.35239073610990E-07
 0.63768235176740E-07
-0.97912769044907E-08
 0.30747850583017E-07
 0.42475966314217E-07
 0.79276292770524E-07
 0.66926328450556E-08
 0.42148260316349E-07
 0.46477201908459E-07
-0.21213447497109E-06
 0.27090071219820E-07
 0.38621787309489E-08
-0.65461990920407E-06
 0.31194480146866E-07
-0.10076719312274E-06
 0.70997379378419E-06
-0.11593328275454E-07
-0.22936153770427E-07
-0.33596361025011E-06
-0.47778036673861E-07
-0.15883880057618E-07
 0.78585791005247E-07
-0.64168750402732E-07
 0.63534204629667E-07
-0.12232746124918E-06
 0.68383885973499E-07
-0.20587063701640E-06
-0.89233796011572E-06
 0.88334458742118E-06
-0.14528080527679E-05
-0.15665496031298E-05
 0.20217139301723E-06
-0.75558459953553E-06
-0.13048565008516E-06
 0.11379868829679E-05
 0.63499585573724E-06
 0.10934447243091E-05
-0.27414023712994E-07
-0.55363449757231E-07
-0.16860829652490E-07
-0.89999550542423E-08
 0.11713868942102E-06
-0.26418875922221E-07
 0.25463068534951E-06
-0.14199064174066E-06
-0.30844258214717E-05
-0.50606782210373E-06
 0.29301433112214E-06
-0.16564791097043E-06
-0.26061690700976E-06
-0.25073566383765E-06
-0.26485843632055E-07
-0.12170764851367E-06
-0.94219514074366E-07
-0.23778684398427E-06
 0.16912864590674E-06
 0.20998459911044E-06
 0.59545366830747E-07
-0.32299974378601E-07
 0.29761617395491E-05
 0.67835089665546E-06
-0.36786173445946E-06
-0.56216103714820E-06
-0.28300580257664E-05
-0.19255314910947E-06
 0.33089313168382E-06
-0.22321198200175E-07
 0.60443851876666E-06
 0.14759628988225E-06
-0.61019053026277E-07
 0.80591577404637E-05
-0.15409151103228E-06
 0.20592784981719E-06
 0.11070600540179E-05
 0.37232873988161E-07
 0.13527241709621E-06
-0.50705433699129E-07
 0.15016122662760E-07
-0.11711648437727E-08
-0.11055671824726E-08
-0.10361262510024E-08
-0.96300471515196E-09
-0.88622427051657E-09
-0.80586326759957E-09
-0.72205165132620E-09
-0.63495751834606E-09
-0.54422122072822E-09
-0.45007056538321E-09
-0.35287456039118E-09
-0.25217284225752E-09
-0.14802932230146E-09
-0.40370755705449E-10
 0.70785716679181E-10
 0.18558238440337E-09
 0.30413585954583E-09
