0.
0.
0.
0.
0.
0.
0.
0.
0.
0.
0.
0.
0.
1.9859446137283985e-12
3.971889227456797e-12
1.9859446137283985e-12
5.9578338411851955e-12
6.206076917901245e-12
7.199049224765445e-12
1.141918152893829e-11
2.7927346130555603e-11
8.167197223958038e-11
2.5196672286679054e-10
7.300828886219025e-10
1.944115655301744e-9
4.8429741836534155e-9
1.1344708605923477e-8
2.5086204117540412e-8
5.270833538527363e-8
1.0569805429800491e-7
2.0324231649819444e-7
3.761469707124588e-7
6.723214412885353e-7
1.1640469131169128e-6
1.9575227673890244e-6
3.2048505161257146e-6
5.119129091307727e-6
7.992729507211232e-6
0.00001221929540308179
0.000018319632561848142
0.000026971826256675553
0.00003904576131260626
0.00005564219593919919
0.00007813644593359044
0.00010822681938719137
0.00014798762316100902
0.0001999268091481918
0.00026704798700817324
0.00035291676563946594
0.00046173109397254275
0.000598395380767075
0.000768598102472642
0.0009788926218653935
0.0012367808622248256
0.0015507995260020916
0.0019306084437862748
0.0023870809431004586
0.0029323955850171445
0.0035801293110425928
0.004345351352603893
0.005244717998091744
0.006296567603429691
0.007521015885268105
0.008940051150627938
0.010577629343465204
0.012459768693922424
0.014614643917142995
0.01707267983256211
0.01986664425708667
0.023031740232859636
0.02660569748038185
0.030628863047574534
0.03514429126227173
0.04019783283522492
0.0458382233094836
0.052117170807247995
0.059089443148915004
0.06681295437621665
0.0753488507721698
0.08476159643480893
0.09511905835418463
0.10649259128555431
0.11895712217002599
0.13259123438788617
0.14747725172893053
0.1637013221694134
0.1813535014713793
0.20052783657582834
0.22132244877370458
0.24383961672855856
0.2681858591620962
0.29447201738072787
0.3228133373681883
0.35332955161241264
0.3861449604453597
0.4213885129673995
0.4591938874345043
0.4996995710525096
0.5430489392747657
0.5893903342889029
0.6388771430506776
0.6916678744528149
0.7479262359816017
0.8078212096615192
0.8715271274332599
0.9392237459664954
1.0110963210717316
1.0873356817505984
1.1681383040129132
1.253706384629204
1.3442479150581175
1.4399767555359306
1.5411127098241546
1.6478816005631007
1.760515345638649
1.8792520357475362
2.0043360134161046
2.136017953691964
2.274554946809431
2.4202105829290437