 0.00000000000000E+00
 0.00000000000000E+00
 0.00000000000000E+00
 0.00000000000000E+00
 0.00000000000000E+00
 0.00000000000000E+00
 0.00000000000000E+00
 0.00000000000000E+00
 0.00000000000000E+00
 0.00000000000000E+00
 0.00000000000000E+00
 0.00000000000000E+00
 0.00000000000000E+00
 0.00000000000000E+00
 0.00000000000000E+00
-0.26652334121598E-15
-0.17460369571254E-14
-0.25688541686992E-14
-0.27110490004632E-15
-0.30927175593500E-14
 0.15116012275621E-15
 0.33402731678916E-15
 0.37487737845785E-15
-0.50493643149160E-15
-0.22680324393354E-14
 0.17799570200300E-14
-0.49836670807008E-15
 0.78063755828055E-14
-0.76024306245342E-14
 0.16807211358095E-14
-0.97378254762959E-14
-0.27683546290901E-14
-0.13907804737847E-13
-0.38245663761855E-13
-0.56578092540913E-13
-0.10127392628223E-12
-0.15450962503344E-12
-0.21361790439913E-12
-0.33660098710498E-12
-0.43006699139159E-12
-0.68562036341883E-12
-0.93064306698965E-12
-0.12729855306967E-11
-0.17457961046223E-11
-0.23567803575989E-11
-0.31049296484922E-11
-0.39904243059245E-11
-0.52048233870536E-11
-0.66363320814854E-11
-0.83425714199339E-11
-0.10454395599896E-10
-0.12915412027016E-10
-0.15872691917805E-10
-0.19372594335103E-10
-0.23385104244480E-10
-0.28081126544475E-10
-0.33468873599935E-10
-0.39661001189417E-10
-0.46624419847026E-10
-0.54608607863498E-10
-0.63624809494908E-10
-0.73708619979222E-10
-0.84936663425942E-10
-0.97492267666467E-10
-0.11132848783545E-09
-0.12666399902790E-09
-0.14361071550834E-09
-0.16202581377579E-09
-0.18228413571398E-09
-0.20436800799381E-09
-0.22839460027032E-09
-0.25435967361010E-09
-0.28253273221355E-09
-0.31291779466282E-09
-0.34579131260462E-09
-0.38100691743100E-09
-0.41881710960491E-09
-0.45940063447652E-09
-0.50278368739996E-09
-0.54916664668950E-09
-0.59849543955591E-09
-0.65123308691753E-09
-0.70721101504588E-09
-0.76684214620674E-09
-0.82999589981515E-09
-0.89712569550766E-09
-0.96820613387851E-09
-0.10433455501080E-08
-0.11228596691570E-08
-0.12069617263927E-08
-0.12956104046376E-08
-0.13891328057483E-08
-0.14877601048902E-08
-0.15915110870250E-08
-0.17006427359022E-08
-0.18153162780233E-08
-0.19357868103035E-08
-0.20620688270996E-08
-0.21945361271186E-08
-0.23332221537626E-08
-0.24782411132736E-08
-0.26298680825369E-08
-0.27881318044019E-08
-0.29532829669716E-08
-0.31252211242373E-08
-0.33042782720014E-08
-0.34903113604149E-08
-0.36836881177227E-08
-0.38844302909024E-08
-0.40924296684435E-08
-0.43077569705632E-08
-0.44964946979268E-08
-0.47654860514590E-08
-0.49983880379334E-08
-0.52436086553467E-08
-0.54961985366572E-08
-0.57563197131900E-08
-0.60237708564641E-08
-0.62986487544361E-08
-0.65808588383557E-08
