25.762827527573723
26.188673835460623
26.636431629841837
27.105788573523355
27.596442569939068
28.108216156651167
28.640496297266267
29.193358421963964
29.766443824982215
30.35952392499239
30.97238408966912
31.60482729238107
32.25667528930301
32.92776392353524
33.61794696063072
34.32709621531057
35.05509108361377
35.801854327118924
36.56728908876261
37.35133234192477
38.15394011328182
38.9750747948323
39.81471827197195
40.67286454605105
41.54952400111922
42.444718137166106
43.35848203239144
44.29086415976374
45.24192491122445
46.211736122079515
47.20037941286757
48.2079510712163
49.23455637404469
50.28030645303566
51.345325197789954
52.42974978595795
53.53371827848371
54.65738103110608
55.80089669623964
56.96463870849019
58.148154922348695
59.35224875297416
60.57689474854562
61.822290276270365
63.08863257759377
64.37611737246016
65.68495778757085
67.01536311544918
68.36754955348982
69.74172051094271
71.13815668392466
72.55702613710106
73.99858012690802
75.46305041718843
76.95067372736622
78.46168730582156
79.99633192243373
81.55484704893065
83.1374740302379
84.74445756703025
86.37604692069021
88.0324733084166
89.71400123447555
91.42085978946216
93.15329814032982
94.91155920690396
96.69588583678131
98.50652402342793
100.34371140087346
102.20768460912466
104.09868883244577
106.01694913929182
107.96270654210434
109.93618603239938
111.93762281485995
113.96723780325634
116.02525411420628
118.1118909348335
120.22736287373517
122.37188428543294
124.54566250904347
126.74890308212038
128.981807120278
131.24457174573368
133.53738998761406
135.86045069408024
138.21393845643232
140.5980335453487
143.01291185935267
145.45874488555108
147.93569967264796
150.44393881618706
152.98362045592708
155.55489828522292
158.15792157220764
160.79283519261026
163.45977967386054
166.15889125024123
168.8903019288102
171.65413956561042
174.45052795188482
177.27958690985668
180.14143239766096
183.03617662298382