27.549595021853325
27.979894782822278
28.4324057617073
28.90681635093739
29.402822412200262
29.920134841669842
30.458473468858344
31.01757385445404
31.597188322857928
32.197081319472325
32.81703678358419
33.456853325320346
34.11634687726216
34.795352839140826
35.49371918166902
36.21131282173482
36.94801879873523
37.7037361706112
38.478380074217576
39.27188762496482
40.08420304507369
40.91529095044077
41.76512873512775
42.63371275038295
43.521047807166234
44.42715370364655
45.35206739594378
46.295833572825465
47.25851174470701
48.240174483871435
49.2409015539216
50.2607885719171
51.29993890424406
52.358466521954966
53.436494032720844
54.53415609078468
55.65159349844068
56.78895523114854
57.946393967753494
59.12409135320678
60.32224671291295
61.54091406654076
62.78041026640799
64.04088171499704
65.32252769302288
66.62554728058217
67.95015362742451
69.29655040920461
70.66495965670164
72.05559827256108
73.46869293707651
74.90446934620172
76.36315804033529
77.84499017720395
79.3502010624316
80.87902852578146
82.43171273872498
84.00849119095014
85.60960764528849
87.2353042723691
88.8858238821831
90.56139750487766
92.26230574272651
93.98875703218235
95.74100461178998
97.51929088139987
99.3238614742116
101.15495163952693
103.01280171968736
104.8976513926946
106.80973468769346
108.74928502485726
110.71653238578381
112.71170725253965
114.73503072639777
116.78673416608592
118.86703256893482
120.97614278225703
123.11427854084924
125.2816487974553
127.47845975938519
129.70491350034214
131.96120833363392
134.2475383407757
136.56409344180398
138.911059311787
141.28861730954273
143.6969444186796
146.13621320104627
148.60659176259122
151.1082437316241
153.64132824939318
156.2059999728597
158.8024090895086
161.4307013439772
164.0910180762806
166.7834962712905
169.50826861917534
172.26546358651382
175.055205497567
177.87761462541147
180.7328072924641
183.6208959799711
186.54198944600097