0.
0.
0.
0.
0.
0.
0.
0.
0.
0.
1.9859446137283985e-12
1.9859446137283985e-12
5.9578338411851955e-12
5.9578338411851955e-12
4.468375380888897e-12
9.557358453567918e-12
2.5693158440111156e-11
9.631831376582732e-11
3.594559750848401e-10
1.2326509974335454e-9
3.8006015045227224e-9
1.0647021438813018e-8
2.7438927877116777e-8
6.564974346063474e-8
1.4712361772499572e-7
3.111029403590112e-7
6.246587705590538e-7
1.1974621689444303e-6
2.2018205168868263e-6
3.899156364288223e-6
6.673743291341995e-6
0.000011074571110448763
0.000017866211617364743
0.000028089030694188454
0.00004312929736732995
0.00006479923959319942
0.00009542704912992446
0.00013795657161270536
0.00019605633751966118
0.00027423725731753917
0.00037797833485880226
0.0005138596031627907
0.0006897013299481502
0.0009147086908431472
0.0011996207360841162
0.0015568629546284548
0.0020007023205742634
0.002547404024529868
0.0032153890588154056
0.004025391858643225
0.005000617450163412
0.006166897315092612
0.007552843670062561
0.009190001675124876
0.011112999169506548
0.013359693841897375
0.0159713175753588
0.018992617896973756
0.02247199646955612
0.02646164476431182
0.031017676826697576
0.036200259383472225
0.04207373932048147
0.04870676876948944
0.05617242785395392
0.06454834538716857
0.073916817525751
0.08436492456316964
0.09598464603993435
0.10887297412191903
0.12313202530912563
0.13886915055519586
0.15619704366510892
0.17523384793320826
0.19610326089991809
0.21893463707137722
0.2438630883692625
0.27102958222652274
0.3005810368620789
0.33267041375856893
0.3674568068467764
0.40510552829086605
0.4457881905242807
0.4896827843705962
0.536973753027902
0.5878520617136443
0.6425152628193738
0.7011675565287246
0.7640198468435198
0.8312897929057921
0.9032018558215185
0.9799873409585084
1.0618844359138178
1.1491382442888334
1.2420008155083548
1.3407311709299323
1.4455953264244301
1.5568663118084942
1.6748241872069975
1.7997560566630921
1.9319560791682684
2.0717254770336084
2.2193725418213073
2.3752126375327327
2.5395682007874094
2.7127687375844407
2.8951508158029595
3.087058052612109
3.2888410954501626
3.5008575948945317
3.723472167526095
3.9570563462797104
4.20198851544785
4.458653826970675
4.727444094107444
5.008757658316039
5.302999224419441
5.610579659030484
5.931915746858584
6.267429899307984