-0.00000000000000E+00
-0.00000000000000E+00
-0.00000000000000E+00
-0.00000000000000E+00
-0.00000000000000E+00
-0.17543688821032E-15
 0.24659398640322E-15
 0.40889620989667E-17
-0.91262280764110E-16
-0.20188547426500E-15
-0.15488018837723E-14
-0.98352854699309E-14
-0.46275064840655E-13
-0.17226756034089E-12
-0.53478192056967E-12
-0.14311343351643E-11
-0.33928622801852E-11
-0.72740297659454E-11
-0.14331758664894E-10
-0.26287103013565E-10
-0.45355082301210E-10
-0.74240946595489E-10
-0.11610218831533E-09
-0.17448173134134E-09
-0.25321926292069E-09
-0.35634884594155E-09
-0.48799160736651E-09
-0.65225064418268E-09
-0.85311367444107E-09
-0.10943684638978E-08
-0.13795328850161E-08
-0.17118015453487E-08
-0.20940081959404E-08
-0.25286041388667E-08
-0.30176499983689E-08
-0.35628198813131E-08
-0.41654152600658E-08
-0.48263868860702E-08
-0.55463622501707E-08
-0.63256770580767E-08
-0.71644087919511E-08
-0.80624109418425E-08
-0.90193466350028E-08
-0.10034720667564E-07
-0.11107909124129E-07
-0.12238185957285E-07
-0.13424746114876E-07
-0.14666725028479E-07
-0.15963214234588E-07
-0.17313273306359E-07
-0.18715938074015E-07
-0.20170225456809E-07
-0.21675135232675E-07
-0.23229649030636E-07
-0.24832726993775E-07
-0.26483302614915E-07
-0.28180276082340E-07
-0.29922506699786E-07
-0.31708804731287E-07
-0.33537923089765E-07
-0.35408549247000E-07
-0.37319297619869E-07
-0.39268702686767E-07
-0.41255212986716E-07
-0.43277186086253E-07
-0.45332884527821E-07
-0.47420472717256E-07
-0.49538014584698E-07
-0.51683471880014E-07
-0.53854702807814E-07
-0.56049460765491E-07
-0.58265392822201E-07
-0.60500037646130E-07
-0.62750822490877E-07
-0.65015059012904E-07
-0.67289933538233E-07
-0.69572520069312E-07
-0.71859730760400E-07
-0.74148346040050E-07
-0.76434982720179E-07
-0.78716085930443E-07
-0.80987917441667E-07
-0.83246545710819E-07
-0.85487839259585E-07
-0.87707465322255E-07
-0.89900895836720E-07
-0.92063422948148E-07
-0.94190185947163E-07
-0.96276211130341E-07
-0.98316465259589E-07
-0.10030592222814E-06
-0.10223964124638E-06
-0.10411285352288E-06
-0.10592105320137E-06
-0.10766008745055E-06
-0.10932624027516E-06
-0.11091630487309E-06
-0.11242764022168E-06
-0.11385820891036E-06
-0.11520659480328E-06
-0.11647200075221E-06
-0.11765422800683E-06
-0.11875364006374E-06
-0.11977111438273E-06
-0.12070798566016E-06
-0.12156598424024E-06
-0.12234717288022E-06
-0.12305388454053E-06
-0.12368866326160E-06
-0.12425420958293E-06
-0.12475333141340E-06
-0.12518890079493E-06
-0.12556381664814E-06
-0.12588097330724E-06
-0.12614323448590E-06
-0.12635341218599E-06
-0.12651425001953E-06
-0.12662841039023E-06
-0.12669846500114E-06
-0.12672688817977E-06
