0.
0.
0.
0.
0.
0.
5.9578338411851955e-12
1.9859446137283985e-12
4.2201323041728465e-12
1.216391075908644e-11
6.057131071871615e-11
4.3914200271069213e-10
2.6446576177944366e-9
1.260069445256833e-8
4.93282576527079e-8
1.64575106018134e-7
4.810733614064918e-7
1.2587603353917709e-6
2.998932139260521e-6
6.595256277776682e-6
0.000013538413560146301
0.000026178179735288202
0.00004804318007578115
0.00008421539037285617
0.00014175341508941122
0.0002301564802324027
0.0003618597336491001
0.000552750906888335
0.0008226984043111793
0.0011960816941596738
0.0017023160673625098
0.0023763649292010353
0.0032592346533885782
0.004398448215959209
0.005848495481771016
0.007671259231827071
0.009936417029966596
0.012721820154626504
0.016113851231719333
0.02020776283521097
0.025107999521196647
0.030928505711252715
0.037793021848164875
0.045835370916846106
0.055199736893879185
0.06604093631464407
0.07852468350068942
0.09282784926488963
0.10913871240427173
0.12765720242191778
0.14859513155219725
0.1721764133492224
0.19863726484248048
0.2282263888176292
0.2612051324561106
0.29784761875081583
0.33844084665689966
0.3832847567005637
0.4326922583761556
0.48698921660426064
0.5465143944805182
0.6116193503199087
0.6826682872404398
0.7600378540375691
0.8441168965744716
0.9353061587882738
1.0340179330343418
1.140675658870608
1.2557134696763455
1.3795756855485346
1.512716250546971
1.6555981113892595
1.8086925335537987
1.9724783497349117
2.147441134130892
2.3340722952550697
2.5328680786317883
2.7443284708040876
2.968955996012753
3.2072543986029887
3.4597272065778952
3.7268761763992857
4.009199624983493
4.30719066298531
4.62133535295289
4.9521108266170115
5.299983406334175
5.665406785432218
6.048820329257275
6.45064756195164
6.871294901848044
7.31115070056738
7.770584627474046
8.249947423318655
8.749571026393422
9.269769053811446
9.810837601831965
10.373056314365082
10.956689659384297
11.561988348814848
12.18919083888383
12.83852485314373
13.510208878695382
14.20445359593876
14.921463212469918
15.6614366812805
16.42456879209055
17.21105113165128
18.02107291440289
18.854821688985414
19.71248392887641
20.59424551704297
21.50029213546194
22.43080957049514
23.385983944838742
24.366001886271253
25.371050642638806
26.401318151711024
27.456993073633218
28.538264792905874