 0.00000000000000E+00
 0.00000000000000E+00
 0.00000000000000E+00
 0.00000000000000E+00
 0.00000000000000E+00
 0.00000000000000E+00
 0.00000000000000E+00
 0.00000000000000E+00
 0.00000000000000E+00
 0.00000000000000E+00
-0.83065020206223E-15
-0.12326921967813E-14
 0.75824821163660E-30
 0.18893528658450E-14
-0.95249170625139E-15
-0.10336209100692E-14
 0.37962086832788E-14
 0.40397535118808E-14
-0.68618090698154E-14
 0.88472174301782E-14
-0.23419428655021E-14
 0.14677156468231E-13
 0.43708383853074E-13
 0.68367151070255E-13
 0.12575617659568E-12
 0.23595178680063E-12
 0.41527852785314E-12
 0.73446674875625E-12
 0.11779336737952E-11
 0.18914052584199E-11
 0.29568827328897E-11
 0.45070391971967E-11
 0.65828175354807E-11
 0.94769338393127E-11
 0.13203989726661E-10
 0.18080758738233E-10
 0.24392527260688E-10
 0.32276729330714E-10
 0.42219337122767E-10
 0.54565469568046E-10
 0.69130620216756E-10
 0.86726615497766E-10
 0.10767037195189E-09
 0.13239774642562E-09
 0.16107801333656E-09
 0.19459664475156E-09
 0.23298887454919E-09
 0.27693483884726E-09
 0.32668780685671E-09
 0.38330999543083E-09
 0.44671518123054E-09
 0.51813816442105E-09
 0.59774242098758E-09
 0.68666308341499E-09
 0.78515611493877E-09
 0.89436523908103E-09
 0.10154247873247E-08
 0.11485261599942E-08
 0.12955632919822E-08
 0.14568945571749E-08
 0.16345303617763E-08
 0.18289684550843E-08
 0.20420002991707E-08
 0.22753949064975E-08
 0.25299069261563E-08
 0.28074777044583E-08
 0.31104445172577E-08
 0.34397570644137E-08
 0.37972616427499E-08
 0.41851707208279E-08
 0.46041318662684E-08
 0.50569429688386E-08
 0.55446692774894E-08
 0.60683304729368E-08
 0.66306558891900E-08
 0.72315790800493E-08
 0.78725288426123E-08
 0.85546489025651E-08
 0.92782728773713E-08
 0.10044095641063E-07
 0.10851913095701E-07
 0.11702111074263E-07
 0.12593889944295E-07
 0.13526584750007E-07
 0.14499877415715E-07
 0.15513257475121E-07
 0.16563351398816E-07
 0.17650146798052E-07
 0.18770842091183E-07
 0.22590043584653E-07
 0.21105239477055E-07
 0.22312925363811E-07
 0.23542276606958E-07
 0.24789728472998E-07
 0.26049339119092E-07
 0.27315639027013E-07
 0.28580802215054E-07
 0.29835113117173E-07
 0.31068741180637E-07
 0.32268011910576E-07
 0.33415759190029E-07
 0.34494122936177E-07
 0.35476779337612E-07
 0.36335462217087E-07
 0.37032996806789E-07
 0.37528228002235E-07
 0.37765372204747E-07
 0.37684127135828E-07
 0.37209241771108E-07
 0.36251425119752E-07
 0.34709560369230E-07
 0.32462557294749E-07
 0.29373731887569E-07
 0.25289649418003E-07
 0.20040154808540E-07
 0.13439429762731E-07
 0.52934188667645E-08
-0.45950372484158E-08
-0.16416006009876E-07
-0.30340006420805E-07
