 0.00000000000000E+00
 0.00000000000000E+00
 0.00000000000000E+00
 0.00000000000000E+00
 0.00000000000000E+00
 0.00000000000000E+00
 0.00000000000000E+00
 0.00000000000000E+00
 0.00000000000000E+00
 0.00000000000000E+00
 0.34874028943046E-14
-0.20149704247691E-14
-0.51237153046502E-14
 0.13556355556961E-13
 0.10490337547456E-13
 0.93243472330371E-14
 0.11373274962438E-13
-0.59739510580460E-15
 0.36436087346677E-13
-0.71707997970046E-14
-0.10952323565221E-13
 0.30803037278242E-13
-0.17389098639313E-12
 0.22387836105522E-12
-0.16553288540224E-13
 0.97149848163222E-13
-0.37788237540290E-12
-0.65823459666599E-12
-0.11590905349171E-11
-0.27281853654122E-11
-0.30283283539026E-11
-0.44751270159196E-11
-0.60942999507341E-11
-0.92931260691521E-11
-0.12771995517090E-10
-0.18979683642945E-10
-0.23730531913895E-10
-0.32674785062619E-10
-0.42162053341640E-10
-0.54208299003519E-10
-0.70343067742075E-10
-0.87770804886334E-10
-0.10577805971208E-09
-0.13542771020108E-09
-0.16299774716227E-09
-0.19546578122130E-09
-0.23754855724834E-09
-0.28417162250450E-09
-0.33391273533178E-09
-0.39528989583961E-09
-0.46086254508392E-09
-0.53693511472969E-09
-0.62152593657207E-09
-0.71837298544400E-09
-0.83481959005665E-09
-0.95556002955354E-09
-0.10945303615390E-08
-0.12529608014119E-08
-0.14244540933391E-08
-0.16194177179589E-08
-0.18423798428265E-08
-0.20865128899244E-08
-0.23550747427028E-08
-0.26518240232859E-08
-0.29951757289735E-08
-0.33513514020304E-08
-0.37736044530411E-08
-0.42326311092515E-08
-0.47275080695872E-08
-0.52716123809617E-08
-0.58664802545862E-08
-0.65218868578426E-08
-0.72278647880286E-08
-0.79940445039172E-08
-0.88039259921647E-08
-0.96907384123822E-08
-0.10618438030228E-07
-0.11623005911541E-07
-0.12692683619934E-07
-0.13814120853242E-07
-0.15000939731262E-07
-0.16242490853526E-07
-0.17531375538095E-07
-0.18888267335474E-07
-0.20284524087003E-07
-0.21736772223562E-07
-0.23208721194859E-07
-0.24751755488815E-07
-0.26305577226949E-07
-0.15922036281115E-06
-0.29462246288793E-07
-0.31052362948328E-07
-0.32632626865074E-07
-0.34156996486023E-07
-0.35641590289632E-07
-0.37058496524563E-07
-0.38307200420535E-07
-0.39420411037827E-07
-0.40341315586716E-07
-0.40931400324657E-07
-0.41149997407577E-07
-0.40877274678619E-07
-0.40006717429468E-07
-0.38346507051133E-07
-0.35729343983768E-07
-0.31905188043889E-07
-0.26610243741775E-07
-0.19456443607593E-07
-0.10195754455779E-07
 0.17777316935777E-08
 0.16900501547729E-07
 0.35679467490359E-07
 0.58824222595556E-07
 0.86839496129766E-07
 0.12047509464361E-06
 0.16030868558536E-06
 0.20667206621129E-06
 0.26003224432317E-06
 0.32043369480376E-06
 0.38725277287306E-06
