 0.00000000000000E+00
 0.00000000000000E+00
 0.00000000000000E+00
 0.00000000000000E+00
 0.00000000000000E+00
 0.00000000000000E+00
 0.00000000000000E+00
 0.00000000000000E+00
 0.00000000000000E+00
 0.00000000000000E+00
 0.00000000000000E+00
 0.00000000000000E+00
 0.00000000000000E+00
 0.00000000000000E+00
 0.00000000000000E+00
 0.00000000000000E+00
 0.00000000000000E+00
-0.12623274692023E-14
-0.50120197819823E-15
-0.10416148919132E-14
-0.36025832184436E-29
-0.16813171301403E-14
-0.16724298644318E-14
-0.15423483212510E-14
-0.27961644262835E-14
-0.25690747118886E-14
-0.23681466020433E-14
-0.20536134661054E-14
-0.30136587069344E-14
 0.79688070622514E-14
-0.11271164305882E-13
-0.10047145119565E-14
-0.81387293287065E-14
-0.16008206257433E-13
-0.25065704032979E-13
-0.18769822168826E-13
-0.33134477246688E-13
-0.38441559959194E-13
-0.61310403500939E-13
-0.11418380150700E-12
-0.14131783373004E-12
-0.20926504863696E-12
-0.32923002105413E-12
-0.44935489099799E-12
-0.59250571595784E-12
-0.85796128186483E-12
-0.11086909903044E-11
-0.14635007965528E-11
-0.19283921071012E-11
-0.25595396651256E-11
-0.31788148445934E-11
-0.40739876060390E-11
-0.51269525005994E-11
-0.63856324277473E-11
-0.78606116597259E-11
-0.96065994279620E-11
-0.11636828115863E-10
-0.14049606541845E-10
-0.16860292153430E-10
-0.20009723493215E-10
-0.23771850190255E-10
-0.27934404179976E-10
-0.32677036528032E-10
-0.38016098602431E-10
-0.44046917104070E-10
-0.50822054521869E-10
-0.58237350063902E-10
-0.66665458432386E-10
-0.75878117863567E-10
-0.85993705338867E-10
-0.97131743700231E-10
-0.10942321952997E-09
-0.12277498450661E-09
-0.13738777209744E-09
-0.15307588891771E-09
-0.17022873104145E-09
-0.18876385091666E-09
-0.20869204633338E-09
-0.23028311747292E-09
-0.25326712461458E-09
-0.27812851016127E-09
-0.30475449364181E-09
-0.33305654303760E-09
-0.36338705719679E-09
-0.39564914226317E-09
-0.42998045683635E-09
-0.46648597032670E-09
-0.50534745631788E-09
-0.54637021128053E-09
-0.58993159080514E-09
-0.63599002520536E-09
-0.68474439591319E-09
-0.73618928991233E-09
-0.79053256027693E-09
-0.84776757568969E-09
-0.90814859800134E-09
-0.97176674513722E-09
-0.10384923187094E-08
-0.11086163835299E-08
-0.11824634907903E-08
-0.12597931941065E-08
-0.13410062520486E-08
-0.14260113791678E-08
-0.15150316322901E-08
-0.16081815615785E-08
-0.17054748598792E-08
-0.18071842977842E-08
-0.19132908162476E-08
-0.20240047887468E-08
-0.21392069674021E-08
-0.22591843991188E-08
-0.24100591341872E-08
-0.25137327686188E-08
-0.26484398570488E-08
-0.27881413726468E-08
-0.29328365329974E-08
-0.30828704765954E-08
-0.32381005297288E-08
-0.33984808375751E-08
-0.35642555703374E-08
