88.6886417398485
89.20916809058076
89.7579878538643
90.33486459893707
90.9395318288407
91.57186600849806
92.23153559922648
92.91835954434266
93.63212947338002
94.37265387924515
95.13974700627338
95.93324146210598
96.75298270375244
97.59883444074157
98.47067376540382
99.36839453176809
100.29190729049024
101.24113800828621
102.21601967596422
103.21653629557363
104.24263271665207
105.29430422192372
106.37155422640605
107.47439428067933
108.60285432006071
109.75697280771948
110.93680269348116
112.14240866008436
113.37386136733194
114.63125442864437
115.9146749605189
117.22423425607882
118.56003932993588
119.92221574120208
121.3108919555398
122.72620667247769
124.16830263057737
125.63733066884471
127.13344900652982
128.65681827396236
130.20760495271497
131.7859888806662
133.39213807965854
135.02623720245074
136.68846887591727
138.37902041547682
140.09808209047048
141.84584709346893
143.62250776369257
145.42826091856386
147.26330272822716
149.12783035317906
151.02204267759853
152.94613826620494
154.90031245325875
156.88477302320334
158.89969054330766
160.94528287926917
163.02173640300924
165.12924253365665
167.2679886626412
169.43816161967518
171.63994692902145
173.87351948750972
176.13906421737238
178.43674774746117
180.76673823756082
183.12920963811578
185.52431513526767
187.9522132457696
190.4130574747367
192.9069917634482
195.43416380506739
197.99470551302306
200.58875011717288
203.21642857216503
205.87785403290698
208.57315690498987
211.30243501056265
214.06579898092198
216.86334882489948
219.69518201785894
222.56138360784448
225.4620445510876
228.3972389294478
231.36704370029312
234.37152904884348
237.41075944785985
240.48479479238696
243.59369181243304
246.73750063662072
249.9162676588829
253.13003889221207
256.37884788893365
259.6627402815232
262.9817373876675
266.335873612208
269.7251727251932
273.1496541864697
276.6093410431074
280.10424912728416
283.6343929109098
287.19978463945654
290.8004345226233