 0.79104603075678E-29
 0.19776150768920E-29
 0.87894003417420E-30
 0.49440376922299E-30
 0.31641841230271E-30
 0.21973500854355E-30
 0.16143796546057E-30
 0.12360094230575E-30
 0.97660003797134E-31
 0.79104603075678E-31
 0.65375705021222E-31
 0.54933752135888E-31
 0.46807457441230E-31
 0.40359491365142E-31
 0.35157601366968E-31
 0.30900235576437E-31
 0.27371834974283E-31
 0.24415000949283E-31
 0.21912632430936E-31
 0.42453822967354E-17
 0.77013737809259E-17
 0.77614413992755E-17
 0.20508878964071E-16
 0.38259737249999E-16
 0.17744895549167E-16
 0.13293784337412E-16
 0.93926205497351E-18
 0.91201198489179E-17
 0.28571869948043E-17
 0.36190061165537E-17
 0.54130171951550E-17
 0.12819457039736E-16
 0.40815891987869E-16
 0.66396338130755E-16
 0.11511176458932E-15
 0.21493014134795E-15
 0.38357641779824E-15
 0.66309856488680E-15
 0.11794730066273E-14
 0.19341349851646E-14
 0.31633098756696E-14
 0.50690248720716E-14
 0.79301906552577E-14
 0.12088742887782E-13
 0.18118639035400E-13
 0.26689953483467E-13
 0.38586576549096E-13
 0.54980477112922E-13
 0.77140413362688E-13
 0.10668237009137E-12
 0.14573956070204E-12
 0.19656603278825E-12
 0.26208100093839E-12
 0.34560435158793E-12
 0.45106077614180E-12
 0.58293808880534E-12
 0.74642803081415E-12
 0.94746806194126E-12
 0.11926125976518E-11
 0.14893981721750E-11
 0.18460955735311E-11
 0.22719617385790E-11
 0.27770691292412E-11
 0.33725721285478E-11
 0.40705932486975E-11
 0.48842375769286E-11
 0.58277014993416E-11
 0.69161564930978E-11
 0.81659509611803E-11
 0.95943724546476E-11
 0.11219844922997E-10
 0.13061885845031E-10
 0.15140959686827E-10
 0.17478643306741E-10
 0.20097474513811E-10
 0.23021014869389E-10
 0.26273696398631E-10
 0.29881028267283E-10
 0.33869191566764E-10
 0.38265466127913E-10
 0.43097692900353E-10
 0.48394657127227E-10
 0.54185764086761E-10
 0.60501131162550E-10
 0.67371467829960E-10
 0.74828092463342E-10
 0.82902806186006E-10
 0.91627926533473E-10
 0.10103618373880E-09
 0.11116069220757E-09
 0.12203485269233E-09
 0.13369240387366E-09
 0.14616732099961E-09
 0.15949372622426E-09
 0.17370595276792E-09
 0.18883841164462E-09
 0.20492557296388E-09
 0.22200195928028E-09
 0.24010211565560E-09
 0.25926052041130E-09
 0.27951161239649E-09
 0.30088973328794E-09
 0.32342909936225E-09
 0.34716381647312E-09
 0.37212779457016E-09
 0.39835480407801E-09
 0.42587838616761E-09
 0.45473189073716E-09
 0.48494846051155E-09
 0.51656097233973E-09
 0.54960209499704E-09
 0.58410423362698E-09
 0.62009952427629E-09
 0.65761989310117E-09
 0.69669696656029E-09
 0.73736213194438E-09
 0.77964651587310E-09
 0.82358098461788E-09
 0.86919614195587E-09
 0.91652234121566E-09
