-0.25299387690157E-33
-0.40479020304251E-32
-0.20492504029027E-31
-0.64766432486801E-31
-0.15812117306348E-30
-0.32788006446443E-30
-0.60743829844066E-30
-0.10362629197888E-29
-0.16598928263512E-29
-0.25299387690157E-29
-0.37040833517158E-29
-0.52460810314309E-29
-0.72257581181856E-29
-0.97190127750506E-29
-0.12807815018142E-28
-0.16580206716621E-28
-0.21130301592696E-28
-0.26558285221619E-28
-0.32970415031689E-28
 0.62348298372552E-14
 0.15156949269741E-13
-0.28828675580853E-13
-0.55279163254535E-13
-0.12442217684113E-12
-0.11604814239792E-12
-0.12518041291121E-12
-0.68524941040348E-14
-0.13869113123053E-12
-0.61654423229532E-13
-0.15641899315499E-12
-0.64751220702656E-13
-0.18616007855413E-13
-0.58017738660068E-12
-0.14062048745706E-12
-0.35341669124547E-12
-0.57830860743038E-12
-0.38735227025342E-12
 0.78465580827442E-12
-0.47361744763154E-12
 0.30191788850162E-12
 0.29814318541077E-11
 0.52524923523548E-12
 0.14112375612275E-11
 0.25314991386183E-11
 0.25733665385245E-11
-0.14718400499478E-12
 0.22442266206414E-11
-0.25519418173922E-11
-0.33285795629710E-11
 0.27756234591664E-11
-0.34060693704963E-11
-0.34500329452623E-11
-0.78771042760141E-11
-0.30146209684129E-11
-0.38100712176134E-11
 0.10807492611094E-11
 0.12224116559933E-11
-0.76984056128023E-11
 0.57022486620678E-11
 0.47481943912112E-11
 0.27046796215042E-11
-0.93285024626665E-11
 0.36910618582330E-12
 0.28372276034140E-11
 0.81734224847524E-11
 0.21341772706556E-10
 0.22430573124658E-11
 0.39228574583474E-10
-0.73184152146028E-11
 0.28830974999818E-12
 0.21081746301788E-10
 0.21098097475683E-10
 0.30095705024828E-10
 0.17860978230592E-10
 0.19993868831396E-10
-0.14964958110949E-10
 0.57057209907645E-10
-0.22457918236586E-10
 0.79802113478545E-10
-0.31861987766670E-10
 0.51340142638528E-10
 0.68106251151179E-10
 0.99832505155465E-10
 0.26695390458037E-10
 0.10376394523904E-09
-0.19824334747407E-10
 0.72940443606170E-10
 0.14725402956233E-09
 0.14624243447880E-09
 0.15822262238979E-10
 0.66896759580194E-10
 0.18464573126133E-09
 0.73578589406466E-10
 0.27789936316480E-09
 0.31344396194546E-09
 0.13273223488440E-09
 0.13658721751611E-09
 0.30938043836722E-09
 0.26583985032138E-09
 0.37115922621363E-09
 0.39628789534553E-09
 0.34564983037010E-09
 0.48615897346400E-09
 0.44575545680240E-09
 0.57022682229841E-09
 0.47006568089957E-09
 0.61001098923561E-09
 0.82143515693360E-09
 0.66749576162938E-09
 0.87789874374663E-09
 0.73289272846921E-09
 0.56670460346039E-09
 0.94995288237085E-09
 0.87263265817425E-09
 0.90230883327929E-09
 0.12283905847766E-08
 0.12808313711152E-08
 0.11533484319498E-08
 0.12773118102989E-08
 0.13993266747563E-08
