0.
0.
0.
0.
0.
0.
0.
3.971889227456797e-12
1.9859446137283985e-12
4.096010765814822e-12
3.971889227456797e-12
2.3334849211308683e-11
1.6917765678198793e-10
9.507709838224707e-10
4.41599609170181e-9
1.713224769648146e-8
5.7189495284613406e-8
1.6843776829183575e-7
4.460949189248936e-7
1.0791151369154358e-6
2.4145637165386357e-6
5.049387929578196e-6
9.954021721598651e-6
0.00001863088333095934
0.00003330950440095782
0.000057178130840682886
0.00009465018396464465
0.00015166248594765045
0.0002360011550736192
0.00035765013802231845
0.000529157154794353
0.000766011514123596
0.0010870284311205285
0.0015147350975117004
0.002075754017481702
0.0028011798860921003
0.0037269471011167313
0.004894185544274517
0.006349563127879136
0.00814561414347417
0.010341053140751665
0.013001074427611082
0.01619763785925664
0.02000974165522856
0.024523683483225298
0.029833310924576383
0.03604026251107088
0.04325420056107578
0.05159303680754433
0.0611831516811795
0.07215960778173061
0.08466635786907574
0.09885644732183489
0.11489221076152596
0.13294546211007094
0.15319767709289273
0.1758401669292587
0.2010742416391129
0.22911136124371384
0.2601732730222106
0.29449213279141867
0.3323106082584733
0.37388196262860174
0.41947011644805876
0.4693496862940515
0.5238059986937287
0.5831350781757451
0.6476436085359011
0.7176488666899201
0.793478628610299
0.8754710474030869
0.9639745033446137
1.0593474261101554
1.161958089346458
1.2721843777846045
1.390413142762138
1.5170418341006855
1.6524743430287598
1.797124496079068
1.95141375695452
2.115771198585617
2.2906330536979036
2.476442223736893
2.6736477409999164
2.8827041780456124
3.1040709978928493
3.338211837995716
3.585593721161078
3.8466861871520885
4.121960339948888
4.411887807991292
4.716939617736353
5.037584985213432
5.374290035246303
5.727516464126875
6.097720167757041
6.485349863612633
6.890845740410814
7.314638173368617
7.75714654504113
8.21877821061904
8.69992764318191
9.200975787347312
9.722289640897213
10.264222073041822
10.82711187662871
11.411284040798733
12.017050221057136
12.64470937678064
13.29454854150714
13.966843689710426
14.661860664338958
15.379856132197471
16.12107853817524
16.885769034452444
17.674162365863673
18.48648769781107
19.322969377734335
20.18382762516464
21.069279148828766