0.
0.
0.
0.
0.
0.
0.
3.971889227456797e-12
1.9859446137283985e-12
4.2201323041728465e-12
6.82668460969137e-12
5.0393344573358114e-11
3.543669920121611e-10
1.919663712245213e-9
8.518585299049608e-9
3.170064089663956e-8
1.0209393718870294e-7
2.9115983630487395e-7
7.492204438920962e-7
1.7660064608625894e-6
3.859898583528655e-6
7.901625415150286e-6
0.000015276418326076857
0.00002808709750122853
0.00004939838781133864
0.00008352088332367999
0.00013633135186854844
0.00021562455580203727
0.0003314910243482943
0.00049671441294114
0.0007271821290480694
0.0010423029418167313
0.0014654259868474996
0.002024255950132728
0.002751260367671767
0.0036840654831902116
0.004865838314466777
0.006345653155563995
0.008178841749132838
0.010427326821590461
0.013159939407404429
0.016452720804772183
0.020389210240567196
0.0250607197152679
0.030566597410459237
0.03701448113868379
0.04452054322766554
0.05320972792223908
0.06321598224172241
0.07468248086927802
0.0877618452642851
0.10261635682879373
0.11941816354965433
0.13834947910907644
0.15960277325132158
0.18338095157622694
0.20989752294440658
0.2393767523005302
0.272053796683719
0.3081748219891731
0.3479970982485814
0.39178907119090445
0.4398304079613025
0.4924120152551679
0.5498360282267483
0.6124157689753332
0.6804756735821452
0.7543511871458439
0.8343886263258659
0.920945009362819
1.0143878534818458
1.1150949398130086
1.2234540458013878
1.3398626450676745
1.4647275742329435
1.5984646658434785
1.7414983460691589
1.894261194969149
2.057193466438071
2.2307425639533673
2.4153624673300285
2.6115131048012747
2.8196596638509677
3.0402718337384615
3.2738229724442407
3.5207891910621933
3.7816483499063476
4.05687896238314
4.346959006027847
4.652364643983608
4.973568865961311
5.311040063877413
5.665240564427931
6.036625148150422
6.42563959114473
6.832719270697832
7.258287879197899
7.702756290552635
8.166521619927053
8.64996651069601
9.15345867250171
9.677350682240315
10.221980046632499
10.787669512293563
11.37472759805646
11.98344931572719
12.614117039785942
13.267001484395363
13.9423627466822
14.640451378293543
15.361509452081823
16.105771596584223
16.873465977007445
17.66481520750925
18.48003718499727
19.319345839244516
20.18295179812372
21.071062969605784
21.983885044386096
22.921621924601077