12.960123689879671
13.343849798528334
13.74672948378428
14.16847520356803
14.608820630533044
15.067516911679542
15.544334807103537
16.039065197481392
16.55151598814999
17.081515545027102
17.628907503497526
18.193551396396575
18.77532380786934
19.374116960942434
19.98983489657026
20.622404375680198
21.271753641560803
21.937832963899062
22.62060237711773
23.320035644258443
24.03611821071567
24.76884590105526
25.518228946891046
26.284287596929325
27.067056330686572
27.86657550133238
28.68289643892418
29.516080552493523
30.36620692019559
31.233352818696098
32.11761321584103
33.01908746723432
33.93793670577621
34.87413514893826
35.82795317734423
36.799479177294785
37.788856270857345
38.79623425797848
39.82177288980594
40.86563523026775
41.927995544964
43.009028921280645
44.10892206278988
45.22786164699963
46.36604567738603
NaN
48.700953851389805
49.89809159607981
51.11530701141058
52.35281776676664
53.61084347330604
54.88961582892957
56.18936024981873
57.51031607570915
58.85271048773226
60.21678937436852
61.60279310771471
63.010962035770916
64.44154195764152
NaN
67.37092652832493
68.87022639554604
70.3929330449693
71.93929544233718
73.50956529997043
75.10399377492975
76.72283441175276
78.36633333232363
80.03474515735506
81.72831730346795
83.4472994267818
85.19193851074587
86.96248085240467
88.75917092528526
90.58225138735236
92.431962883366
94.30854385327362
96.21223034705312
98.14325584645933
100.10185109411647
102.0882439303713
104.10265913834711
106.14531829760458
108.2164396467954
110.31623795570222
112.44492440698583
114.60270648798586
116.7897878928542
119.006368435282
121.2526439720404
123.5288063375334
125.8350432894933
128.1715384659444
130.53847135348315
132.93601726692827
135.36434734027688
137.8236285290208
140.31402362359063
142.83569127391127
145.38878602485997
147.97345836243568
150.58985477042174
153.23811779727976
155.91838613299493