80.08785132687527
80.13303498976455
80.20832310463054
80.31368814423722
80.44909169790417
80.6144837354432
80.80980319157665
81.03497260465696
81.28990276834114
81.5744991278813
81.88863196136346
82.2321674603947
82.60494965534868
83.00680615765587
83.43754595323703
83.89696368903292
84.38484098531738
84.90094954796564
85.44505342258464
86.01691483355397
86.6162928305908
87.24295088188957
87.89665714770958
88.57718730155938
89.28432699591941
90.01787119027107
90.77763706489682
91.56344273872183
92.37512937657124
93.21255247532616
94.07558495083742
94.9641098845262
95.87803998587836
96.8172870934975
97.7817913412473
98.77150402393892
99.78639293052132
100.82644066914139
101.89164226997501
102.98201030947243
104.09756799894718
105.23835085992414
106.40441195492868
107.59580938099676
108.81261684678469
110.0549157806164
111.32280197518739
112.61654883294915
113.93575261118845
115.28104996162307
116.65239890343263
118.049935050353
119.47380240121116
120.92415099008574
122.40113903742862
123.90492849915077
125.4356872621872
126.99343614776436
128.57880864163025
130.19153196573495
131.83194189725887
133.5002267902465
135.19658004412787
136.92119448399473
138.67426645802607
140.45599373470608
142.26657715151111
144.10621506715475
145.97510907616265
147.87346087203392
149.8025751984577
151.75933508690417
153.74727062088135
155.76545875422636
157.81410154638294
159.8933961694561
162.00349164343163
164.14470288644335
166.31710838301203
168.52091612597164
170.75632044512318
173.02349451026407
175.3226158662729
177.6538468425972
180.01738237669576
182.41335556980727
184.8419405823416
187.30328504927044
189.79754340780062
192.32484818366234
194.8853646750446
197.47920210589393
200.10649916403008
202.7673756186426
205.4619536703582
208.19035534206438
210.95267336653396
213.7490190119583
216.5795264277859
219.44417525522124
222.34316609792393
225.27654319206036
228.24437303508535
231.24676441169768
234.28374237313767
237.35539853474683
240.46177898943273
243.60294118166115
246.7789355326285
249.98980551802416
253.23560036706718
256.5163561256333
259.83210752113825
263.1828849720086
266.5687200665099
269.98963820199356
273.4456627170946
276.9368143930549
280.4631116437587
284.0245707055358