81.26804709858173
81.31333001678512
81.38878272769841
81.49437904854145
81.63008029130009
81.79583690115255
81.99158719702503
82.21725696176132
82.47275811566429
82.75798872215495
83.07282900917392
83.41714310967933
83.79077695372214
84.19355854119266
84.62529926182481
85.08579505769487
85.57482969482133
86.09217600982315
86.63760053898952
87.2108666279965
87.81173593139076
88.4399736304371
89.09534976059523
89.77764213645483
90.48663837611433
91.22213761909096
91.9839522684754
92.77190835552364
93.58584940137723
94.42563038569816
95.29112487928413
96.18222295978326
97.09882988748411
98.0408645500802
99.00828444168884
100.00100218552981
101.01902178487597
102.06231487748018
103.1308799648015
104.22473019008973
105.34388336731995
106.48839392831593
107.65829594057602
108.85365802499783
110.07455009076762
111.32105929438876
112.59327845276748
113.89140572424353
115.21526545449525
116.56526767676166
117.94144610394426
119.34393756495012
120.77288236637423
122.22843896884689
123.7107558097639
125.2200008273545
126.75633928464673
128.31994274095192
129.91099639932438
131.5296727415053
133.1761527293401
134.85064619755622
136.5533227401156
138.2843837014007
140.04403015209687
141.8319935212907
143.64983344803326
145.49639816142152
147.3723442855971
149.2778626116075
151.21315540800816
153.17842626495653
155.17387120595774
157.19968736739364
159.25607172060612
161.34321939706288
163.46132161706393
165.61056770232236
167.79114738729388
170.0032428685997
172.2470335606477
174.52269896871667
176.83041679891605
179.17034958455653
181.54266608380183
183.9474929091644
186.38509252573854
188.85551021356045
191.35892897958254
193.89549246300473
196.46533932003103
199.0685991096345
201.70539704148234
204.37585724694458
207.08010317953543
209.81823623184437
212.59036591034484
215.39659361766724
218.23711149370615
221.1116998261794
224.02079278292126
226.9643165896477
229.94236384114518
232.9550082016755
236.00231246251894
239.0843384092697
242.20114684341272
245.35278493543856
248.5393027274222
251.7607471821631
255.01715550600125
258.3085656250886
261.63501290536175
264.9965257178146
268.3931312131721
271.82485418365155
275.291716068194
278.7937358931421
282.3309303562953
285.90331401701553