85.92278712850104
85.96845069573935
86.04453959543807
86.15102694099926
86.28787551917026
86.45503695680581
86.65245118708074
86.88004604562614
87.13773569364928
87.4254213284815
87.74298683914749
88.09030056561257
88.46721314224683
88.87355778708056
89.309152405352
89.77379870946498
90.2672870205664
90.78939715467125
91.33990416494265
91.91860709743395
92.5251868020048
93.15950533928148
93.82131179020747
94.51039122700756
95.22653986047023
95.96956437523737
96.73928598952462
97.53553860790717
98.35817121274349
99.20704886114157
100.08205152767377
100.9830758608144
101.91003230732481
102.86285470685783
103.84148220353872
104.84587363604415
105.87600342352184
106.93186427363183
108.01345312822919
109.12078802284096
110.25389870786252
111.41282583436072
112.59762296199727
113.8083543670192
115.04509589211038
116.30793580200151
117.59696703730258
118.9122958337785
120.25403612995895
121.62231150197138
123.01724997312043
124.43899007237138
125.88767613470087
127.36345611291385
128.86649540478274
130.3969469367042
131.95498264758902
133.5407735925091
135.15449597233052
136.7963303741262
138.46645919509646
140.16507138306883
141.89235424466736
143.64849929035637
145.43370107596368
147.2481541725902
149.0920410423315
150.96559525861625
152.868974844517
154.802395412483
156.7660465516862
158.76073456589145
160.7848321217118
162.84035170081992
164.9268778831605
167.0446066719284
169.1937166313128
171.3743865475992
173.58682484626524
175.83118051399205
178.10762884010717
180.41637797513215
182.7575552349873
185.13133596250708
187.53788094582944
189.97734015738143
192.449869207121
194.95560773367166
197.4946991358139
200.06727766391202
202.67346905568795
205.3133992835144
207.98718841907655
210.69494874208544
213.43678918207308
216.21281312504985
219.02311737976126
221.86779382879214
224.74692919085976
227.66060607695348
230.60890483661677
233.59189125982255
236.60963530908225
239.66219970229946
242.74963961919477
245.8720052456642
249.02935348559143
252.22170744409237
255.44915544691258
258.71168735901017
262.0093497016371
265.34217206352804
268.71018620444437
272.1134038729432
275.55185781172264
279.02555571799724
282.53451504718436
286.0787479825317
289.65826453286553
293.2730727234332