93.08893451552296
93.13515988442454
93.21218523036856
93.3199851322469
93.45852342681495
93.62775406270121
93.82761854071063
94.05804766622246
94.31895947850653
94.61025832048668
94.93183370907263
95.28385376640293
95.66529389355077
96.07687732155765
96.51813549211063
96.98888042021545
97.48891212311406
98.01802105119553
98.57599378114766
99.16261117701147
99.77765617150398
100.42091415985765
101.09217635404958
101.79124153999635
102.51791888271913
103.27203009267836
104.05340364815223
104.8618858352291
105.69735556786263
106.55967002489226
107.44872843838012
108.36443835937158
109.3067218870436
110.27551006886968
111.27078287060952
112.29248046988293
113.34059525786358
114.41512409228218
115.51607537333514
116.64347346581262
117.79735259589417
118.97775151440895
120.18475378113318
121.41840549845462
122.67879228344111
123.96600678779811
125.28014360337106
126.62131619766652
127.98963445169767
129.3852218787562
130.8082300437591
132.2587731409529
133.73700448053708
135.24307441714797
136.77714212498984
138.33936708575578
139.92991650150321
141.5489613808527
143.19667599297412
144.87324023899887
146.57883273447922
148.31363897006284
150.07784502015767
151.87163617978274
153.69520782157988
155.5487457179698
157.43244230119208
159.34648942017392
161.29107836474148
163.266396879495
165.27264586693568
167.31000345955772
169.37959567493135
171.4788051974677
173.61061813066655
175.7742844614002
177.9699779613225
180.1978815714989
182.45815849483134
184.75098774925146
187.07652569969272
189.4349338299532
191.82637613743054
194.25100209322414
196.7089544778718
199.20037874070314
201.7254142166659
204.28419166521732
206.87684038227965
209.50347946206378
212.16423179787307
214.8592038966572
217.58849374942852
220.3522295325752
223.1504789489075
225.98334203332584
228.85090148671014
231.75323860767313
234.6904246937501
237.66252764569637
240.66965303206558
243.71174619952865
246.78896527042357
249.90133750460464
253.0488880020554
256.23167254970974
259.44972284260245
262.7030670591778
265.9917348828844
269.31575402363706
272.67514082164826
276.06991533221435
279.50008953434065
282.96567662716046
286.46669016707983
290.00313293565716
293.5750054573953
297.1823123254491
300.8250534859852
304.5032271410302