61.1972825762997
61.24073507531164
61.31313562839
61.41445327239017
61.54464442245374
61.70365294309574
61.891407886288825
62.10782383923953
62.35279958248997
62.62621464539077
62.92793241888062
63.25779109716667
63.61561134951257
64.00119280793297
64.4143174994141
64.85475013707752
65.32224291356042
65.81653760994402
66.33736916277654
66.8844190579731
67.4575705358378
68.05640539475527
68.68071281328922
69.33024529484699
70.00475617376841
70.70401666973211
71.42781103940206
72.17593756836314
72.94827447058796
73.74445647811808
74.56451915157429
75.40828529329298
76.27561244562621
77.16640535929744
78.08058437872359
79.01807155339262
79.97883627463767
80.96282367762086
81.97002160842084
83.00042501267401
84.05404352007304
85.1309014847162
86.2310373530771
87.35449536667593
88.50135443824975
89.67167270787388
90.86554170929196
92.08305799953948
93.32432865455283
94.58946859733877
95.87860357388443
97.19186789427931
98.52940352330381
99.89135984921124
101.27789360813838
102.68916727525489
104.12535266684934
105.58662442934045
107.0731628389194
108.58515405543046
110.12279045083112
111.68626413253037
113.27577491787126
114.89151555393707
116.53371608369726
118.2025587608183
119.89826225555083
121.62143197013987
123.37108757194767
125.14865785504506
126.95393219242891
128.787134983416
130.6484843371206
132.53819810079676
134.45648628695986
136.40356359910322
138.37964757986802
140.38494868999882
142.4196720325623
144.4840152080002
146.57823334935193
148.7024763073645
150.85696319993028
153.0418909931019
155.25745684156584
157.5038453497952
159.78123718769464
162.08985389115688
164.42983174627696
166.80136282001078
169.20461573432465
171.6397525955038
174.10694640190823
176.60634363461423
179.13810066828435
181.70236398618218
184.299272097204
186.9289546523694
189.59158814770717
192.28724606207672
195.01607630181562
197.77818869089305
200.573701164755
203.4027157753419
206.26533845799767
209.1616692253669
212.09179401814626
215.05580708888434
218.05379048719757
221.08582578824146
224.151986914779
227.25234558660077
230.38696929048774
233.5559216701693
236.7592627258906
239.99704897740773
243.26933363179646
246.57616675568946
249.91759545100234
253.29366403372134