97.27453333172554
97.3210738781514
97.39862484777105
97.50716118669973
97.64664805236303
97.81703928707317
98.01827815316194
98.25029730291443
98.51301596326869
98.80634114786884
99.13016373768232
99.48436380376351
99.86879966378781
100.28331758767798
100.72774818105387
101.20190791416536
101.70560341709253
102.23863201075235
102.80078469730717
103.39185094105935
104.01162113762824
104.65988835590626
105.33645121679882
106.041116658719
106.77370248066067
107.53403630291456
108.32196003646979
109.13732782366489
109.9800099128222
110.84988995577038
111.74686765188468
112.67085731269414
113.62242801713202
114.5996060458176
115.6042687725225
116.63575078897175
117.69403927406331
118.779135349238
119.89105470532209
121.02981885479572
122.19547657309734
123.38806989628787
124.60766461785543
125.85432946296243
127.12814798886859
128.42921746474954
129.75763192844218
131.11350312178413
132.49694724303842
133.90809281486776
135.34706887604958
136.81401761132543
138.30908077144858
139.83241368505062
141.3841688463261
142.96451080122765
144.57360393108124
146.2116181121831
147.87872854694268
149.5751087211806
151.3010203418511
153.05641301963493
154.84169792314526
156.65698824589478
158.5024722898446
160.37833417726873
162.28476436021865
164.22195030149257
166.19008124548333
168.18934451016557
170.2199253486147
172.28201193892747
174.375786042469
176.50180553332416
178.65912215669948
180.84903956218176
183.07135644908223
185.3262414159833
187.61386433414683
189.93438551499275
192.28796485576413
194.6747592169146
197.09491535317022
199.54858265845158
202.03590101173455
204.5570037649555
207.112025375477
209.7010915233178
212.32431894483616
214.98182949842322
217.67372470381028
220.4001118502086
223.16108956602812
225.95675265195803
228.78718637864992
231.6524734212784
234.5526912109653
237.48790673299092
240.45819314875996
243.46360690662158
246.5042036144802
249.58003699386165
252.6911474931081
255.83758592106045
259.0193815814431
262.23657019905033
265.4891802554217
268.7772244599965
272.10075537855414
275.45976328023704
278.8542689480383
282.2842823675289
285.7498150229345
289.25086673055114
292.787443039135
296.35954872343217
299.9671740339203
303.61031858690467
307.28897616625744
311.00313936047235