 0.00000000000000E+00
 0.00000000000000E+00
 0.00000000000000E+00
 0.00000000000000E+00
 0.00000000000000E+00
 0.00000000000000E+00
 0.00000000000000E+00
 0.00000000000000E+00
 0.00000000000000E+00
 0.00000000000000E+00
 0.00000000000000E+00
 0.00000000000000E+00
 0.00000000000000E+00
 0.00000000000000E+00
 0.00000000000000E+00
 0.00000000000000E+00
-0.37468215255076E-11
 0.11291142123676E-09
 0.20903358764816E-09
 0.23522596568407E-09
 0.18548177884580E-09
 0.17141248966886E-09
 0.15926214295297E-09
 0.13996416134045E-09
 0.24791809363169E-09
 0.53950056823044E-09
 0.11440554937116E-08
 0.24182800486382E-08
 0.50537670397822E-08
 0.10027290722544E-07
 0.19162571943658E-07
 0.35174075348740E-07
 0.62246508515296E-07
 0.10653633858992E-06
 0.17676536109387E-06
 0.28514507804361E-06
 0.44810015226812E-06
 0.68740945395964E-06
 0.10313073304974E-05
 0.15156822089811E-05
 0.21853869573148E-05
 0.30955306091474E-05
 0.43128191910504E-05
 0.59169001783188E-05
 0.80016081363410E-05
 0.10676179644441E-04
 0.14066370973555E-04
 0.18315400256122E-04
 0.23584840105697E-04
 0.30055234060852E-04
 0.37926647605108E-04
 0.47418962919715E-04
 0.58772017017258E-04
 0.72245563790093E-04
 0.88119015580943E-04
 0.10669103699121E-03
 0.12827897141265E-03
 0.15321806212395E-03
 0.18186060603148E-03
 0.21457489497464E-03
 0.25174410627783E-03
 0.29376504929063E-03
 0.34104687034738E-03
 0.39400966120657E-03
 0.45308304530125E-03
 0.51870470528768E-03
 0.59131892791827E-03
 0.67137511951318E-03
 0.75932635060129E-03
 0.85562791859977E-03
 0.96073594265747E-03
 0.10751060126683E-02
 0.11991918882547E-02
 0.13334442544601E-02
 0.14783095556149E-02
 0.16342288903028E-02
 0.18016369900348E-02
 0.19809612758050E-02
 0.21726210004251E-02
 0.23770264557119E-02
 0.25945782900594E-02
 0.28256668835333E-02
 0.30706718123837E-02
 0.33299614008846E-02
 0.36038923361207E-02
 0.38928093664074E-02
 0.41970450635087E-02
 0.45169196643409E-02
 0.48527409634943E-02
 0.52048042736168E-02
 0.55733924434991E-02
 0.59587759252448E-02
 0.63612128898301E-02
 0.67809493921163E-02
 0.72182195710199E-02
 0.76732458913830E-02
 0.81462394128546E-02
 0.86374000946068E-02
 0.91469171206532E-02
 0.96749692471127E-02
 0.10221725174334E-01
 0.10787343922951E-01
 0.11371975235171E-01
 0.11975759976060E-01
 0.12598830551533E-01
 0.13241311314708E-01
 0.13903318989726E-01
 0.14584963092807E-01
 0.15286346347106E-01
 0.16007565097681E-01
 0.16748709721407E-01
 0.17509865032117E-01
 0.18291110678492E-01
 0.19092521534316E-01
 0.19914168082201E-01
 0.20756116788469E-01
 0.21618430470767E-01
 0.22501168656964E-01
 0.23404387936064E-01
 0.00000000000000E+00
