 0.00000000000000E+00
 0.00000000000000E+00
 0.00000000000000E+00
 0.00000000000000E+00
 0.00000000000000E+00
 0.00000000000000E+00
 0.00000000000000E+00
 0.00000000000000E+00
 0.00000000000000E+00
 0.00000000000000E+00
 0.00000000000000E+00
 0.00000000000000E+00
 0.00000000000000E+00
 0.00000000000000E+00
 0.00000000000000E+00
 0.00000000000000E+00
 0.00000000000000E+00
 0.34445819895633E-09
 0.74498559479121E-12
-0.35012833966973E-09
 0.34342439962584E-11
 0.26458559917928E-09
-0.74889995304665E-11
 0.53033255812842E-10
 0.17804536544778E-09
 0.12045081342049E-09
 0.46794916801609E-09
 0.10856228483193E-08
 0.24156008702647E-08
 0.49565281796229E-08
 0.10193314634556E-07
 0.18975352092536E-07
 0.34860871285077E-07
 0.62224708321162E-07
 0.10628750273974E-06
 0.17727694642278E-06
 0.28542838602755E-06
 0.44855888472574E-06
 0.68815065925852E-06
 0.10324075729348E-05
 0.15173453679696E-05
 0.21879078800231E-05
 0.30989300717989E-05
 0.43175568535846E-05
 0.59226172840917E-05
 0.80093032355728E-05
 0.10686077425629E-04
 0.14078980658129E-04
 0.18331543653262E-04
 0.23604980456007E-04
 0.30080501601226E-04
 0.37957776185925E-04
 0.47456770550404E-04
 0.58818051004162E-04
 0.72301027731276E-04
 0.88185519417762E-04
 0.10677078192460E-03
 0.12837396291797E-03
 0.15333133997304E-03
 0.18199521145058E-03
 0.21473502936702E-03
 0.25193436741229E-03
 0.29399174685164E-03
 0.34131743740103E-03
 0.39433318788045E-03
 0.45347060044950E-03
 0.51917038657932E-03
 0.59187968813573E-03
 0.67205187269948E-03
 0.76014452314377E-03
 0.85661830156595E-03
 0.96193586568357E-03
 0.10765606544625E-02
 0.12009550553416E-02
 0.13355804397182E-02
 0.14808951534208E-02
 0.16373540045410E-02
 0.18054079012240E-02
 0.19855024877596E-02
 0.21780770929299E-02
 0.23835655334594E-02
 0.26023943894063E-02
 0.28349831410952E-02
 0.30817440650056E-02
 0.33430813300862E-02
 0.36193914162180E-02
 0.39110626016938E-02
 0.42184757831851E-02
 0.45420032478725E-02
 0.48820097354321E-02
 0.52388524728453E-02
 0.56128806458690E-02
 0.60044363627592E-02
 0.64138547567912E-02
 0.68414638688401E-02
 0.72875852856206E-02
 0.77525340296840E-02
 0.82366193960499E-02
 0.87401445744218E-02
 0.92634070249242E-02
 0.98066997077959E-02
 0.10370308941107E-01
 0.10954517634018E-01
 0.11559603169708E-01
 0.12185838362434E-01
 0.12833490445152E-01
 0.13502823115912E-01
 0.14194095785790E-01
 0.14907562086893E-01
 0.15643471683578E-01
 0.16402069221826E-01
 0.17183594485170E-01
 0.17988282165114E-01
 0.18816361543456E-01
 0.19668056545875E-01
 0.20543585399067E-01
 0.21443160470775E-01
 0.22366988011855E-01
 0.23315267815943E-01
 0.24288193354272E-01
