0.
0.
0.
0.
0.
0.00003051943403025842
0.00003051943403025842
0.00003051943403025842
0.000056270206493288954
0.00020886737664458103
0.0019036496976373688
0.013791922984736468
0.07496717476607602
0.32517503226926897
1.174351579656433
3.6511018856401884
10.027226811903345
24.821908719658058
56.2752603208179
118.3577022787069
233.34283637898614
434.93483583479934
771.9047376170502
1312.1612342445735
2147.161562702354
3396.5596390413716
5212.985281577474
7786.857772268452
11351.146202689226
16186.005429470057
22623.234399952566
31050.517974888207
41915.431881225675
55729.20381271284
73070.2354479288
94587.40004938
121003.13666201342
153116.36722652876
191805.26313078505
238029.8894078429
292834.75068145694
357351.26077388093
432800.1511403276
520493.82891775155
621838.6864601292
738337.3588838843
871590.9176836812
1.0233009815575791e6
1.195271720214835e6
1.3894117196226167e6
1.6077356745441908e6
1.8523658697386156e6
2.125533409732751e6
2.4295791572366324e6
2.766954340567948e6
3.1402207927975585e6
3.55205078928215e6
4.005226453669259e6
4.502638706433144e6
5.047285736123914e6
5.642270975412125e6
6.2908005692947665e6
6.9961803233616855e6
7.761812121309966e6
8.591189799469896e6
9.48789446179241e6
1.0455589214013528e7
1.1498013287348123e7
1.2618975510561319e7
1.3822347081359476e7
1.5112053573042365e7
1.6492066103354914e7
1.796639158534202e7
1.9539061977451127e7
2.1214122456326395e7
2.2995618457195535e7
2.4887581559289612e7
2.6894014248879243e7
2.9018873667366974e7
3.1266054544989504e7
3.363937163039519e7
3.614254204420237e7
3.877916809316462e7
4.155272117080307e7
4.446652741651703e7
4.752375579756277e7
5.0727409203179486e7
5.4080319001503475e7
5.758514331668507e7
6.124436905808101e7
6.5060317503651306e7
6.903515303395471e7
7.317089445449808e7
7.746942824809788e7
8.19325230668654e7
8.656184480122516e7
9.13589716353566e7
9.632540860094146e7
1.0146260125487712e8
1.0677194822082235e8
1.1225481243774979e8
1.1791253104608622e8
1.2374642391162926e8
1.2975780083712189e8
1.359479675476903e8
1.4231823055614635e8
1.4886990102535826e8
1.5560429774618533e8
1.625227493493816e8
1.6962659585785708e8
1.7691718968290094e8
1.8439589615285325e8
1.9206409365672573e8
1.9992317347267962e8
2.0797453934366724e8
2.1621960685337558e8
2.2465980264901036e8
2.3329656354950714e8
2.4213133557370642e8
2.5116557291625127e8