0.
0.
0.
0.
0.
0.00003051943403025842
0.00003051943403025842
0.00003147316634370399
0.00006580752962774471
0.00035001975903452623
0.0032388749364611743
0.022371698876492867
0.11736057609873185
0.49307960605136253
1.7320427350144796
5.255650638725577
14.128023974388569
34.313337301458496
76.47949092832502
158.40321017078395
307.99025617353016
566.8792827581866
994.5615575423527
1672.919961904558
2711.074684556715
4250.417701659355
6469.722180239948
9590.224681165637
13880.593783088505
19661.71846719704
27311.268269056334
37267.99740196248
50035.780543895635
66187.3836385334
86367.98414792426
111298.46355006959
141778.50090892726
178689.49799526038
222997.36765180936
275755.2146051174
338105.93289540126
411284.7400253288
496621.65925913973
595543.9563114255
709578.5244904936
840354.2091853084
989604.04977543
1.1591674132198484e6
1.350991984589789e6
1.5671355774309915e6
1.8097677188315247e6
2.081170967434067e6
2.383741916582998e6
2.719991839263937e6
3.0925469329764256e6
3.504148124926471e6
3.9576504050271763e6
4.4560216555194575e6
5.002340954200235e6
5.599796330559251e6
6.25168195762682e6
6.961394766122056e6
7.732430464490745e6
8.568378950394265e6
9.472919090407133e6
1.0449812841457084e7
1.1502898675459744e7
1.2636084258456046e7
1.3853338323076157e7
1.5158681659096709e7
1.655617713931969e7
1.804991868926436e7
1.9644019113370344e7
2.1342596703795783e7
2.3149760587462902e7
2.506959481931372e7
2.710614129902826e7
2.926338168996706e7
3.154521863254538e7
3.395545667762119e7
3.6497783494463615e7
3.917575202168988e7
4.199276430264804e7
4.4952057762476504e7
4.805669462549601e7
5.1309555036548786e7
5.4713334244773045e7
5.8270543958883226e7
6.19835177158551e7
6.585441985891353e7
6.988525752408406e7
7.407789490569928e7
7.843406902167314e7
8.295540621838324e7
8.764343873236406e7
9.249962073967803e7
9.752534345507276e7
1.0272194897575074e8
1.0809074268514073e8
1.1363300413449508e8
1.1934999640111534e8
1.2524297398085718e8
1.313131893131663e8
1.375618980604389e8
1.4399036327511176e8
1.505998585901429e8
1.5739167056436723e8
1.643671003060092e8
1.7152746448618466e8
1.7887409584518945e8
1.8640834327899474e8
1.941315715843254e8
2.0204516093131495e8
2.1015050612014928e8
2.184490156724023e8
2.269421107987671e8
2.3563122427941093e8
2.4451779928712544e8
2.5360328817904064e8
2.628891512782068e8