0.
0.
0.
0.
0.00003051943403025842
0.00003051943403025842
0.00003051943403025842
0.00004959408029916993
0.00044920791963286603
0.004887878106408575
0.03809969845752385
0.21567225670101522
0.9513355841418868
3.442632215370314
10.623643314116535
28.7817280327667
70.0057505460484
155.56325761772925
320.22019261713336
617.4287863381938
1125.24399344169
1952.7790995250496
3246.994282818898
5199.614551579396
8053.993140390759
12111.77134851894
17739.219499773746
25373.189178247212
35526.63700267132
48793.71644205873
65854.45830757883
87479.0792840629
114531.97132169502
147975.4296421028
188873.18039390113
238393.76164041928
297813.8076961958
368521.27330394596
452018.62178047694
549925.9873040578
663984.3066003354
796058.3972879086
948139.9494418929
1.1223503802263206e6
1.3209434904144043e6
1.5463078549471935e6
1.800968868903022e6
2.0875903704380346e6
2.408975759302464e6
2.7680685324786305e6
3.1679521623397362e6
3.6118492489039125e6
4.10311988481372e6
4.6452591778419325e6
5.241893882518826e6
5.896778095967815e6
6.613787974463054e6
7.39691542299473e6
8.250260705149294e6
9.178023906313514e6
1.0184495167615822e7
1.1274043588303773e7
1.2451104671544356e7
1.372016617019907e7
1.5085752175397791e7
1.6552405293387659e7
1.8124666778444942e7
1.9807054547595125e7
2.160403910059727e7
2.3520017517937507e7
2.5559285909226835e7
2.7726010929845374e7
3.0024201249717858e7
3.245768011433388e7
3.5030060332950115e7
3.774472311176246e7
4.0604802077994205e7
4.361317359113169e7
4.6772454026422836e7
5.008500419361912e7
5.355294049873846e7
5.717815195676325e7
6.0962321791673444e7
6.490695216006078e7
6.901339051019739e7
7.3282856214778e7
7.771646634217094e7
8.231525971184069e7
8.70802186620063e7
9.201228821567418e7
9.711239254050037e7
1.0238144875729614e8
1.0782037825909854e8
1.1343011576872419e8
1.1921161639367506e8
1.2516586094496149e8
1.3129385977666248e8
1.3759665538431987e8
1.4407532397521177e8
1.5073097619788435e8
1.5756475719195116e8
1.6457784609516573e8
1.7177145512322578e8
1.7914682831760445e8
1.8670524004121402e8
1.9444799328726134e8
2.0237641785435793e8
2.1049186843179408e8
2.1879572263053423e8
2.2728937898870072e8
2.3597425497527364e8
2.4485178500918123e8
2.5392341851474828e8
2.631906180169747e8
2.726548572956999e8
2.8231761960190505e8
2.9218039594446826e8
3.022446834528279e8
3.125119838201627e8
3.2298380183089745e8