0.
0.
0.
0.
0.
0.
0.
0.
0.
0.
0.
0.
0.
0.
0.
0.
0.
0.
0.
0.
1.9859446137283985e-12
5.9578338411851955e-12
1.9859446137283985e-12
1.9859446137283985e-12
4.096010765814822e-12
4.468375380888897e-12
5.709590764469145e-12
9.433236915209893e-12
1.923883844549386e-11
3.822943381427167e-11
1.016555399152224e-10
2.3409322134323496e-10
5.271441734065318e-10
1.1182109390674464e-9
2.2952554873165965e-9
4.532794459296712e-9
8.643948052791212e-9
1.5960664495920064e-8
2.8609518105371307e-8
4.990554692761107e-8
8.486338523384192e-8
1.4091667195632597e-7
2.2889017057680491e-7
3.6418910170704667e-7
5.683998144475105e-7
8.712429629149486e-7
1.3130290026357433e-6
1.94764765779726e-6
2.8461541648556254e-6
4.101101610710576e-6
5.831578157096643e-6
8.189205462167376e-6
0.000011364931976411226
0.000015596951772677237
0.00002117965408145528
0.00002847374714003069
0.00003791758552407482
0.00005003977878587605
0.000065473161333482
0.00008497011709643291
0.00010941935877180299
0.00013986413173725914
0.00017752195955362597
0.00022380586614139278
0.0002803471376849037
0.0003490196241401099
0.0004319655903997278
0.0005316230813688011
0.000650754840173072
0.0007924787183082432
0.0009602996044162627
0.0011581428284943337
0.0013903889072371476
0.0016619099215773457
0.001978107076359513
0.002344949698458679
0.0027690155525730707
0.0032575324134991963
0.003818420883345963
0.004460338445744042
0.005192724622502738
0.006025847386873313
0.006970850486995554
0.00803980208081251
0.009245744141904108
0.010602743136573561
0.012125941475079817
0.013831610054270681
0.015737201702083058
0.017861405519938377
0.0202242022235717
0.022846920264709386
0.025752293005049214
0.028964516655201496
0.03250930919816226
0.036413970170466235
0.04070744143258857
0.04542036877915278
0.05058516458245055
0.056236071368610786
0.06240922640486274
0.06914272729454181
0.07647669869154759
0.08445336006002939
0.09311709460826142
0.10251451935823015
0.11269455653736422
0.12370850617796704
0.1356101200484733
0.14845567705306345
0.16230405999227082
0.17721683393394141
0.19325832602474866
0.21049570709302962
0.22899907490976149
0.24884153919344512
0.27009930857064796
0.2928517794008522
0.3171816266540251
0.3431748969445526