-0.37894367853430E-13
-0.47367959816787E-14
-0.14034951056826E-14
-0.59209949770984E-15
-0.30315494282744E-15
-0.17543688821032E-15
-0.53230994745053E-16
-0.74012437213730E-16
-0.51981300210466E-16
-0.37894367853430E-16
-0.28470599439091E-16
-0.21929611026290E-16
-0.17248232978348E-16
-0.13809900821221E-16
-0.11227960845461E-16
-0.92515546517163E-17
-0.37163100341041E-17
-0.64976625263083E-17
-0.12305238182847E-17
 0.44236450345921E-17
-0.47020888662219E-32
 0.17592805471700E-17
-0.47512783824240E-17
-0.32340958756549E-16
 0.45032313665169E-17
 0.16041142720434E-17
 0.28647982975598E-17
 0.83807303102537E-18
-0.29992658592554E-17
-0.25311954627529E-17
-0.14470368970302E-17
-0.44560847586246E-17
-0.67042320087975E-17
-0.16143771577921E-16
-0.31150155916939E-16
-0.59915088722083E-16
-0.11131046062133E-15
-0.20514090961411E-15
-0.35825412093006E-15
-0.61080691194533E-15
-0.10107969428408E-14
-0.16309886765197E-14
-0.25757497535455E-14
-0.39807824263732E-14
-0.60265212240705E-14
-0.89450994791420E-14
-0.13048037026686E-13
-0.18709183679566E-13
-0.26421857346927E-13
-0.36769456013820E-13
-0.50464115449641E-13
-0.68370774832599E-13
-0.91501180745051E-13
-0.12105802759036E-12
-0.15842467638749E-12
-0.20519397867960E-12
-0.26320416439213E-12
-0.33450403472012E-12
-0.42142169777468E-12
-0.52652538237766E-12
-0.65268324317218E-12
-0.80303075054792E-12
-0.98099291727393E-12
-0.11902921831612E-11
-0.14349435667266E-11
-0.17192601530025E-11
-0.20478405949106E-11
-0.24255756573446E-11
-0.28576339967244E-11
-0.33494611745516E-11
-0.39067561151702E-11
-0.45354699201754E-11
-0.52417912633233E-11
-0.60321188616109E-11
-0.69130643725508E-11
-0.78914137213785E-11
-0.89741268329751E-11
-0.10168302117780E-10
-0.11481165133282E-10
-0.12920047372932E-10
-0.14492367678680E-10
-0.16205595191676E-10
-0.18067255546425E-10
-0.20084888347839E-10
-0.22266035462225E-10
-0.24618220271990E-10
-0.27148928419558E-10
-0.29865588820800E-10
-0.32775559303979E-10
-0.35886103874672E-10
-0.39204381813191E-10
-0.42737429338890E-10
-0.46492151905917E-10
-0.50475302337191E-10
-0.54693478046429E-10
-0.59153105206595E-10
-0.63860431138124E-10
-0.68821516103662E-10
-0.74042225939057E-10
-0.79528225859007E-10
-0.85284976646145E-10
-0.91317729069656E-10
-0.97631523538716E-10
-0.10423118412252E-09
-0.11112132316432E-09
-0.11830633475002E-09
-0.12579040273266E-09
-0.13357749573894E-09
-0.14167137477960E-09
-0.15007559114498E-09
-0.15879349575542E-09
-0.16782823909612E-09
-0.17718277745381E-09
-0.18685987839007E-09
-0.19686212599479E-09
-0.20719192831465E-09
-0.21785152094723E-09
-0.22884297563797E-09
-0.24016820721770E-09
-0.25182897863980E-09
