-0.20594633108981E-16
-0.82378532435924E-16
-0.18535169798083E-15
-0.32951412974369E-15
-0.51486582772452E-15
-0.74140679192331E-15
 0.50042676397954E-16
-0.13180565189748E-14
-0.16681652818275E-14
-0.20594633108981E-14
-0.24919506061867E-14
-0.29656271676933E-14
-0.34804929954178E-14
-0.40365480893603E-14
-0.46337924495207E-14
-0.52722260758991E-14
 0.29514966283691E-15
-0.66726611273098E-14
 0.42703539143240E-14
-0.68867909761588E-14
 0.56748191348171E-29
-0.18439043382178E-14
-0.24425432735960E-14
 0.10544091010235E-13
 0.16063047806122E-13
 0.14091071677725E-14
 0.30391690097814E-14
-0.15150302231313E-14
-0.24401114607368E-14
-0.79873742954180E-14
 0.13894026671139E-15
 0.16411998824697E-13
 0.35143172652635E-15
 0.50554843170597E-14
 0.14468166369312E-13
-0.17266214538596E-13
-0.19818817008604E-13
-0.12919968851225E-13
-0.10762854381982E-13
 0.33894810323981E-13
 0.44908512372672E-13
 0.13706995690846E-12
 0.14406907253229E-12
-0.37685863610214E-13
 0.10473019654285E-12
-0.32740217285446E-14
 0.67685440577013E-13
-0.86277544959710E-13
 0.79432579112321E-13
 0.15601976753356E-12
 0.10761283218874E-12
 0.10369834419302E-12
 0.19500014138414E-12
 0.23138129386185E-12
 0.87325115443444E-13
 0.30942579969489E-12
 0.34135630860747E-12
 0.50878737872889E-12
 0.78564917473629E-12
 0.10803815389480E-11
 0.99735778700552E-12
 0.12968084984452E-11
 0.18323631009630E-11
 0.20557390977658E-11
 0.24322135965053E-11
 0.31272861321888E-11
 0.36845614444571E-11
 0.44891863327945E-11
 0.53317398419493E-11
 0.63894615185840E-11
 0.74897010013409E-11
 0.88497249882553E-11
 0.10701058977303E-10
 0.12392210467712E-10
 0.13914426745176E-10
 0.16694886295481E-10
 0.18753116260482E-10
 0.21662933141363E-10
 0.25079380337520E-10
 0.28124216111530E-10
 0.31641134334650E-10
 0.35985222894851E-10
 0.40519119999243E-10
 0.45345047712308E-10
 0.51657104714679E-10
 0.56293516251109E-10
 0.63470804370772E-10
 0.70944089605508E-10
 0.79031929639156E-10
 0.86978144187747E-10
 0.95843566030225E-10
 0.10528333283204E-09
 0.11613744161046E-09
 0.12775334118785E-09
 0.13996202424385E-09
 0.15294209760797E-09
 0.16718517270903E-09
 0.18235935154689E-09
 0.19803228688342E-09
 0.21502573881213E-09
 0.23293686306917E-09
 0.25258610351974E-09
 0.27411099904713E-09
 0.29570906224516E-09
 0.31807992864549E-09
 0.34267295753448E-09
 0.36898681503139E-09
 0.39616990908862E-09
 0.42546731533791E-09
 0.45698346135126E-09
 0.48843207864268E-09
 0.52421920577434E-09
 0.56126265161409E-09
 0.59955993300462E-09
 0.64027806742884E-09
 0.68260060861723E-09
 0.72792342099325E-09
 0.77500884009968E-09
 0.82289990925971E-09
 0.87667216511162E-09
