0.
0.
0.
0.
0.
0.
0.
0.
0.
0.
0.
0.
0.
0.
0.
0.
0.
0.
0.
1.9859446137283985e-12
3.971889227456797e-12
5.9578338411851955e-12
5.9578338411851955e-12
5.9578338411851955e-12
6.08195537954322e-12
6.454319994617295e-12
7.571413839839519e-12
1.0922695375506191e-11
1.9859446137283983e-11
3.8601798429345743e-11
9.706304299597547e-11
2.2056397366221024e-10
4.870529165168897e-10
1.0367872099045821e-9
2.123098913614016e-9
4.194066781117661e-9
8.016017190237964e-9
1.4833268563014124e-8
2.6652121445465256e-8
4.6577600241155707e-8
7.93296746892261e-8
1.3194727722996e-7
2.146485893871435e-7
3.4202484272399255e-7
5.345559669480429e-7
8.204750195388259e-7
1.2381057666797653e-6
1.838787110823431e-6
2.690274020842548e-6
3.8809091328126714e-6
5.52454752028962e-6
7.766260823726254e-6
0.000010788960872245415
0.000014821063940390457
0.00002014516771250724
0.00002710784087259597
0.00003613065924677275
0.00004772248626415322
0.00006249302690471965
0.00008116779626036086
0.00010460448049132922
0.00013381071413357212
0.00016996336870991422
0.00021442934259124634
0.0002687878187190269
0.00033485411058698807
0.0004147049817937457
0.0005107055713557503
0.0006255377496450899
0.0007622300805841205
0.0009241891465704654
0.0011152325586001426
0.0013396231490207077
0.0016021048549438722
0.001907939773861929
0.0022629467205141857
0.0026735410330366795
0.0031467756955449303
0.0036903837473605578
0.00431282184185159
0.005023315049591189
0.0058319027761278
0.006749485820804588
0.007787874516801613
0.008959837870976982
0.010279153854066421
0.01176066052187656
0.013420308268466628
0.015275212994105896
0.017343710120857107
0.019645409669523176
0.022201252212519586
0.025033565687033178
0.028166123193954173
0.03162420167198919
0.03543464149809329
0.039625907005656665
0.044228147977666034
0.04927326207226703
0.054794958197359835
0.060828820994344945
0.06741237623130737
0.07458515737138365
0.08238877315631883
0.09086697638816875
0.10006573389412872
0.11003329772513044
0.12082027758175254
0.13247971467472794
0.1450671568972917
0.1586407354975378
0.17326124323427633
0.1889922141104756
0.205900004800839
0.2240538777309433
0.24352608597661884
0.2643919600313595
0.2867299965139999
0.3106219489359418
0.33615292047641854