0.
0.
0.
0.
0.
0.
0.
0.
0.
0.
0.
0.
0.
0.
0.
0.
0.
0.
0.
1.9859446137283985e-12
5.9578338411851955e-12
5.9578338411851955e-12
5.9578338411851955e-12
6.08195537954322e-12
6.57844153297532e-12
8.067899993271618e-12
1.241215383580249e-11
2.4576064594888932e-11
5.610293533782726e-11
1.3082410142935826e-10
3.08938508973124e-10
6.932187917295691e-10
1.4889619741428668e-9
3.085661443580499e-9
6.141781961031788e-9
1.180383417630981e-8
2.1928924546327334e-8
3.9518560111658117e-8
6.922767092534317e-8
1.1811765542610888e-7
1.9667653536213164e-7
3.2010696499457907e-7
5.10104023891512e-7
7.969356180323032e-7
1.2222616523083636e-6
1.8424295814880856e-6
2.732578861247267e-6
3.99153555691272e-6
5.747604226806674e-6
8.165420796501058e-6
0.000011453837751906312
0.000015875022248033026
0.000021754883435307864
0.000029494715680479234
0.00003958443240503703
0.000052617141429218917
0.00006930537311842144
0.0000904988229365006
0.00011720380886224638
0.0001506042754843468
0.00019208461957992732
0.00024325406832941356
0.0003059728558042419
0.00038238006466912827
0.00047492309983432406
0.0005863888662965927
0.0007199365416937119
0.0008791319974412478
0.001067983678049162
0.0012909800788755898
0.0015531286487958783
0.0018599961635877326
0.0022177503392905302
0.002633202899648459
0.0031138538474084505
0.0036679368894519423
0.004304466116671263
0.005033283688113388
0.005865108654931785
0.006811586735481602
0.007885341071843863
0.009100023904973165
0.010470369135080195
0.012012245734977452
0.013742712008072032
0.01568007057917199
0.017843924221499493
0.020255232405718977
0.022936368618270565
0.025911178414875412
0.029205038168376874
0.03284491461555207
0.0368594250930462
0.04127889857376665
0.04613543742243733
0.05146297996117015
0.057297363856100444
0.06367639032384523
0.0706398892181072
0.07822978496837316
0.08649016351605307
0.09546734024048847
0.10520992881090746
0.11576891118315263
0.12719770871102057
0.13955225436786828
0.15289106624344456
0.16727532224668604
0.1827689362092247
0.19943863530508069
0.21735403893436792
0.23658773913803952
0.25721538254789217
0.279315753938111
0.3029708615449252
0.3282660241127952
0.3552899597420987
0.38413487670972957
0.41489656625453997
0.44767449741016785