0.
0.
0.
0.
0.
0.
0.
0.
0.
0.
0.
0.
0.
0.
0.
0.
1.9859446137283985e-12
3.971889227456797e-12
3.971889227456797e-12
6.08195537954322e-12
8.564386146703719e-12
6.57844153297532e-12
1.7749379985197562e-11
3.661585381561735e-11
1.0500682145088907e-10
2.8324535053301285e-10
7.280969440081741e-10
1.764511789297682e-9
4.063987408918451e-9
8.866373849528792e-9
1.8463699438447996e-8
3.683306650774389e-8
7.063781572262869e-8
1.306749073402519e-7
2.3391225214030897e-7
4.062531463273512e-7
6.861676953785264e-7
1.1295180388472474e-6
1.8156581792442583e-6
2.8549859087959525e-6
4.398324908285778e-6
6.648179095180238e-6
9.872163691173071e-6
0.000014418764561545962
0.000020735594755759457
0.00002939035801467396
0.00004109451316244536
0.00005672995725835511
0.00007737859035427479
0.0001043549395998081
0.000139241792798252
0.00018392892891906122
0.00024065473890445518
0.00031205091078856373
0.0004011898164459769
0.0005116347724986369
0.0006474927975551094
0.0008134699791051987
0.0010149289921855527
0.0012579489572397784
0.0015493871455276571
0.001896942591289431
0.0023092212718133632
0.0027958028217696324
0.003367308474733877
0.004035470165867734
0.004813200610070541
0.005714664157752485
0.0067553483623206435
0.007952136045888885
0.009323377861598047
0.010888965098841958
0.012670402757713077
0.014690882751169209
0.0169753572184131
0.019550611805255705
0.022445338972282708
0.025690211272611223
0.029317954471763927
0.03336342070862742
0.03786366152074572
0.04285800081686215
0.04838810780167438
0.05449806992231077
0.06123446575560075
0.06864643807432841
0.07678576684099916
0.08570694249056131
0.09546723929504788
0.10612678899979631
0.117748654699471
0.13039890506894933
0.1441466889046356
0.15906431010218647
0.17522730302335712
0.19271450834903175
0.21160814943842163
0.23199390916240736
0.2539610073073438
0.27760227852003483
0.3030142508390583
0.3302972247498841
0.35955535291670226
0.3908967204168198
0.42443342567286846
0.46028166190086184
0.4985617992911899
0.5393984677476642
0.582920640353791
0.6292617174886965
0.6785596116861684
0.7309568333094225
0.7866005769998937
0.8456428090534606
0.9082403558534426
0.9745549932481617
1.0447535373525498
1.1190079364273795
1.1974953645424955
1.280398316691023