0.
0.
0.
0.
0.
0.
0.
0.
0.
0.
0.
0.
0.
0.
0.
0.
0.
1.9859446137283985e-12
3.971889227456797e-12
3.971889227456797e-12
7.943778454913594e-12
4.2201323041728465e-12
6.82668460969137e-12
6.950806148049394e-12
1.6011678448185214e-11
3.673997535397537e-11
9.284291069180263e-11
2.347138290350251e-10
5.709590764469145e-10
1.3241285712034098e-9
2.9236828360232765e-9
6.175667141003529e-9
1.2492460471120132e-8
2.4319877739717968e-8
4.566766524345303e-8
8.299932797078111e-8
1.4633544595642227e-7
2.5087916994769756e-7
4.191424233566019e-7
6.836702459052246e-7
1.0906127632566163e-6
1.7041432931726428e-6
2.6119445175094106e-6
3.931916134271672e-6
5.820135640718493e-6
8.480406382701446e-6
0.000012175315170152315
0.000017239133966266166
0.000024092439294653797
0.00003325889694673079
0.00004538389026631584
0.00006125547310652097
0.00008182737948053233
0.00010824435726407522
0.00014186972528699578
0.00018431522021898213
0.00023747308831742857
0.0003035504543090421
0.00038510586339134275
0.0004850879861760915
0.0006068764050267944
0.0007543244202260011
0.0009318037729515196
0.001144251192839245
0.0013972167217252026
0.001696913626267403
0.002050269877974484
0.0024649809913722246
0.002949564279513906
0.0035134142085868954
0.004166858931177356
0.004921217817968615
0.005788859875543189
0.006783263028567205
0.007919074092959432
0.009212169460524956
0.010679716377262187
0.012340234717659524
0.014213659292838762
0.0163214025753745
0.018686417798712357
0.021333262472270208
0.02428816221689712
0.02757907493483985
0.031235755326753115
0.03528981972397862
0.03977481124242299
0.044726265309420865
0.050181775556135996
0.05618106007165249
0.06276602807771389
0.06998084712154565
0.07787201067381021
0.08648840626065715
0.09588138420223112
0.1061048269552793
0.11721521905539001
0.12927171781885516
0.1423362247764774
0.15647345781375296
0.17175102429285583
0.18823949491115913
0.20601247855359767
0.2251466980740803
0.24572206712076422
0.2678217679338217
0.2915323302755675
0.3169437115135514
0.3441493777552081
0.3732463862670413
0.4043354691310511
0.43752111186219916
0.4729116711056645
0.5106193993309479
0.5507605968425265
0.5934556708144165
0.6388292337269924
0.687010197055042
0.7381318667506177
0.7923320404861801