0.
0.
0.
0.
0.
0.
1.9859446137283985e-12
0.
0.
0.
0.
0.
0.
0.
0.
0.
0.
3.971889227456797e-12
3.971889227456797e-12
5.9578338411851955e-12
3.971889227456797e-12
5.9578338411851955e-12
5.9578338411851955e-12
5.9578338411851955e-12
5.9578338411851955e-12
5.9578338411851955e-12
6.08195537954322e-12
8.192021531629644e-12
6.82668460969137e-12
8.440264608345693e-12
1.290863998923459e-11
2.358309228802473e-11
4.865564303634576e-11
1.041379706823829e-10
2.2006748750877817e-10
4.621044873069267e-10
9.306632946084708e-10
1.8213594538656574e-9
3.455915992502487e-9
6.359987625465196e-9
1.1384923984351476e-8
1.9853240060366082e-8
3.381393420872329e-8
5.62837804192149e-8
9.173239528811338e-8
1.4658133072390952e-7
2.299095807713394e-7
3.5437865943676675e-7
5.373570177041684e-7
8.02352157844709e-7
1.1807284755076163e-6
1.7138711946199147e-6
2.4557365685135295e-6
3.4758734946550743e-6
4.8630543178859e-6
6.729471007269366e-6
9.215596127897553e-6
0.000012495862890729603
0.00001678501818941104
0.000022345472581289175
0.000029495460037344768
0.000038618289837539686
0.00005017259478975298
0.00006470366625690682
0.00008285598745342372
0.00010538698325688125
0.00013318194545063495
0.00016727037022130472
0.00020884354642900318
0.00025927352957041846
0.0003201335472355984
0.0003932198044074452
0.0004805747144211985
0.0005845116309256829
0.0007076410099729199
0.0008528980935895568
0.0010235720447014445
0.001223336567420664
0.0014562819997863624
0.0017269489030389776
0.0020403630861118107
0.0024020721121337657
0.0028181831522713892
0.0032954023675070476
0.003841075579295156
0.004463230443330239
0.005170619832258777
0.005972766667882369
0.006880010021014181
0.007903552502075254
0.00905550894416841
0.010348956340152043
0.011797984977735007
0.013417750873379283
0.015224529305422983
0.01723576967505558
0.019470151399736083
0.021947641169589832
0.02468955117940059
0.02771859870099111
0.031058966752093395
0.03473636598421656
0.03877809772918929
0.04321311834351705
0.048072104681004146
0.05338752088801483
0.05919368650350008
0.06552684579453011
0.07242523854057355
0.07992917215295191
0.08808109523000802
0.0969256727159246
0.10650986242438336
0.11688299337191609
0.12809684562007717
0.14020573200327058
0.15326658155095982
0.1673390249362863
0.18248548177769805
0.1987712501540378