0.
0.
0.
0.
0.
0.
0.
0.
3.971889227456797e-12
3.971889227456797e-12
8.067899993271618e-12
7.571413839839519e-12
1.899059536877781e-11
1.0761337375640759e-10
5.626429333769269e-10
2.4648055087136584e-9
9.235883669220633e-9
3.0093018731826424e-8
8.725396606261748e-8
2.2901081671208893e-7
5.516663692537733e-7
1.2337284965080313e-6
2.58575921716971e-6
5.119326692796792e-6
9.63795391970532e-6
0.00001735228713252257
0.00003002077416278975
0.000050116419863922905
0.00008101889125031734
0.00012723070655914733
0.00019461529849911372
0.00029065422088817407
0.000424720338421767
0.000608363676962071
0.0008556063976291828
0.001183243608328245
0.001611146756632207
0.0021625667989975733
0.0028644345231285495
0.0037476558939363485
0.004847400762099235
0.006203383525450873
0.007860134844308796
0.00986726393870879
0.012279711081403084
0.015157990508924015
0.01856842393255125
0.022583365182532754
0.02728141653219085
0.03274763747767289
0.03907374651290294
0.04635831677193647
0.05470696606486929
0.0642325417409814
0.07505530099426207
0.08730308659691792
0.1011114982827937
0.11662405951272693
0.13399237949945275
0.1533763096631754
0.17494409414953768
0.1988725133164776
0.22534701941508148
0.2545618631352159
0.28672021012710436
0.32203424613872444
0.36072526967923907
0.40302377101825915
0.44916949658456656
0.4994114976982158
0.5540081629781711
0.6132272336680895
0.6773458015322124
0.7466502889620338
0.8214364111718598
0.9020091205763464
0.9886825334745143
1.0817798392650209
1.181633192638661
1.2885835888600519
1.4029807226352375
1.5251828305102286
1.6555565168460256
1.7944765630145223
1.9423257191319985
2.0994944771692907
2.266380823838967
2.443389970952456
2.6309340603819082
2.8294318399922656
3.039308306203129
3.260994308150652
3.4949261078184306
3.74154489002839
4.0012962158638885
4.27462941336702
4.5619968996726605
4.863853429861412
5.180655269555994
5.512859290615654
5.860921992378629
6.225298454811042
6.6064412342420065
7.0047992170862035
7.42081645172814
7.854930983035795
8.307573717413389
8.779167348422963
9.270125373312585
9.78085122921448
10.311737574030758
10.863165731620434
11.435505313835696
12.02911402437239
12.644337641339009
13.281510168248438
13.940954136809838
14.62298104029589
15.327891873214316
16.05597775197117