26.57626330264884
26.615274445987026
26.680263902740993
26.77118763398371
26.887982992120715
27.030567208952373
27.19883606179219
27.392662499221835
27.61188887091824
27.85633090672115
28.125773718463403
28.419976216903006
28.73867097487754
29.081571617726073
29.448376447473134
29.838773474515285
30.25244485523981
30.68907225312403
31.148338383447587
31.62993267026187
32.133551415347746
32.658901986958995
33.20583407858361
33.773687585857154
34.362601919068034
34.972208496373625
35.602284682653156
36.252626282747684
36.92304492007028
37.61334768005103
38.32343878941743
39.05312282037897
39.80229813727217
40.57086123065163
41.3587236978108
42.16581689498309
42.992083972830144
43.837485717498694
44.70199876962303
45.58561300636014
46.48833410174356
47.410180984716625
48.35118565077255
49.311390836472896
50.29086514218243
51.289668848937644
52.30790419881329
53.34560624696094
54.40293909645303
55.47999354988768
56.57689406144746
57.69377399414324
58.83077214543231
59.98804194223347
61.16573743261388
62.364025082621545
63.583075639301256
64.82307374026615
66.08419514242767
67.36663810338331
68.67059753103072
69.99627644654923
71.34388047400803
72.71362169696285
74.10571543938882
75.52038288680666
76.95784521471215
78.41832946762993
79.9020666884944
81.40928629312415
82.94022329801103
84.49511393468204
86.07419518682705
87.6777032251092
89.3058918940551
90.95898756409484
92.63723462913364
94.34088203697483
96.07016418987246
97.825326002556
99.60660695956551
101.41410835146759
103.2484818696724
105.1095724449634
106.99772378905287
108.91318576536709
110.85619002555796
112.82696457211755
114.82573835708826
116.8527365904264
118.90818029127621
120.9922907505944
123.10528490915833
125.24737151075047
127.41876463348797
129.61966603165973
131.85027698322284
134.11078023512167
136.4014243910189
138.72234026451528
141.0737332522599
143.45578421143452
145.86866959976228
148.3125614238758
150.7876272003133
153.2940299291356
155.8319280800952
158.4014755912334
161.0028218797466
163.63611186491678
166.3014860028438
168.99908033270577
171.72902653420041
174.49145199578498
177.2864798934258
180.1142292792985
182.9748151801001
185.8683487044892
188.79493715918113
191.75468417322696