32.91518101136119
32.9552109839613
33.02190113306302
33.115211204212095
33.23508383559284
33.38144375467813
33.55419708299005
33.75322763149622
33.97839559205863
34.22953517329363
34.50645294307773
34.808929787202814
35.13672116170219
35.489566161984904
35.86717145200623
36.26925342412101
36.695503773661805
37.14561726259576
37.6192826579173
38.1161942230237
38.6360519271726
39.17856210051863
39.743442034890535
40.33042098344619
40.93923941994309
41.56965461130536
42.22143358413966
42.89437527356571
43.58827446556099
44.30295286269803
45.038250020256285
45.79402155452503
46.57014014968882
47.3664946376734
48.18299613894468
49.01956440326906
49.87613944699108
50.75268173395705
51.64916014060878
52.56556263183024
53.50189189243783
54.458162909847765
55.4344093032792
56.430673744494946
57.447011030679306
58.48349031531453
59.54019049817155
60.617210298303306
61.71464605506838
62.83261049821846
63.97122864555889
65.13063243539116
66.31096097048602
67.51236507345628
68.73500016200413
69.97903120068835
71.24463735524272
72.53198612871218
73.84126763547941
75.17266409040194
76.52639316351346
77.9026317528354
79.30159658154442
80.72350627324572
82.1685623335192
83.63698475841832
85.12900011240446
86.64482838312118
88.18469853927552
89.74882928736774
91.33748476729754
92.9508654538653
94.58921750338878
96.25277534551688
97.94177577997488
99.65646160489517
101.39706180536622
103.16381871429107
104.95696904359734
106.77674600457347
108.62338553492062
110.49712747991757
112.39820519743432
114.32684435085234
116.28327334262374
118.26771867248549
120.28042558720148
122.3215911358199
124.39144760853911
126.49020546556476
128.61808478511736
130.77529189530844
132.9620353348797
135.17851565385456
137.42493418390305
139.70148713673157
142.00836366874643
144.3457515666452
146.7138322091534
149.11278514999896
151.54278745745506
154.0040028499759
156.49659844160954
159.0207342700532
161.57656583973773
164.16424402316312
166.78391506581977
169.43572060369448
172.11979769309886
174.8362788525036
177.58529211602752
180.3669610981983
183.18140506957204
186.02873904273758
188.90907386821797
191.82251633989088
194.7691693092403
197.7491318080627
200.7624991790307
203.80936321362657