36.90071966048875
36.95486677591807
37.022522123861194
37.11718604384498
37.23880397499974
37.38730469788118
37.562604641367535
37.76457666323378
37.99310656341562
38.248031740680474
38.529170637878565
38.83631510707482
39.16923347181588
39.527672591823766
39.9113620231118
40.32001633423537
40.75334119343438
41.21103573309105
41.692797115092155
42.19832319843732
42.7273166657688
43.279486321758725
43.85454955103891
44.452234326992624
45.072283176644504
45.71444989215409
46.378504240524194
47.064232047390625
47.771435755520855
48.49993186340617
49.24956144598898
50.02017314013804
50.8116406328307
51.62385036336142
52.45670763202744
53.31013855893065
54.184078290273604
55.07848367842591
55.9933258233284
56.92859145307554
57.88428202870099
58.86041399395659
59.857017549388814
60.87413518239539
61.911823641321206
62.970151651341794
64.04919944666634
65.14905980945794
66.26983153787482
67.41163458047694
68.57458505073122
69.75881779771039
70.9644705537173
72.19169878264907
73.44065306768981
74.71150058661047
76.00441165140492
77.31956772481632
78.65714996600123
80.01734819996857
81.40035799352151
82.80638369392847
84.23562564960915
85.68829551908684
87.16460444232258
88.6647748389834
90.1890217670876
91.73756985675708
93.31064397858692
94.90847256158023
96.53128495717584
98.17931282923563
99.85279021997366
101.55194671848517
103.27702122955924
105.02824249516802
106.80584924592183
108.61007536443655
110.44115297745292
112.29931636967704
114.18479714053444
116.09782527353241
118.03862966781827
120.00743679298654
122.00447540832833
124.02996413427785
126.08412382563642
128.16717784099401
130.27931622806773
132.4207948405584
134.5917859380747
136.79250407392792
139.02314892370873
141.2839147420983
143.5750039392837
145.89659841097506
148.24887829019534
150.63203423803253
153.04621781978074
155.49163382440088
157.96845744994488
160.47680631129546
163.01685857176776
165.58876654355007
168.19267853319838
170.82873780827936
173.49708296692629
176.1978479671059
178.93116216815932
181.69715038423774
184.49593294922317
187.32762579268504
190.1923405263945
193.09018454093035
196.02126111177597
198.98566951442294
201.98350514800018
205.01485966671612
208.07982111869077
211.17847409156863