18.635103910978835
18.672584254710593
18.73501816562367
18.822354683696744
18.934521357643547
19.071422171851598
19.23293486923512
19.418907236157033
19.629154174614452
19.86345666300631
20.12157761553563
20.40319551851379
20.70804998009725
21.035808459958048
21.386141206661623
21.75871458509899
22.15319472540129
22.569252098241762
23.006564926041698
23.464822359335905
23.944015314910953
24.442991509686387
24.96234833437593
25.50154305682864
26.060343337471352
26.638523193880484
27.235881869373383
27.852231926951507
28.487404020474376
29.141246614965976
29.81362164510697
30.504409550351646
31.213507213136083
31.940825384519638
32.68629232857987
33.44985065229443
34.23145710466045
35.03108430450343
35.84871818564167
36.68435858406992
37.53801885489742
38.40972443502118
39.2995151964298
40.20744149098782
41.13356530339999
42.07796321683844
43.04071871042978
44.02192682976699
45.02169980693012
46.04013513907701
47.0773748135129
48.13354696271786
49.208794151248185
50.30324737569725
51.417121398944445
52.550525627451435
53.703650681113295
54.87667436043743
56.06978371104532
57.28317493950661
58.517037902448834
59.771577682962295
61.047002577253686
62.343524699516024
63.66135969063492
65.00072849126548
66.36185588696748
67.74496837136293
69.15029834295468
70.57807037491827
72.02854491547387
73.50193626503568
74.99849584533146
76.51846353396701
78.06208363705174
79.62959824863633
81.22125935848084
82.83730860616429
84.47804716446657
86.14356165092602
87.83426189274208
89.55033678124042
91.29203547935738
93.05960258483118
94.8532712824277
96.67331290406683
98.51993708113972
100.3934004061214
102.29393195255813
104.22177316805806
106.17715137912879
108.1602984358622
110.17144313488619
112.21080856203612
114.27861486761908
116.37508061115787
118.50042013904314
120.65484421119012
122.8385598707596
125.05177032558959
127.29467484024185
129.56746863939668
131.87034282275135
134.2034842916212
136.5670756873678
138.96129534177498
141.3863172394092
143.842310991987
146.32944182470783
148.8478705744724
151.39775369987802
153.97924330279886
156.59248716134778
159.23762877405727
161.91480741487484
164.6241581987698
167.36581215757442
170.13989632570562
172.94653383540017
175.7858440210457