44.439693380302
44.495157485453
44.564461242695046
44.66143698611613
44.78603451720897
44.93818839963389
45.11781646945113
45.32481842806125
45.55907599938854
45.82044573467607
46.10876306486601
46.42383859679023
46.765460556592
47.133395144462845
47.52739047220627
47.94717913394373
48.392482185586786
48.863012807533316
49.35847829432244
49.87858996169213
50.423053753456685
50.99158571364482
51.58390717958961
52.19975064290686
52.83885848034675
53.5009868686325
54.18590596898784
54.89340068140762
55.623276323773005
56.37536038905773
57.14945259988278
57.94544337968274
58.763191151926776
59.60258518865328
60.46352803156812
61.345946487783785
62.24978009882176
63.1749809064943
64.12152284643976
65.08939345898376
66.07859481535905
67.08918410424542
68.1210713683241
69.17442173965357
70.24925208572718
71.34563188426775
72.46364220938325
73.60337074944725
74.7649346498286
75.94843301151748
77.15399549804839
78.38180301074594
79.63184349225793
80.90441973969989
82.19963559773039
83.51765956660473
84.85866259128198
86.22281470457413
87.61030601514953
89.02132237709591
90.45606178840998
91.91471889211552
93.39749831685796
94.90487550668794
96.43626026862425
97.99266667451771
99.57404559405556
101.1806168007889
102.81260542002275
104.47023249221202
106.15372293628323
107.8633049778116
109.59920475467038
111.36161747765189
113.15088185873591
114.96711194833229
116.81057556150581
118.68150209953201
120.58011781291279
122.50664612985513
124.46131567142098
126.44434435284649
128.45595450198508
130.49637538147698
132.56579440242027
134.6644535918478
136.79255262923232
138.95029914798025
141.1378970268561
143.35554672342855
145.60344627507365
147.88178768974265
150.1907578874517
152.53054577007927
154.90132884760325
157.3032847808687
159.73656693839155
162.20139128444447
164.69787434296984
167.2261873341801
169.78648511470342
172.37891368499012
175.0036169084347
177.6607322944885
180.35039793695663
183.07274127517664
185.82788344099552
188.61594604182
191.43704412058085
194.29128819353886
197.1787843359234
200.09963427802091
203.0539355111433
206.04178140291936
209.0632613212452
212.11846076630118
215.2074615101286
218.33034174297757
221.48717622596865
224.6780364494183