 0.00000000000000E+00
 0.00000000000000E+00
 0.00000000000000E+00
 0.00000000000000E+00
 0.00000000000000E+00
 0.00000000000000E+00
 0.00000000000000E+00
 0.00000000000000E+00
 0.00000000000000E+00
 0.00000000000000E+00
 0.00000000000000E+00
 0.00000000000000E+00
 0.00000000000000E+00
 0.00000000000000E+00
 0.00000000000000E+00
 0.00000000000000E+00
-0.18907478287688E-14
-0.10448924593919E-15
-0.30902908544309E-14
-0.56442156088139E-15
-0.30344325028331E-14
 0.60060896637544E-14
 0.61145615155277E-14
 0.33712424136287E-14
 0.63012199989507E-14
-0.80674454389846E-14
 0.45767435013282E-14
 0.76456675995846E-14
-0.37245814041865E-14
 0.24142735930574E-13
 0.20554392890982E-13
 0.20619509934048E-13
-0.21305181120550E-13
 0.77282856504096E-14
-0.43682266200170E-13
 0.84663432313931E-13
 0.45733115356285E-13
 0.82334464770623E-13
 0.18244660873398E-12
 0.30167343202742E-12
 0.48540961595956E-12
 0.65307425574299E-12
 0.73231077808578E-12
 0.10311441346739E-11
 0.14459336596989E-11
 0.19883781011237E-11
 0.25717137653519E-11
 0.35322390792735E-11
 0.43222524379492E-11
 0.55066807897192E-11
 0.70432603895492E-11
 0.87433881392146E-11
 0.10862715550208E-10
 0.13188900262075E-10
 0.16324708712624E-10
 0.19550793478970E-10
 0.23617484493060E-10
 0.28070770140690E-10
 0.33539537729269E-10
 0.39033416698135E-10
 0.45751362574287E-10
 0.53502594967347E-10
 0.62131449122489E-10
 0.71435108430151E-10
 0.82084213332555E-10
 0.94027990057369E-10
 0.10727546851010E-09
 0.12150423828423E-09
 0.13725266017009E-09
 0.15502218505504E-09
 0.17340716759364E-09
 0.19440652840889E-09
 0.21685462564714E-09
 0.24167702549233E-09
 0.26839444792327E-09
 0.29762387613874E-09
 0.32855287835306E-09
 0.36211755197883E-09
 0.39901233873188E-09
 0.43761173133572E-09
 0.47980749389672E-09
 0.52542085453451E-09
 0.57379961718217E-09
 0.62593247198458E-09
 0.68163127617213E-09
 0.74164284125071E-09
 0.80485287756385E-09
 0.87308535143304E-09
 0.94470635593532E-09
 0.10221759148488E-08
 0.11047444866775E-08
 0.11923697715797E-08
 0.12854718663623E-08
 0.13845775557467E-08
 0.14894170455726E-08
 0.16003559313273E-08
 0.17183467923879E-08
 0.18426024794480E-08
 0.19743574148646E-08
 0.21128512949177E-08
 0.22586361675067E-08
 0.24123037211049E-08
 0.25730871687705E-08
 0.27417394858952E-08
 0.29192984437716E-08
 0.31051219723254E-08
 0.32983213874014E-08
 0.35007250353880E-08
 0.37107504952289E-08
 0.39301367133280E-08
 0.41568825890348E-08
 0.43930002366236E-08
 0.46373828918197E-08
 0.50418693857259E-08
 0.51340206063416E-08
 0.54207647785908E-08
 0.56998496410586E-08
 0.59863945996623E-08
 0.62812624719382E-08
 0.65856597720655E-08
