 0.00000000000000E+00
 0.00000000000000E+00
 0.00000000000000E+00
 0.00000000000000E+00
 0.00000000000000E+00
 0.00000000000000E+00
 0.00000000000000E+00
 0.00000000000000E+00
 0.00000000000000E+00
 0.00000000000000E+00
 0.00000000000000E+00
 0.00000000000000E+00
 0.00000000000000E+00
 0.00000000000000E+00
 0.00000000000000E+00
 0.00000000000000E+00
-0.15843305628200E-14
 0.13399954257668E-13
-0.79980799441501E-14
 0.13057214607872E-13
 0.27859444413520E-13
 0.49083230304323E-13
-0.36844606246729E-13
 0.34761474550820E-13
 0.69415602194757E-13
 0.12089726111910E-13
 0.50574712739336E-13
 0.11672494917431E-12
 0.26956098870530E-12
 0.73400500050606E-13
 0.16305360377972E-12
 0.20979962168978E-12
 0.15195451776467E-12
-0.56869592500487E-12
 0.34702380920177E-12
-0.14682539327343E-11
-0.86694609227772E-12
-0.33437899511593E-12
-0.17717529218268E-12
 0.16387281102025E-11
-0.12663544345622E-11
-0.56066827547822E-12
 0.14566996296052E-12
-0.25305171237106E-11
-0.18303414991677E-11
-0.14242049064326E-11
-0.33712270847400E-11
-0.37128705649430E-11
-0.47575764547136E-11
-0.41824580400135E-11
-0.91115716676694E-11
-0.68134469275268E-11
-0.12320104994121E-10
-0.17325584943183E-10
-0.20107345190339E-10
-0.20803926060919E-10
-0.19878790640546E-10
-0.30027167211349E-10
-0.32978747561915E-10
-0.37620578991733E-10
-0.44615846797878E-10
-0.52247981490106E-10
-0.63109110361387E-10
-0.70283263002450E-10
-0.87223360223385E-10
-0.97490043956134E-10
-0.10508193043105E-09
-0.11609979153221E-09
-0.13558091709614E-09
-0.16378110435476E-09
-0.17473234639499E-09
-0.20081360690789E-09
-0.21522287599038E-09
-0.25213471156585E-09
-0.27557779396797E-09
-0.31103438227966E-09
-0.34406275210044E-09
-0.37323160739811E-09
-0.41849366176177E-09
-0.44610017021414E-09
-0.52598085819005E-09
-0.55626800075734E-09
-0.61954498669213E-09
-0.67247378577165E-09
-0.72822758236479E-09
-0.82101511544687E-09
-0.87204424188532E-09
-0.97822274556237E-09
-0.10361284674605E-08
-0.11579128654600E-08
-0.12625511445339E-08
-0.13744531382580E-08
-0.14703226156803E-08
-0.15920011389384E-08
-0.17527942325063E-08
-0.19067674599835E-08
-0.20611242560164E-08
-0.22029176811664E-08
-0.23396844916422E-08
-0.25520179160288E-08
-0.27427848301086E-08
-0.29366742596109E-08
-0.31096558418373E-08
-0.33578645841272E-08
-0.35954479114410E-08
-0.38069522560897E-08
-0.41274525189653E-08
-0.43433604503696E-08
-0.46514456260195E-08
-0.49151695008096E-08
-0.52206553806333E-08
-0.55063312924767E-08
-0.58704746038648E-08
-0.36605856902121E-08
-0.79032519669858E-08
-0.68325138891809E-08
-0.71801462404957E-08
-0.75416517411590E-08
-0.78581244798280E-08
-0.82796806633576E-08
