106.94378487332027
107.48152577349617
108.04870627834642
108.64512504080274
109.2705807458965
109.92487670508058
110.60782198298715
111.3192338248336
112.05893982062084
112.82677831009717
113.62260113455487
114.44627309715926
115.29766152348742
116.17669632498105
117.0832496705032
118.01725575348016
118.9786538838434
119.96739594812051
120.98344779846377
122.02679203963525
123.09742041798488
124.19534069807722
125.32056768093801
126.47315101303111
127.65311475579408
128.86052240867173
130.09543329827824
131.3578812530629
132.64810009331245
133.9660289016733
135.31182545856805
136.68559889800383
138.0874698264921
139.51756340458147
140.9760157886649
142.46296372131403
143.9785543184421
145.5229349671498
147.09627290748423
148.69871875372218
150.33044013394326
151.99160692372647
153.68239087152222
155.40296903484492
157.15351601645006
158.9342157789328
160.74524689249066
162.58679243703781
164.45903963165816
166.36217072633244
168.2963693139971
170.26182382753808
172.25871838061093
174.28723256419087
176.34755056890094
178.43985055430238
180.56431309417022
182.7211138124461
184.91042568224822
187.13241860262792
189.38725624525333
191.6751153229294
193.9961392723794
196.3504981131219
198.73833452739115
201.1597976246592
203.6150310911077
206.10416964437215
208.62735117978428
211.1846980851595
213.77633944818467
216.40238373301787
219.0629463064764
221.75813330669567
224.48804157652705
227.25277204551344
230.05237056957392
232.8870374474433
235.75673378399017
238.66157198187642
241.6016181346088
244.57693381448883
247.5875749911513
250.63359504930833
253.7150410275247
256.8319484828223
259.98435861527844
263.1723042309999
266.39581179702844
269.65490526286817
272.949603579151
276.27992328946937
279.64587677658733
283.04747269262134
286.48471451187976
289.95760928695603
293.46615385337486
297.01034789726856
300.59018188422306
304.20565193809546
307.8567475643157
311.54345759827714
315.2657692400922
319.02366822228487