116.19690181336665
116.74259141388191
117.31825447356658
117.92370499241339
118.55875950529392
119.223239346025
119.91697238169077
120.63979449344306
121.39155255446018
122.17210417901478
122.98131646122437
123.81908208627414
124.68528398540718
125.57985075782794
126.5026909159813
127.45375242774129
128.43298526649582
129.4405757737671
130.47584470539664
131.53944441249214
132.63115788285003
133.7510118294977
134.89902682276582
136.07524653101103
137.2797203016475
138.51254215178528
139.7737045584021
141.06336819959154
142.38159271399272
143.72847877289055
145.1041372222216
146.5086790591493
147.94222795570087
149.40491312178884
150.89686886962303
152.41823595593212
153.969157255314
155.54979147062414
157.16029451221698
158.80081796802682
160.4715305240631
162.1725974742529
163.90419031703433
165.66647990518712
167.45964208963298
169.28384902118708
171.13928404721463
173.02612121009534
174.94453826723873
176.89471549323372
178.8768296787662
180.89106075507271
182.93758908295834
185.01657018913897
187.12819779672412
189.27263697082728
191.44999242574255
193.66061437649267
195.90448942690693
198.18182614852554
200.49278489714666
202.83752145825355
205.21617438621163
207.62888803051888
210.0758123490658
212.55706467981787
215.07278348388652
217.6230744420603
220.20809249895632
222.82791244147543
225.4826558296124
228.17242126721013
230.8972597139253
233.65738037012605
236.45276913491395
239.28351451093567
242.14970217171123
245.051394736166
247.98864864272392
250.96153384541296
253.97008657724567
257.01435483370335
260.0943800424737
263.2101934072663
266.3618254809604
269.549304440555
272.7726454837631
276.0318664813298
279.3269759077887
282.6579930957625
286.0249094877654
289.42772812837467
292.86644807004546
296.34106377858194
299.85155574900597
303.3979398480742
306.9801737587267
310.5982528473903
314.25215745791
317.94186509955375
321.66735322000466
325.4286050016215
329.2255879441469
333.0582785642954