142.53078473785567
143.0969861056726
143.6945563489626
144.32336088985778
144.98327177019326
145.67416445924462
146.39592517255235
147.1484493217804
147.9316411450697
148.74541619654323
149.58970176097543
150.46443601180255
151.36957290758025
152.3050693378851
153.27090103153967
154.26705269617588
155.29352162008394
156.35031472225143
157.43745040072818
158.55500355967416
159.70287097424307
160.88124389608632
162.09013074493706
163.32959919638495
164.59972321096689
165.90058671506816
167.23227940332913
168.59490053986636
169.9885547352512
171.41335366302462
172.86941505324575
174.356862116589
175.87582593519556
177.42643865134525
179.0088394855895
180.62317088906818
182.26957974928231
183.94821643586673
185.65922848548405
187.4027853816814
189.17903078908603
190.98812913638574
192.83024065899588
194.70552625285677
196.61415070668292
198.556272404604
200.5320568740659
202.5416622276145
204.5852497990234
206.66297541380942
208.77500279466153
210.92147909113018
213.10255753193513
215.31838708582757
217.56911543085377
219.8548804943776
222.17582196676386
224.53207033519968
226.92375888680294
229.35100723512497
231.81393458624393
234.31360381712804
236.84727693987566
239.4179000637868
242.02462255514848
244.66753214947863
247.34671483109517
250.0622493555389
252.81420348678176
255.60264373839675
258.4276297697987
261.2892113661665
264.18744197537643
267.1223560852753
270.09398757203604
273.10236530352813
276.1475122495805
279.229437667124
282.34817159149947
285.5037007820107
288.6960333095428
291.9251586306432
295.1910786565714
298.493767238253
301.8332119827227
305.20934907113013
308.6222760666368
312.0718389138576
315.5580438583739
319.0807292272829
322.6402362129492
326.23614073113066
329.86852610153795
333.5373452357372
337.2425491800735
340.98408560851306
344.76190836063387
348.5759557832279
352.4261580879028
356.3125161530558
360.2349214413413
364.1933278319506
368.1876789152316
372.2179216974609