41.15936181412567
41.61778271685396
42.10031861577923
42.60667146079584
43.13654008420778
43.68963541384855
44.26567425866445
44.86438633003471
45.48551196849519
46.12880571766923
46.794035756361524
47.480994424055076
48.18947582442644
48.91930001926937
49.67028495289239
50.44234791900244
51.23529233320133
52.04902777775845
52.88346460075109
53.738518283099246
54.61413432086155
55.51024347154746
56.42687998058792
57.3639685414053
58.3215319086191
59.299584648194944
60.29815789281393
61.3172953358671
62.357052379357945
63.41749844729012
64.4987134574423
65.60078914366932
66.72382818074279
67.86794408805417
69.03325899175913
70.21990454341704
71.428021570001
72.65775969966239
73.90927521797846
75.18267220994358
76.47830240300964
77.7961670307021
79.13650592061977
80.49951103068886
81.88537757089196
83.29430631491498
84.72649991953664
86.18217229329758
87.66153320127633
89.16480057119092
90.69219513856676
92.24393629392405
93.8202549523288
95.42137535992573
97.04752744665716
98.69893996658878
100.3758501942965
102.07848760159474
103.80708764332084
105.56188253208306
107.34310991289938
109.15099855027925
110.98578718172345
112.84770621934857
114.73698533776762
116.65385827425337
118.59855008347591
120.57129026934635
122.57230146226362
124.60180711210957
126.66002606385722
128.74723721778133
130.8634685715667
133.0091174123403
135.18432884606742
137.3893053976517
139.62424408201488
NaN
144.18481580052176
146.51081918849792
NaN
151.2551846951377
153.67389514395714
156.12386718838997
158.6052509621154
161.11821483106817
163.6629114959086
166.2394975252322
168.8481163911225
171.4889118404203
174.16202170824582
176.86757918720306
179.60571287007673
182.37654680441506
185.1802005585812
188.01678929880953
190.8864238767894
193.78921092730343
196.72525297532124
199.69464855204006
202.69749231942214
205.73387520247545
208.80388452887837
211.90760417532562