0.
0.
0.
0.
0.
0.
0.
0.
0.
0.
0.
0.
0.
0.
0.
0.
0.
0.
0.
3.971889227456797e-12
3.971889227456797e-12
3.971889227456797e-12
5.9578338411851955e-12
5.9578338411851955e-12
5.9578338411851955e-12
4.2201323041728465e-12
4.5924969192469216e-12
6.08195537954322e-12
1.4025733834456814e-11
2.0480053829074108e-11
4.7910913806197615e-11
1.0525506452760512e-10
2.381892321090498e-10
5.143596549556552e-10
1.072410091413335e-9
2.1554946351254606e-9
4.1951838749628836e-9
7.885317210346963e-9
1.439809844953089e-8
2.5548556847924056e-8
4.416095388932497e-8
7.449116888095358e-8
1.2281950342064922e-7
1.9823301945314128e-7
3.1363973635997253e-7
4.870846916307094e-7
7.433508604646835e-7
1.116002444535442e-6
1.6498362723733178e-6
2.403915826249054e-6
3.4551036170339343e-6
4.902310236822393e-6
6.871479452277089e-6
9.521310455790288e-6
0.000013049881859621414
0.00001770224346566918
0.000023778950117719853
0.000031645697877077686
0.000041744136870378975
0.000054603746493652915
0.00007085509134437518
0.00009124428138068661
0.0001166487874878108
0.00014809462374673054
0.00018677493773759543
0.00023407000937434664
0.0002915687324952391
0.00036109152285808226
0.0004447147359498739
0.0005447965159177703
0.0006640041931644916
0.0008053430834000162
0.0009721867890603753
0.0011683089816205215
0.0013979165553260758
0.0016656842561095565
0.001976790695702977
0.0023369557164410245
0.002752479118794606
0.003230280751883011
0.0037779417750727845
0.00440374736273773
0.00511673048068427
0.005926716992290854
0.006844371839912245
0.007881246469361022
0.009049827366021569
0.01036358563544682
0.011837027762116637
0.013485747345901555
0.01532647796008874
0.017377146966260883
0.01965693046736962
0.02218630911997822
0.024987125091525453
0.028082639982137992
0.03149759371806614
0.03525826452870063
0.03939252987684286
0.043929928512523204
0.048901723528480295
0.05434096650927498
0.06028256276758502
0.06676333776511562
0.07382210464750083
0.08149973302451635
0.08983921897214467
0.09888575631855354
0.10868680931241585
0.11929218664551984
0.13075411693293823
0.14312732570921813
0.15646911398031008
0.1708394384701286
0.18630099345636483
0.2029192945404851
0.2207627641659815
0.23990281909811495
0.2604139599911343
0.28237386297706324