0.
0.
0.
0.
0.
0.
0.
0.
0.
0.
0.
0.
0.
0.
0.
0.
0.
0.
0.
3.971889227456797e-12
5.9578338411851955e-12
5.9578338411851955e-12
5.9578338411851955e-12
5.9578338411851955e-12
6.206076917901245e-12
6.702563071333345e-12
6.33019845625927e-12
1.0922695375506191e-11
2.7430859977123504e-11
5.4985841492605034e-11
1.3132058758279036e-10
2.9640223359896347e-10
6.552376009920135e-10
1.3846998819221259e-9
2.8148282468832887e-9
5.5196848107813675e-9
1.0477471417415957e-8
1.9243430942413106e-8
3.434070601751475e-8
5.963158655180755e-8
1.0095425322349955e-7
1.6695128874846005e-7
2.701011278639747e-7
4.2814359319678754e-7
6.65798482083206e-7
1.0170089392533843e-6
1.5276368801583053e-6
2.258780387325477e-6
3.290761114778683e-6
4.727849967367887e-6
6.70383184169844e-6
9.388530695402561e-6
0.000012995252867551588
0.000017789348610007305
0.000024097948801498434
0.000032320849910048476
0.00004294276900894397
0.00005654683566383244
0.00007382959586840068
0.00009561736344347344
0.0001228841078125138
0.00015677081658924257
0.00019860638709436683
0.00024993017117119976
0.00031251589092367134
0.0003883973122635655
0.0004798953819748158
0.0005896469231237156
0.0007206348678385019
0.0008762200458283009
0.0010601744581404025
0.0012767159434370718
0.0015305444099414482
0.0018268793627158155
0.0021714988001245643
0.002570779542039098
0.003031738692761843
0.003562076498455742
0.004170220285920591
0.004865369674608111
0.005657542854841046
0.006557623983994942
0.007577411652111116
0.008729668337502997
0.010028170918760898
0.011487762100291305
0.013124402789495985
0.014955225443836819
0.016998588259692894
0.019274130274007394
0.021802827356754758
0.024607049068038494
0.027710616392355895
0.031138860288713627
0.03491868118319815
0.0390786093296522
0.04364886601301238
0.04866142574313659
0.05415007931996476
0.06015049786571038
0.06670029790227955
0.07383910735612617
0.08160863267002301
0.09005272701243949
0.09921745958551932
0.10915118618445133
0.11990462085879144
0.13153090899410735
0.14408570167244747
0.1576272313612825
0.17221638917270898
0.18791680354384405
0.20479492056580256
0.22292008585140927
0.2423646282588998
0.2632039453042956
0.28551659045906086
0.30938436241508543
0.3348923963357373
0.362129257273083