0.
0.
0.
0.
0.
0.
0.
0.
0.
0.
0.
0.
0.
0.
0.
0.
0.
0.
0.
0.
0.
0.
5.9578338411851955e-12
5.9578338411851955e-12
5.9578338411851955e-12
3.971889227456797e-12
2.1100661520864233e-12
2.482430767160498e-12
5.337226149395071e-12
5.833712302827171e-12
1.6384043063259287e-11
3.0285655359358076e-11
6.4791443022889e-11
1.4894584602962987e-10
3.1713053050475363e-10
6.520104409947049e-10
1.311344052752533e-9
2.5434985640326465e-9
4.778803348322317e-9
8.72512353887736e-9
1.5490119744004793e-8
2.6811741743793675e-8
4.530820926836819e-8
7.486849835756196e-8
1.211654598004902e-7
1.9229852046116738e-7
2.9965223195933e-7
4.5898407183260596e-7
6.917673144600104e-7
1.0268705195974676e-6
1.5026224182899358e-6
2.169251149343219e-6
3.0918876281876144e-6
4.354041322316556e-6
6.061698868604729e-6
8.348164689182502e-6
0.000011379530282902129
0.000015360989529209405
0.00002054405126661612
0.000027234648028679448
0.00003580220970082052
0.000046689801395212906
0.00006042544556926857
0.0000776344327721768
0.00009905299810072976
0.0001255431969174516
0.00015810902439066345
0.00019791395548143353
0.0002462998028530212
0.00030480697189235725
0.0003751961152018687
0.0004594713160204135
0.0005599045994964322
0.0006790619967215446
0.000819831044850346
0.0009854497616599558
0.0011795371090715422
0.0014061248578798918
0.001669691030191855
0.0019751946595390406
0.002328112051495789
0.0027344744564278874
0.0032009071161425923
0.0037346697091401463
0.004343698135260815
0.005036647655490883
0.0058229373285904745
0.006712795754597065
0.007717308073197728
0.008848464220569676
0.010119208410059156
0.011543489851841558
0.01313631462753241
0.01491379875177268
0.01689322243977891
0.01909308549384905
0.02153316383128993
0.02423456720167733
0.027219798015996787
0.03051281134463693
0.03413907606251407
0.038125637122089204
0.042501179070206965
0.04729609073006345
0.052542531078340345
0.05827449640153559
0.06452788873310426
0.07134058555651498
0.07875251090554246
0.08680570783511014
0.09554441237439218
0.10501512888869496
0.11526670713261859
0.12635042075246158
0.13832004763629868
0.15123195192232247
0.16514516785498243
0.18012148556537985
0.19622553883251892
0.21352489495586466