55.20044235345188
55.24327323381464
55.314636686486104
55.41450054867929
55.5428192420168
55.69953329669059
55.88456839910031
56.09783581212829
56.33922743701444
56.60861698310145
56.905858084310786
57.230781430887575
57.5831969162729
57.96289294577537
58.36964357893641
58.80319969979532
59.26330361300208
59.749687682517695
60.26207726437792
60.800195236661445
61.36376459100886
61.952511691821776
62.56616778476339
63.204477620107426
63.86718822653349
64.5540649080595
65.26488450869634
65.99944009657607
66.75753910745188
67.53900681426623
68.34368407644112
69.17143042371255
70.02211827464087
70.89565186054098
71.79193221063635
72.71089074990685
73.65247077810857
74.61663411466326
75.60335533819635
76.61263078173023
77.6444532609776
78.69887227065176
79.77589391808635
80.87584028451117
81.99798749759924
83.14318639334616
84.31126405942898
85.50231345553192
86.7164351203894
87.95375853873452
89.21439409954823
90.49847840858011
91.80615510204674
93.13757145476848
94.49288301838403
95.87226046462897
97.2758644216984
98.70387927352303
100.1564731308316
101.63386147383153
103.13620901833328
104.6637212146134
106.21659729050562
107.79504300757337
109.39926360606322
111.02947160867288
112.68587953165249
114.36869484211608
116.0781497850346
117.81444846100887
119.57781303647197
121.36846581744562
123.1866233966691
125.032512758822
126.90634619726488
128.80834931933884
130.73874097249663
132.69773490661095
134.68555007993558
136.70241904243866
138.74849748500444
140.82405801761797
142.92928273508335
145.06438072893212
147.22955161690925
149.42499424077383
151.6509123378569
153.90748754888185
156.1949101680698
158.51337598965813
160.86305001363422
163.24411558869534
165.65674289337954
168.10110273481493
170.5773470651144
173.08564719723822
175.6261465076439
178.1989963137064
180.80433986479346
183.4423139403293
186.11305242331974
188.8166831402039
191.55333248060893
194.32311639648512
197.1261406803604
199.96253851523846
202.83239075985944
205.73580157907767
208.67287348760613
211.6436904497291
214.64834083533705
217.6869067259946
220.75946613297927
223.86609313640542
227.00685803160994
230.18182748208946
233.391064678287
236.6346295017279
239.91257869363412
243.22496602758085