57.964597492349355
58.007720115325355
58.07957026360888
58.18011636202828
58.30931391134696
58.467104839427236
58.653416642935326
58.8681621545358
59.111236278213475
59.382516157629
59.68185885571153
60.00910030999277
60.36405458860681
60.74651618387139
61.156260932783596
61.593048391151264
62.05662482863156
62.54672692496722
63.06308457272885
63.605424690237115
64.17347379839636
64.76696230110531
65.38562517958101
66.02920720520235
66.69745898905246
67.39015669062759
68.10707128126435
68.84797683454093
69.61275110653413
70.40115591862775
71.21305684696709
72.04831470536419
72.90680775641577
73.78843358023653
74.69310162898827
75.62074758875795
76.57131285962842
77.5447609131905
78.54107026287316
79.56023687757958
80.60226283881245
81.66717918435573
82.7550144620981
83.8658201376362
84.99965712768443
86.15659864062178
87.33673025150406
88.54014720920047
89.76695501909799
91.01726922591511
92.29121386237266
93.58892331023866
94.91053885897381
96.25621058434845
97.6261108670182
99.02035456258746
100.43916160304904
101.88269057877118
103.35112178247007
104.8446402245811
106.36344691467811
107.90772780322523
109.47768377676628
111.0735197820664
112.69544024353564
114.34365582621369
116.01854147213413
117.71981673699445
119.4481912037223
121.20371561783459
122.98660749125659
124.79708359993774
126.63536436748062
128.50166717325698
130.39620960409823
132.31920914977772
134.27087997241233
136.25144214974748
138.2611072390581
140.30008273424068
142.36858531856282
144.46681698512026
146.59498312372006
148.75328154833497
150.9419268720414
153.1610963224075
155.4109902717584
157.69179420553596
160.00369427570587
162.34686876478347
164.7214951988881
167.12774191752825
169.56578176870804
172.03577182553315
174.5378706370717
177.07223351409615
179.6390038875638
182.23833284536346
184.87035226060135
187.53519276029846
190.23299104016158
192.9638629279701
195.72793138794964
198.52530735030385
201.35610093577424
204.22041306263992
207.1183467229999
210.04999517516038
213.015443871618
216.0147860821116
219.04809801057507
222.11545807306868
225.21693938438597
228.35261118639664
231.5225389995949
234.72678478085027
237.9654070864765
241.23846124027017
244.54599950556369
247.88807126086553