69.30566860755569
69.34990147023339
69.42360371548253
69.52674598007235
69.65928742404299
69.82117474631863
70.01234957326702
70.23270609729536
70.48217480634507
70.76063523581571
71.06795655469924
71.40399283309804
71.76857335621774
72.16151072605703
72.58259982759793
73.03161893234959
73.50833384153212
74.0124988675539
74.54386223953105
75.10216787418642
75.68715852319201
76.2985813145395
76.93618116648355
77.5997327410366
78.2889890800239
79.00373613430894
79.74376801394841
80.50889200679175
81.29893472844523
82.11377858451071
82.95314439229932
83.81704215895124
84.70531638457446
85.61787432321003
86.55463991208399
87.51555329810557
88.50057090034271
89.50966260750101
90.54281558895462
91.60003494332972
92.68133233576918
93.78673757184575
94.91629276604306
96.07005748689679
97.24809193720279
98.45047680525819
99.67730083989474
100.92866264807446
102.20467233531812
103.50544612832127
104.83111159014811
106.18180356423947
107.5576657260368
108.95884750056776
110.38549900135698
111.83780112097894
113.31591248105057
114.81999742072088
116.35024730423633
117.90684881270673
119.48998339938291
121.09984589413912
122.73663167415408
124.40053979278858
126.09176921426901
127.81052791070854
129.55701692706162
131.33144451375395
133.13402411969605
134.9649568383108
136.82445216591177
138.7127301329036
140.62998590930346
142.5764392275673
144.55229101882483
146.55775029102696
148.59302502329055
150.65831254894928
152.753817346836
154.87973938556638
157.0362463733521
159.2236129539784
161.44194483068588
163.69146058053872
165.9723430667642
168.2847687379037
170.62889649535626
173.00494910774677
175.41304083574695
177.85334819859628
180.3260401487846
182.83125817674843
185.36915490864757
187.9398651007806
190.54354556091437
193.180310129025
195.85033502930716
198.55362149711198
201.29040738304295
204.0607630604947
206.86479982064486
209.70260663192968
212.5743126825488
215.47998007606952
218.4197070417791
221.39357446763356
224.40164695159973
227.44404469250372
230.52079055128704
233.63194899866562
236.7776295560768
239.95784132837505
243.1726535282695
246.4221162507997
249.70627594016995
253.0251757829297
256.37885588615535
259.76735345850994
263.1907029936738
266.64893645532544