71.52909334494598
71.57352977766374
71.64757144787669
71.75118963336773
71.88434401544225
72.04698155657621
72.23903704799704
72.46043133680486
72.71107067042986
72.99084450942205
73.29962690775672
73.63726912653408
74.00360911235887
74.39845948105445
74.82161922476087
75.2728536358075
75.75198054355661
76.25870973859858
76.79280838635
77.35402391229302
77.94210192353903
78.55679583379207
79.19785574277104
79.8650667590789
80.55813645806074
81.27691349483122
82.02118907278306
82.79072609460019
83.58539942269762
84.40503776215525
85.24949852298884
86.11865612054231
87.01240953556642
87.93066522323413
88.87334571241999
89.84039702091636
90.83177801439138
91.84745995829523
92.88743311345388
93.95169394883446
95.04028092346125
96.15320293137628
97.29051094834274
98.45225949574426
99.63851886104764
100.84936976166398
102.08489668493046
103.34520219700092
104.63039595297322
105.94059575431459
107.27592985894863
108.63653275202945
110.02254757292255
111.43412486255387
112.87142083790424
114.33459875829531
115.82382896045411
117.3392831305707
118.88114161140935
120.44958850085445
122.04481118371763
123.66700285377054
125.31635551195548
126.99306925906909
128.69734225660255
130.4293784074179
132.18938132360708
133.97755919262914
135.794114568156
137.6396330657088
139.5131939203982
141.41613431209544
143.3482835831406
145.30984784712203
147.30103547131037
149.32205171374403
151.37309564908034
153.45436960214624
155.56607260009602
157.70839861072616
159.8815463767367
162.0857025521973
164.32105235501194
166.58778107256995
168.88606300596084
171.21609645488064
173.57801818475846
175.97203444062507
178.3982809587888
180.8569162136148
183.34811376184288
185.87200398753956
188.42873847428103
191.01845450245278
193.6412880347716
196.29735527474537
198.98680965926854
201.7097503782121
204.466284892688
207.25653244031665
210.08059296512033
212.93856123181584
215.83053759703574
218.756604820439
221.71684337179462
224.7113486373845
227.74017697611959
230.8033984389444
233.9010995771968
237.0333186472437
240.20012007913965
243.4015621919169
246.63768940672358
249.90854934021414
253.21418497922468
256.5546359269615
259.9299387738782
263.3401272807846
266.78523256396477
270.2652832814682