86.38431646432512
86.4300171951667
86.50616783787726
86.61274172579711
86.74970184221286
86.91699982671264
87.11457580423642
87.34235771856925
87.60026045260517
87.88818443718459
88.20601470878853
88.55361988945084
88.93085089543032
89.33754172348762
89.77351027255746
90.23855956733738
90.73248062230947
91.25505355368934
91.80605372672572
92.38526085976362
92.99241890784087
93.62732823410616
94.28975875462184
94.97949748700024
95.69634170326093
96.4400982079303
97.21058800845759
98.00764767739341
98.83112596303616
99.68088833604226
100.55681714549148
101.45955199814428
102.38677549082134
103.34064713424918
104.32036798001072
105.32577325861295
106.35720996280632
107.41429465284274
108.49715527633705
109.60580707404705
110.74027997524068
111.90061414558247
113.08686587431467
114.29910162885545
115.53739327349723
116.80181736873588
118.09250567152539
119.40952668864894
120.75300610737581
122.12306981937859
123.51984292756829
124.94346885239159
126.3940874467698
127.87185053658074
129.37691607817297
130.90944563477834
132.46960565986163
134.05757087329056
135.67351420485593
137.31761841014614
138.99006435229975
140.69104075418792
142.4207353188483
144.17933665470503
145.96704782401844
147.78405236308947
149.63055028176646
151.50673665800633
153.41280776851772
155.3489643732814
157.31539656522656
159.31336839440343
161.33987595177769
163.39830925681966
165.48779502388834
167.60851798122656
169.76066956744424
171.94442887872225
174.1599842589581
176.40750441456805
178.6871717691749
180.99914946922868
183.3436071033342
185.72070842648822
188.1306076425419
190.57346387757903
193.0494189685457
195.55862429879338
198.10121185342584
200.67731765088342
203.28707383998744
205.93059212435998
208.60801534825092
211.3194318601102
214.0649584142373
216.84469546783978
219.65874160299052
222.5071859048231
225.39011512964478
228.3076336212515
231.25975237781273
234.24660574224248
237.26823935830942
240.32471301497424
243.41608465851616
246.54239802268532
249.70371917005392
252.90007783855998
256.13151828186454
259.39807130795344
262.6997712369673
266.03665110183897
269.4087328282716
272.8160355738266
276.2585833126151
279.7363891526411
283.2494680655081
286.797831562609
290.3814889962719
294.00044775063833