90.44232329705677
90.48834460081461
90.56502951544569
90.67235273416526
90.81027729549567
90.97875599218968
91.17773048324858
91.40712967741683
91.66687136124051
91.95685798083387
92.27697712805733
92.62710101827965
93.00708436318426
93.41676586343613
93.8559681185049
94.32449905041325
94.82215578651758
95.34872004701381
95.90398746527218
96.48772108558963
97.09970398355051
97.73971639207384
98.40754462900946
99.10298328568496
99.82583532807175
100.57591725888845
101.35305762017546
102.15709558209366
102.9878928127063
103.84532160243909
104.7292657569634
105.63963029685532
106.57633491595216
107.53931351575949
108.52851597322848
109.54390931979115
110.58546981216048
111.65317830911489
112.74708269044969
113.86718426945514
115.01346005706057
116.18603539309274
117.38492818448726
118.61021069069912
119.8619679182326
121.1402713128043
122.44524754604203
123.7769802494873
125.13558970155464
126.52119207944246
127.93394632097622
129.37396146520234
130.84139202431564
132.33639051123197
133.85910856969664
135.40971878789642
136.98837790582976
138.59526073060485
140.23054227230716
141.89440238822235
143.5870208788617
145.30858568582372
147.05928318388922
148.8393006778964
150.64883272292056
152.4880675894595
154.35720078194305
156.2564205446014
158.18593293624625
160.14591870920765
162.13657523898092
164.15809378292596
166.21083822801134
168.2944747435865
170.409714298904
172.55655299391316
174.73520901866644
176.94582629744886
179.1885921042417
181.4636795451199
183.77125549394518
186.11148635258726
188.4845303644526
190.89054674543118
193.32968460596513
195.80209383168815
198.30791312594368
200.84728565134643
203.42033589492794
206.02719503482948
208.6679838302648
211.34281867624767
214.05180944630655
216.79504760922015
219.57267818047987
222.38475059426096
225.23136783878834
228.11261705490668
231.02857105733807
233.9793137055154
236.96490472514185
239.98540542747125
243.04088472241767
246.13138811175244
249.2569678121142
252.41766689570238
255.61352724218526
258.84458912197874
262.110877366357
265.41242355491704
268.7492592048514
272.1214005366238
275.52886458051717
278.97166902743555
282.44982901853575
285.96335156957014
289.51224608302067
293.0965179760033
296.71617087897323
300.37120658977784