91.26977599635762
91.31586147938684
91.39265368046323
91.50012678645732
91.63824445802183
91.80695971055803
92.00621425329818
92.23593777175289
92.49604646012712
92.78644703753208
93.10702449264251
93.45765260716804
93.83818703934755
94.24846724070419
94.68831600640857
95.15754443317992
95.65594859331601
96.18331642020516
96.73942590051261
97.32407423369735
97.93701750408748
98.57805480899844
99.24696404251233
99.94354322431874
100.66759963122954
101.4189489274126
102.19742108171947
103.00286054935569
103.83510830340035
104.69408809815786
105.57964090840778
106.49168726813734
107.43014542151802
108.39495357843116
109.38606115810515
110.40344754965862
111.4470568821148
112.51691786408546
113.61302694931548
114.73540514656852
115.88408818506477
117.05912004115758
118.26055772022086
119.4884692688865
120.74293545505773
122.02404310279945
123.33189111326332
124.6665868623327
126.0282454409945
127.41699069973124
128.83295438007158
130.2762744876737
131.7470955887286
133.24556849428447
134.7718490540852
136.3261042857278
137.90849538564237
139.51919552432412
141.15837912091757
142.8262254197772
144.522914525503
146.24863558244868
148.0035719167106
149.7879126627869
151.6018309097779
153.44555784952573
155.3192747106801
157.22314969369464
159.15738964435033
161.12218711423057
163.1177344128051
165.14422276495824
167.20184046166332
169.29077284250417
171.4112153660207
173.5633415870957
175.7473329699501
177.96337319397716
180.2116365391958
182.49228783446438
184.8055015084552
187.1514355848816
189.5302527994987
191.94210819789376
194.3871471022841
196.86552136231825
199.3773853243284
201.92283250715496
204.5020344153656
207.1151009901169
209.7621533027542
212.44330715416174
215.15867176823767
217.90834996441873
220.6924393185953
223.51103148135684
226.36422847807958
229.2520940627103
232.17471381665356
235.13215791397846
238.12449793204735
241.1517900350081
244.21409272811283
247.31145053729807
250.44393706568326
253.61155705140212
256.81439553003617
260.05245090568
263.32576561241746
266.6343687270488
269.9782803945577
273.35751944235767
276.77212599834047
280.2220854700768
283.70742023960736
287.22813987191955
290.78424999957684
294.3757556156543
298.0026591947787
301.6649614066274