55.823771649239596
55.86666912418094
55.93814371520498
56.03816293837679
56.166682685181975
56.32364261005288
56.50896883622595
56.722574205861065
56.9643500395351
57.23417127019042
57.53189238343301
57.85734507141569
58.21034079820928
58.59066962740251
58.99810340097234
59.43239963634896
59.89329538531117
60.380529200899836
60.89382573666996
61.43290865329571
61.997501875274956
62.58733270109997
63.20213379020581
63.84164641302244
64.50562493812612
65.1938305885958
65.9060410658211
66.64205383517526
67.40167222106018
68.18472324663999
68.99105036746724
69.82051150451198
70.67298304347528
71.54836105106959
72.44655077390424
73.36749415407667
74.31112380510953
75.27740377422661
76.26631170564048
77.27783970056822
78.31199522233665
79.36879935113058
80.44828601499673
81.55050326724484
82.67551328213005
83.82338571101575
84.99420697566312
86.18807298868339
87.40508560722247
88.64536154450622
89.90902533639076
91.19621046652689
92.50705746185686
93.84171697705148
95.20034433136927
96.5831046309274
97.9901668864186
99.42170763253378
100.8779091248455
102.35895863901406
103.8650468367409
105.39636826378927
106.95312841662955
108.5354901039532
110.14377023368442
111.77807178923052
113.43863869517727
115.12568937704783
116.83943777190363
118.58010419480225
120.34790458168172
122.1430627730686
123.9657927831232
125.81631522325245
127.69485629402018
129.60162816999573
131.53685154535702
133.500745266006
135.49352071777346
137.51539810992108
139.56658264349826
141.64729156017407
143.75772669725436
145.8980942307595
148.06857529070984
150.2694230736142
152.5007809222969
154.7628676545031
157.055849269999
159.37992049179203
161.73526681477196
164.1220509627949
166.54044907880254
168.9906283402502
171.47274722584527
173.98696199345565
176.53343114233257
179.1122938163963
181.72369533134
184.3677709722247
187.04465566678613
189.75447555252288
192.49735132544197
195.273370799387
198.0827377713237
200.92547261874978
203.8016997174494
206.71152856791014
209.65504736377608
212.63234418241868
215.64350585164613
218.68861333335315
221.76774353071409
224.88096942858144
228.02836024107128
231.20998156558653
234.42589554261022
237.67616102073694
240.96083372608666
244.27996643566155