56.50348776722928
56.54645733846034
56.61805216227819
56.718240370348646
56.846976813280286
57.004202696681375
57.189845201568744
57.40381493273993
57.64600667198256
57.91629510501175
58.21453556392275
58.540561285112865
58.89418407420756
59.2751959534208
59.68336998419287
60.118463357245346
60.580215399644224
61.06837168348484
61.58264936174591
62.122775849299025
62.6884763876597
63.27947904742393
63.89551770511122
64.53633429202313
65.20168196733148
65.89132529570455
66.60504379254273
67.3426294607132
68.10389224797198
68.88865772628449
69.69676886927161
70.52807975116677
71.38248540136486
72.25986157159555
73.16012715468753
74.08321329162038
75.029060946744
75.99763365674335
76.98890998106373
78.00288044411325
79.03954901405214
80.09895074148406
81.18110608875192
82.2860685410399
83.41390019890072
84.56466460187417
85.73846848234354
86.93538507393127
88.15552668486772
89.39900722276674
90.66595805337317
91.95650510877421
93.27079214730813
94.60896784801983
95.97118959612295
97.35762215538412
98.7684351381617
100.20380175383585
101.66390959612208
103.14894029989607
104.6590878331914
106.19454686724383
107.7555160547992
109.34220570275892
110.95481492302545
112.59355583384325
114.25907918375337
115.95028370822143
117.66869989419571
119.41410766244704
121.18672066387438
122.98676650149658
124.81446089896528
126.6700188172456
128.55366444170653
130.4656134567602
132.4060840918602
134.37529438436343
136.37346117976205
138.40079231404195
140.4575015248683
142.54380036956462
144.6598930488264
146.80597891410886
148.9822701090563
151.18895383233968
153.42622527930268
155.69427751987615
157.99329629780456
160.32346354984747
162.68494642688208
165.07795180849436
167.50261249076
169.95911573620805
172.4476059833204
174.96825212643893
177.5211936585653
180.1065870137937
182.7245649478325
185.37527060000258
188.05882449654342
190.77534333160727
193.5249986773155
196.3078547300049
199.12403626779076
201.97365623902212
204.85681056661468
207.77360081353902
210.72411554383098
213.708447783099
216.72667756379042
219.77888593937467
222.86514860729903
225.98553736089264
229.14012023821007
232.32896167729135
235.5521226769741
238.80966096291502
242.10163115785906
245.4280849557358