0.
0.
0.
0.
0.
0.
0.
1.9859446137283985e-12
0.
1.9859446137283985e-12
3.971889227456797e-12
1.9859446137283985e-12
1.9859446137283985e-12
0.
0.
0.
3.971889227456797e-12
5.9578338411851955e-12
5.9578338411851955e-12
5.9578338411851955e-12
7.943778454913594e-12
5.9578338411851955e-12
3.971889227456797e-12
1.9859446137283985e-12
5.9578338411851955e-12
5.9578338411851955e-12
7.943778454913594e-12
4.096010765814822e-12
6.33019845625927e-12
7.199049224765445e-12
1.1295059990580266e-11
1.4770463064604964e-11
2.5693158440111156e-11
5.908185225841986e-11
1.2077025682235823e-10
2.532079382503708e-10
5.156008703392355e-10
1.0253680283756438e-9
1.9796144152721394e-9
3.6943534676882532e-9
6.713237523632135e-9
1.1887367971624761e-8
2.0528212985957023e-8
3.463822534495894e-8
5.719570136153131e-8
9.253297921052264e-8
1.468992059836444e-7
2.2907473930434332e-7
3.512428528916896e-7
5.301287999178888e-7
7.882626255395363e-7
1.1557001120269507e-6
1.6720319341055766e-6
2.388782307684752e-6
3.3723675508460105e-6
4.7074756650894945e-6
6.501125730245952e-6
8.887277654289822e-6
0.00001203225454686393
0.00001614089840285283
0.000021463537789060068
0.000028303908784300024
0.00003702800136967978
0.00004807397785660778
0.00006196314014180157
0.0000793120308125485
0.00010084575821445619
0.00012741255565965875
0.00015999961039836062
0.0001997502158501006
0.0002479823506120996
0.0003062085866851622
0.0003761574031277578
0.00045979610695990106
0.000559354982001412
0.0006773531617583436
0.0008166258261897376
0.0009803529897125017
0.0011720897369599116
0.0013957980466751934
0.00165587998888581
0.0019572125347888923
0.0023051837888212598
0.0027057306627734697
0.003165378064310761
0.0036912794852125815
0.004291258998267457
0.004973854659720159
0.005748363336510014
0.006624886792846334
0.007614379217090189
0.008728695995064659
0.009980643798308663
0.011384032004279026
0.01295372530787106
0.014705697626161454
0.01665708725144149
0.018826253189983287
0.02123283279315954
0.023897800539045756
0.026843528088254243
0.030093845511351257
0.03367410384176811
0.03761123873004264
0.04193383548884253
0.04667219533799569
0.051858402980848206
0.05752639548091959
0.06371203257576126
0.07045316828378911
0.07778972404587896
0.08576376331570844
0.09441956770447311
0.10380371472093655
0.11396515722733666
0.12495530452562839
0.1368281053580529
0.14964013273924415
0.1634506707243833
0.1783218033312341