 0.00000000000000E+00
 0.00000000000000E+00
 0.00000000000000E+00
 0.00000000000000E+00
 0.00000000000000E+00
 0.00000000000000E+00
 0.00000000000000E+00
 0.00000000000000E+00
 0.00000000000000E+00
 0.00000000000000E+00
 0.00000000000000E+00
 0.00000000000000E+00
 0.00000000000000E+00
 0.00000000000000E+00
 0.00000000000000E+00
 0.00000000000000E+00
 0.00000000000000E+00
 0.00000000000000E+00
 0.00000000000000E+00
-0.17210069495099E-14
-0.47597569326548E-14
 0.49004228794422E-15
-0.16129739884251E-14
 0.56718098468772E-16
 0.83343657336077E-15
 0.39981684324952E-14
-0.85960420895912E-15
-0.53117679239150E-14
-0.11835609286821E-15
-0.43689697974284E-15
 0.47379068978076E-14
 0.72338608487785E-14
-0.19836560233246E-15
-0.10342517822200E-13
 0.10372015941984E-13
-0.46703597317543E-14
-0.48314805454742E-14
-0.20338717655079E-14
-0.16700036279598E-13
-0.10547672010051E-13
-0.41299454480452E-13
-0.37340329587858E-13
-0.53472626622307E-13
-0.47470499192663E-13
-0.94472189752988E-13
-0.14269259073591E-12
-0.17703088027853E-12
-0.24100666173900E-12
-0.26665514737916E-12
-0.39544118127755E-12
-0.52712534082759E-12
-0.72410697995143E-12
-0.93003258431190E-12
-0.11956896426187E-11
-0.14877183237742E-11
-0.19637480251174E-11
-0.24113598225065E-11
-0.29168046953515E-11
-0.36764363651496E-11
-0.43984195403492E-11
-0.53790533779501E-11
-0.64524843932460E-11
-0.77450166962325E-11
-0.91971031831432E-11
-0.10910751654790E-10
-0.12777866823214E-10
-0.15067515517135E-10
-0.17492984789719E-10
-0.20211428911895E-10
-0.23349368040706E-10
-0.26853906143935E-10
-0.30691527184674E-10
-0.34997944412362E-10
-0.39822673838226E-10
-0.44990514778702E-10
-0.50705782124755E-10
-0.57017301054372E-10
-0.63888712514664E-10
-0.71363626202957E-10
-0.79449895595640E-10
-0.88209058663381E-10
-0.97808563922982E-10
-0.10789654746119E-09
-0.11899758366573E-09
-0.13081630735021E-09
-0.14359285107972E-09
-0.15708308061744E-09
-0.17159737766106E-09
-0.18705756578138E-09
-0.20358213054171E-09
-0.22108923684961E-09
-0.23971148478624E-09
-0.25946864430042E-09
-0.28039996415051E-09
-0.30250382210119E-09
-0.32600902209067E-09
-0.35068070940567E-09
-0.37674475444446E-09
-0.40429728217242E-09
-0.43330377628002E-09
-0.46366537862670E-09
-0.49569328995374E-09
-0.52931837909365E-09
-0.56465777914692E-09
-0.60158335979655E-09
-0.64061690079067E-09
-0.68121706598031E-09
-0.72370888871388E-09
-0.76827477813911E-09
-0.81490920716443E-09
-0.86364949695197E-09
-0.91445417784640E-09
-0.96759758749377E-09
-0.10229386102838E-08
-0.10806053075731E-08
-0.11407621325862E-08
-0.12034118138436E-08
-0.12685564676666E-08
-0.13361514894531E-08
-0.14065389462999E-08
