0.
0.
0.
0.
0.
0.
0.
0.
0.
0.
0.
0.
0.
0.
1.9859446137283985e-12
3.971889227456797e-12
3.971889227456797e-12
6.08195537954322e-12
4.840739995962971e-12
7.943778454913594e-12
2.2093633827728434e-11
6.193664764065443e-11
1.9325723522344477e-10
5.555680056905195e-10
1.500505277210163e-9
3.777266655311414e-9
8.92806225409273e-9
1.9916542044928677e-8
4.217339569559791e-8
8.52111737843211e-8
1.6498644479625252e-7
3.0734156126060964e-7
5.527155686175137e-7
9.625008415619192e-7
1.627398573641261e-6
2.6780854098973282e-6
4.29852635070593e-6
6.742419614393952e-6
0.000010352881072007553
0.000015585870077611092
0.000023037550199595082
0.00003347572709627612
0.000047875649387691635
0.00006746020045093564
0.00009374464349000754
0.00012858573903509266
0.00017423543458282992
0.0002333987948489372
0.0003092961713919796
0.000405729373419048
0.0005271516372069979
0.0006787410880555339
0.0008664774650231736
0.0010972218333927615
0.0013787989065440825
0.0017200817109928783
0.0021310782705149275
0.0026230199930935096
0.0032084514922153667
0.0039013214680404837
0.004717074483488156
0.005672743352614606
0.006787041759608426
0.008080457202115587
0.009575343766131535
0.011296014743631282
0.013268834875104225
0.015522312224316832
0.01808718936295959
0.020996534102374433
0.024285829422960595
0.027993062803204516
0.03215881480658713
0.03682634699885541
0.042041689172323406
0.047853725931816166
0.05431428270717219
0.0614782111558126
0.06940347416228773
0.07815123025110116
0.08778591775451787
0.09837533856307572
0.10999074162400617
0.12270690617279362
0.13660222481864373
0.15175878641224258
0.16826245879907573
0.18620297143100054
0.20567399789006446
0.22677323819188364
0.24960250106655532
0.2742677859703508
0.3008793649622399
0.32955186431243716
0.360404345843342
0.39356038797333176
0.4291481663413963
0.46730053411476646
0.5081551017223561
0.5518543162443874
0.5985455401852563
0.648381129799809
0.7015185128160146
0.7581202657613185
0.8183541906801791
0.8823933915151116
0.9504163500798676
1.0226070017662503
1.0991548110576732
1.180254847065804
1.2661078591313801
1.3569203527124896
1.4529046657976386
1.5542790459749234
1.6612677284394395
1.7741010151253538
1.8930153552990134
2.0182534277352233
2.150064224863705
2.2887031390483368