 0.19558025964350E-15
 0.39116051928700E-15
 0.58674077893050E-15
-0.30833404351082E-16
-0.32044083222164E-15
-0.32237399048613E-14
-0.34125244041120E-13
-0.37544670133216E-12
-0.24067314993315E-11
-0.10579142425448E-10
-0.35274022415617E-10
-0.95509426650289E-10
-0.22017431982500E-09
-0.44740329138742E-09
-0.82246268123761E-09
-0.13949701597103E-08
-0.22166179367393E-08
-0.33391961888463E-08
-0.48178769171186E-08
-0.67073919211034E-08
-0.90728671471244E-08
-0.11989069667732E-07
-0.15547730920132E-07
-0.19862817649248E-07
-0.25076114646120E-07
-0.31362420562159E-07
-0.38934495395962E-07
-0.48047076825690E-07
-0.59000126554507E-07
-0.72140907185418E-07
-0.87864719202339E-07
-0.10661399772784E-06
-0.12887526865649E-06
-0.15517407705983E-06
-0.18606694081755E-06
-0.22212922819599E-06
-0.26393815285570E-06
-0.31204721350480E-06
-0.36694973165401E-06
-0.42902598020960E-06
-0.49846907906668E-06
-0.57518909592152E-06
-0.65870251917952E-06
-0.74803209701466E-06
-0.84166046025104E-06
-0.93756750400713E-06
-0.10332751290590E-05
-0.11255689063001E-05
-0.12092512722887E-05
-0.12743269987076E-05
-0.13020071218901E-05
-0.12618321825205E-05
-0.11136939631473E-05
-0.81752770122058E-06
-0.34941541130402E-06
 0.28196747514787E-06
 0.10266735891348E-05
 0.17981582739998E-05
 0.24911092120907E-05
 0.30065004978427E-05
 0.32751578006648E-05
 0.32722625851629E-05
 0.30191950746386E-05
 0.25738141612664E-05
 0.20137298607652E-05
 0.14183381405645E-05
 0.85445487383513E-06
 0.36816661696315E-06
-0.16895510941671E-07
-0.29641208235947E-06
-0.47966600567755E-06
-0.58340870916589E-06
-0.62674810500214E-06
-0.62768457347584E-06
-0.60127802791452E-06
-0.55906883107568E-06
-0.50927959066130E-06
-0.45738869714971E-06
-0.40679724671243E-06
-0.35943583439484E-06
-0.31625132736964E-06
-0.27756566914624E-06
-0.24332582670795E-06
-0.21326972006808E-06
-0.18703244315901E-06
-0.16421180815969E-06
-0.14440653949629E-06
-0.12723768926176E-06
-0.11235904096347E-06
-0.99461136993334E-07
-0.88271399157341E-07
-0.78552073882841E-07
-0.70097560471166E-07
-0.62730579618350E-07
-0.56299087602450E-07
-0.50672787160255E-07
-0.45740303055836E-07
-0.41406360244409E-07
-0.37589527700960E-07
-0.34220285340551E-07
-0.31238951697752E-07
-0.28594567232783E-07
-0.26243364043398E-07
-0.24147756954170E-07
-0.22275403086529E-07
-0.20598532268414E-07
-0.19093082979376E-07
-0.17738273618028E-07
-0.16516116859180E-07
-0.15411074946296E-07
-0.14409558320231E-07
-0.13499730397877E-07
-0.12671354375840E-07
-0.11915377166487E-07
-0.11223942538765E-07
-0.10590158718570E-07
-0.10007915158867E-07
-0.94718984480428E-08
-0.89773997210255E-08
-0.85202131104016E-08
