30.602068384851894
31.039481478191377
31.499586217800452
31.982072798046904
32.48663865064519
33.0129884677407
33.56084193880849
34.12993175703191
34.720003546106234
35.33081924433338
35.962156656263446
36.61380909114788
37.2855888346106
37.97732201246509
38.68885403853622
39.42004711145731
40.17077943393319
40.94094749038985
41.73046266072682
42.539253264917676
43.36726735608003
44.21446107471322
45.08081171382368
45.96630955069366
46.87095954862597
47.79478106665984
48.737805310593515
49.700078483022295
50.68165826301083
51.68261489875697
52.70302803552619
53.742994128449446
54.802612618448336
55.88200006749578
56.981276420156384
NaN
59.240040646945815
60.399819106783056
61.580067414760435
62.780952609029306
64.00264650402025
65.24551707514958
66.50918075358194
67.79439852431108
69.10117532906276
NaN
71.78022812360922
73.15292003148292
74.54800931002875
75.96571439205988
77.40625938067966
78.86982268040067
80.35677421676041
81.86718657324225
83.40139956443907
84.95958568572536
86.54201415781293
88.14891378571555
89.78052467526338
91.43709007803423
93.11885274662359
94.82605291764906
96.55893089213994
98.31773128073846
100.10269365819572
101.91405344886815
103.75205903730719
105.61694124686598
107.50893734479236
109.42828019759469
111.3752035668825
113.34993699475467
115.35230108355944
117.38374235662458
119.44325969520506
121.53148145476088
123.64862156155714
125.79489034199074
127.96990137782711
130.17565645618873
132.41055271434922
134.6753956755855
136.97037809726336
139.29568108035684
141.65149316456674
144.03799458242497
146.45536115679477
148.90376425018408
151.38337072672672
153.89434292680184
156.4368386542181
159.01101117585395
161.61700923355724
164.25497706811916
166.92505445504372
169.62737675184047
172.36207495647014
175.12927577658945
177.92910170926066
180.76167113059773
183.6270983949856
186.525493943389
189.45696442027773
192.42161279870115