48.58634911135476
49.057184831826234
49.5529771033803
50.07343447511925
50.6182659725813
51.18718646148941
51.779918812374824
52.396191272078184
53.03575582064975
53.6983594999935
54.38377576564444
55.09179096952847
55.8222058332152
56.57484374437761
57.349528415888074
58.146127196832055
58.96450500037743
59.80454348454814
60.66616831496737
61.549282440695336
62.45382510445685
63.37977324166233
64.3270698980808
65.2957337210979
66.28574114385711
67.29725808310826
68.3299007166137
69.38412519107207
70.45985544554496
71.5571547494999
72.67610910991023
73.81680883116981
74.9793574299216
76.16386778111394
77.37046328897253
78.59927714146733
79.85044913722689
81.1241284164264
82.42046749102609
83.73964387558763
85.0818149901366
86.44716383606082
87.83587142332668
89.24812844544525
90.6841286400757
92.14406979951157
93.6281586024726
95.13672335391378
96.66960261526003
98.22738459432557
99.8101606983792
101.41815246895798
103.05158000559622
104.71067256678003
106.39564829850886
108.10673424033689
109.84416814960741
111.60816843902404
113.39896724684398
115.21679076590577
117.06187043110509
118.93443319261077
120.83470312100617
122.76290998921549
124.71927532599125
126.70402052106336
128.7173703831486
130.75954180411995
132.83074206470903
134.9311939699893
137.06111236404922
139.22069169704696
141.4101411337235
143.62966204792573
145.87944581072537
148.15969530085837
150.47059037238228
152.81231514766048
155.18505793534794
157.58897669141493
160.0242712479962
162.49108649057928
164.98958675920332
167.51993682192273
170.08228382811444
172.67677520738758
175.30355568808648
177.96275841644731
180.654536530955
183.37899528854086
186.1362673701911
188.92647201871495
191.74972391659205
194.6061332206061
197.49580564799982
200.41884257305378
203.3753411335405
206.36539434644004
209.38909123237303
212.44651694796983
215.53775292585632
218.66287702134468
221.82196366541777
225.01508402334898