54.89450000244355
55.374798246811636
55.88069829573815
56.411898483620604
56.96813308733141
57.549120992289765
58.154583470283164
58.78426679175408
59.43790955387627
60.11527453472965
60.816136070472176
61.54028147552511
62.28751836414893
63.05766598647226
63.85056192729774
64.66606671513387
65.5040514398419
66.36440528615773
67.24703747638826
68.1518736811256
69.07884765898659
70.02794049630019
70.99910653950434
71.99233853001417
73.00764335418992
74.04504090497818
75.10456133774476
76.18625296332569
77.2901712072219
78.41639369450532
79.56499397643061
80.73607653810105
81.92973694317924
83.14609210247784
84.38526486556263
85.64739019261859
86.93260656095022
88.24106488543501
89.5729213802119
90.92834025544636
92.30749213322532
93.71055307288236
95.13770454456623
96.58913795255039
98.06504418580363
99.56561961494111
101.09106619675812
102.64159069504345
104.2173999327516
105.81870755297334
107.44572634531782
109.0986773317399
110.77777416022369
112.48323997888227
114.21499892094795
115.97416339540625
117.76006964240506
119.5732394841839
121.41389003373081
123.28224934777748
125.17853874722842
127.10297989552987
129.0558299052528
131.0372028159787
133.04742180043257
135.086666377058
137.1551490822456
139.2530823599866
141.38067171556676
143.5381178880502
145.72563681301048
147.94342165577604
150.1916579012098
152.47054360238053
154.78026467671546
157.1209699690078
159.49294056485508
161.8962466231511
164.33109413283728
166.797648322911
169.29606794516044
171.82650957264653
174.38912440913327
176.98405748743843
179.6114494502597
182.27144240221247
184.96415483233048
187.6897262181583
190.4482822691455
193.23992674596298
196.06477415186984
198.92293607252898
201.8145135139022
204.73960567262162
207.69830671797288
210.69070655252224
213.71689093352714
216.7769416028546
219.870936424797
222.99894953104663
226.16105147220543
229.35730937530352
232.58778710648758
235.8525454384429