57.222177877805535
57.705762247161395
58.21516328271298
58.75010129206682
59.3102965140387
59.89547297635387
60.50536062694166
61.139698866008274
61.79823635257546
62.48070810290287
63.18697001347075
63.916786511146604
64.66983006260078
65.44608339327513
66.2453342791667
67.06743965206586
67.91227489938974
68.77973018466328
69.66971909879577
70.58216491011619
71.51701156785997
72.47421795413293
73.45376307455496
74.45563262293366
75.47983526338014
76.52638914077748
77.59533075553988
78.68670356643914
79.8005709094433
80.93700110965439
82.09607865788837
83.27789670748476
84.48256274776244
85.7101886603608
86.9608989560543
88.2348269244077
89.5321145285511
90.852911546454
92.19737054534085
93.56566167326329
94.95795018134413
96.37441398127648
97.81523740919938
99.2806050752858
100.77070930153776
102.28574897010652
103.82592355701776
105.39144083834883
106.98250419356208
108.59934214181841
110.24212085921343
111.91110293504867
113.60649301227849
115.32850182249406
117.07693686985516
118.85329018878168
120.65650732029891
122.48723120373974
124.34569008901788
126.23209953602873
128.14668808386637
130.08966752163548
132.06126230345495
134.06168805419097
136.09115603432173
138.14988134777948
140.2380798687647
142.35594828244288
144.50370050597607
146.68152965875484
148.88965183014255
151.1282450759661
153.3975067078109
155.6976205758924
158.02877829884957
160.39115120408093
162.78502756301518
165.21024736262927
167.667302694135
170.15625162797562
172.67724985898508
175.23044317169345
177.8159823179715
180.43400725695358
183.08465750318064
185.7680619656985
188.48435071545998
191.23364942585332
194.0160635993143
196.83171717795813
199.68071271750898
202.56315627305327
205.4791458013647
208.4287750133649
211.41213419818354
214.42930907904068
217.48038127267668
220.56542842424287
223.6845243497505
226.8377391853669
230.02513954288
233.24678867082318
236.50274662040584
239.79307041581077