73.12442934954004
73.62814876724799
74.15903929712813
74.7168404714709
75.30129621297412
75.91215126362668
76.54915798622346
77.21207263230679
77.9006649868047
78.61471195078134
79.35401191619174
80.11837108376007
80.90761039391846
81.72157282387454
82.56010792772894
83.42309548609619
84.31042188115087
85.22199385641682
86.15773704382723
87.11758722684635
88.10150530333802
89.10945801906253
90.14143356685045
91.19743356373672
92.27747271255939
93.38157944120277
94.50979820811966
95.66218128365935
96.83879583054367
98.0397191803964
99.26504044872044
100.51485862579355
101.78928276035266
103.08842983820529
104.412427046485
105.76140900842736
107.135520268761
108.53490805482433
109.95973160124771
111.41015226068633
112.88637816784961
114.38845848650837
115.91672087323798
117.4712778013476
119.05232807542868
120.6600652215468
122.29468152201736
123.95638548100526
125.64536781790086
127.36183744133997
129.10599864284612
130.87805916789821
132.67960431767162
134.50671216290093
136.36372395144306
138.2494705035815
140.16416318256412
142.10801140166865
144.0812216917432
146.08400188037038
148.11655765534076
150.1790905526775
152.27177209742842
154.39490259113475
156.5485751086087
158.73301675363385
160.94841885192363
163.19496974658966
165.47285132322787
167.78224329607096
170.12332503894945
172.49625713207422
174.90123045898142
177.33838479314966
179.8078848138251
182.3098846275278
184.8445364610175
187.41197833674264
190.01235191030742
192.64578920219492
195.31242123035494
198.0123681936031
200.74574763810722
203.51268064589513
206.31326577654494
209.14761154665882
212.01581051336092
214.91796240298245
217.85414776263156
220.8244499927896
223.82897978708078
226.86775281938458
229.9409026652376
233.0484505099884
236.1904720318612
239.3670240308111
242.578161819484
245.82393578951107
249.1043930120968
252.41957728991883
255.76952933488045
259.1542869487951
262.5738852065183
266.0283566406847