82.67736722319655
83.19167734920045
83.73386320118186
84.30368275280836
84.90089541989954
85.52525898241359
86.17653968111091
86.8545102851926
87.55895264954094
88.28966525542975
89.04645174815825
89.82913279185735
90.6375513971436
91.47154595414634
92.33108320102546
93.21581312844806
94.12585545218276
95.06105699485403
96.0213558230163
97.00669630696349
98.01705193311987
99.05239578962066
100.11272334401711
101.19804946236384
102.30839421858008
103.44379187269756
104.60428882380518
105.78994869650519
107.00084414117704
108.23705481505041
109.49867235727356
110.78580118918588
112.09855194762228
113.43704252190224
114.80140931488961
116.19178130079383
117.60830131767783
119.05112889484073
120.52041157593969
122.01631636123514
123.53901009837756
125.08866615070782
126.66546433353723
128.2695822501599
129.90121079421283
131.5605391547204
133.24775401449938
134.96305753744144
136.70664110010077
138.47870505823545
140.27945146885796
142.10907985587383
143.96779336353978
145.85579170562886
147.77328918917033
149.72046541641834
151.69754378687034
153.70471453578588
155.74217696451188
157.8101291234381
159.90876814873934
162.03828376073758
164.1988328232522
166.39071677403746
168.61400374448667
170.86891120765247
173.1556242989428
175.47431014848345
177.8251401953037
180.2082758192089
182.62389477111336
185.07213896152805
187.55316225832092
190.06711314980987
192.61413491735772
195.19436293209955
197.80792897730308
200.4549696633431
203.13559543845625
205.84992505834924
208.59807326384728
211.38014169790236
214.1962362196639
217.04644793996718
219.9308722467259
222.8495867486688
225.80268424334093
228.79023089080997
231.81230085413918
234.86895996144412
237.9602716562769
241.08629140638757
244.24707329111763
247.44266802222134
250.6731202130376
253.93847096038377
257.2387590744728
260.5740202460875
263.9442848617493
267.34958219249626
270.78993816386475
274.26537608929897
277.7759168594136
281.32157913129504