48.87768238646815
49.34897422620245
49.84525504826257
50.366231012057945
50.91161241988637
51.48111680023389
52.07446336583358
52.691384681459944
53.33162610330265
53.99494170967613
54.68110257028948
55.38989458596243
56.121113284539696
56.87459698863808
57.650162466768585
58.4476696439804
59.266988593731426
60.108008761247845
60.9706360843088
61.85479215929538
62.7604167717011
63.68746773637783
64.63591448878488
65.60573659096832
66.59696498223074
67.60958820411683
68.64364593244001
69.69918138126792
70.77625264313939
71.87493674805661
72.99530394520097
74.13745142430062
75.30147989678932
76.48750250634322
77.69565543724917
78.9260537581833
80.17884476639581
81.45417688407231
82.75220822362692
84.07310201718677
85.41702501544938
86.78416844456076
88.1746999858254
89.5888147528822
91.02670887901732
92.48857855000696
93.97462424781132
95.48507267086487
97.02009346276395
98.57993579394797
100.16480874688314
101.774929106297
103.4105184663526
105.0718049753287
106.75900936829606
108.47235858576259
110.21208425653461
111.97841029388536
113.77156518985763
115.59178054352616
117.43922881978455
119.31429510108177
121.21705088805027
123.1477730401468
125.10668295958322
127.0940059151571
129.10996057467264
131.15476379281023
133.22863351692502
135.33178107848033
137.46441720199962
139.62674677563487
141.8189736733238
144.04130060084572
146.29391166144657
148.57702489895692
150.8907910872203
153.23543945986168
155.61111415045
158.01800178341065
160.45627214125614
162.926092407731
165.42762125649062
167.96102523192258
170.52644586306832
173.12403374577784
175.75393128601942
178.41627392230683
181.11120128648903
183.83883756207055
186.59930410207323
189.39272138955033
192.21920356557078
195.0788602470258
197.9717966135436
200.8981135048125
203.85790752774864
206.85127117288744
209.87829293946606
212.93905746839982
216.03364568282777
219.16213493533652
222.32459916142517
225.52110903856035