0.0193372760385812
0.028417139715430882
0.04051687948428254
0.05629926884209335
0.07651780740197985
0.10202726429303163
0.13379558149167825
0.1729168440959659
0.22062487870670117
0.27830681397883233
0.34751551658427865
0.42997896361675525
0.527602845687046
0.6424591761101964
0.7767473582749018
0.9327052332696832
1.1124425342119073
1.3176884648144767
1.5495135671652214
1.808169756130767
2.093166500869249
2.4035352357115047
2.7381189814137255
3.095773713764128
3.4754681508811016
3.8763156625971122
4.2975721124439055
4.738620393727495
5.198951832031292
5.678148669035294
6.1758690044472795
6.691834367699518
7.225819646841218
7.777644984352097
8.347169260494134
8.93428483798342
9.538913302065977
10.16100198483603
10.800521108173058
11.457461416002163
12.131832195120927
12.82365960586053
13.532985261038995
14.25986500475332
15.004367852895655
15.766575065132429
16.5465793243283
17.344484004208468
18.16040250983045
18.994457678528843
19.846781231209377
20.71751326591058
21.60680178694959
22.514802264210257
23.44167721808842
24.387595826402713
25.352733550175213
26.337271775746203
27.341397471072472
28.365302854407933
29.409185073866265
30.4732458965837
31.557691406410353
32.66273170923079
33.78858064511936
34.9354555067351
36.103576763370036
37.293167790248134
38.504454602697116
39.73766559490122
40.99303128303847
42.27078405262361
43.57115790996152
44.89438823765516
46.2407115541778
47.61036527752804
49.003587493049004
50.42061672555326
51.861691715861454
53.327051201973575
54.81693370505538
56.33157732050135
57.87121951428864
59.43609692495975
61.02644517145659
62.642498667175985
64.28449044052145
65.95265196228378
67.64721298019325
69.36840136094696
71.11644294005751
72.89156137983892
74.69397803582758
76.52391183196119
78.38157914478822
80.26719369698799
82.18096646045062
84.12310556915347
86.0938162420392
88.09330071609286
90.12175818976264
92.179384776888
94.26637347121137
96.382914121574