0.04408216847405219
0.06261869844057709
0.08678074333489164
0.11777809566866355
0.15702581096460724
0.20618230935144374
0.26719412895746397
0.34234667885654774
0.43431602155132926
0.546202329343043
0.6814841615727014
0.8437416878434325
1.0359275189594317
1.2593106660133122
1.5130500825241369
1.7949879484680589
2.102737848477041
2.4342404817375582
2.7878715968547785
3.162383441529193
3.5568186674947424
3.9704370765864763
4.4026607717292805
4.853034580778421
5.321197661636125
5.806862993680832
6.3098023940824355
6.829835426061195
7.366821077919817
7.920651438996828
8.491246832881785
9.078552026881894
9.68253324501522
10.303175787032883
10.94048210851295
11.594470254558821
12.265172566592058
12.952634601356323
13.656914215763676
14.37808078196959
15.116214505232866
15.871405823224741
16.643754870163427
17.43337099276184
18.24037230779415
19.064885293218932
19.90704440650111
20.7669917251041
21.644876605171323
22.540855355174955
23.455090922028194
24.38775258761205
25.339015674079057
26.309061256593466
27.2980758825081
28.306251296003474
29.333784167571473
30.380875827718423
31.447732004409197
32.53456256388256
33.6415812544971
34.76900545334776
35.91705591546974
37.0859565254283
38.27593405119526
39.48721790022599
40.720039877684314
41.97463394677933
43.251235991260664
44.55008358008564
45.87141573435065
47.21547269657641
48.58249570249019
49.9727267554459
51.38640840367699
52.823783520597964
54.28509508835518
55.77058598493067
57.2804987750287
58.81507550507076
60.374557502606606
61.95918518045656
63.569197845940906
65.20483351555256
66.86632873541251
68.5539184078924
70.26783562476187
72.00831150723921
73.77557505329155
75.56985299256368
77.39136964925851
79.24034681334592
81.11700362038633
83.02155644028188
84.9542187752676
86.91520116737601
88.90471111564368
90.92295300326464
92.97012803487729
95.04643418416937
97.15206615191505
99.28721533455371
101.45206980341135
103.64681429457008