5.8234879088602725
6.165054649494267
6.523367056816339
6.898225567325178
7.2894493474500575
7.6968864660064735
8.120395885535954
8.559860968750375
9.015178671852492
9.486262053803397
9.973036641810898
10.475440370467645
10.993426313362953
11.526953087219987
12.07599163296323
12.640522282408776
13.220535193248383
13.816027348255512
14.427005529207726
15.05348354964589
15.69548398544344
16.353037005443216
17.02618115605727
17.714960711966466
18.419430248855036
19.139649914879787
19.875688099990313
20.627621136740718
21.395531824862722
22.179510987986216
22.979661236233003
23.796083277350682
24.628891010106447
25.478205515041353
26.344144821217093
27.22686691248533
28.126492442454587
29.04317070359233
29.977060441147486
30.928319333029634
31.897114844529455
32.883618248599795
33.88800864586792
34.9104678336913
35.951187802974395
37.01036025461854
38.08818660547582
39.184865965608104
40.30061485328563
41.43563896282353
42.590157489801314
43.76439131622392
44.95856424412487
46.17290556330204
47.40764365425676
48.663012732837494
49.939257534141454
51.2366012306263
52.55530714832603
53.89560018532482
55.25773427215878
56.641954283419224
58.048509646043925
59.4776501384332
60.92962650706425
62.404690229773244
63.90309329312314
65.42508797115727
66.9709266057588
68.54086138891473
70.1351441471973
71.75402612877639
73.39775779330704
75.06658860506438
76.76076682970509
78.48053933504444
80.22615139626087
81.99784650596582
83.79586618953469
85.62044982616209
87.47183447607036
89.3502547142895
91.25594247146499
93.18912688209466
95.15003414061435
97.13888736574604
99.1559064734451
101.20130805885651
103.2753052875782
105.37810779655514
107.50992160489128
109.67094903480009
111.86138864295887
114.08143516236944
116.33127945499466
118.61110847514948
120.9211052437758
123.26144883372706
125.63231436585748
128.03387301608976
130.46629203328183
132.92973476780378
135.42436071071305
137.95032554334523