0.00940861133505795
0.014313303922706395
0.021028353632962467
0.02998726185720024
0.04168131737317036
0.056663995771238734
0.07555612238770645
0.0990517057791716
0.1279242780557574
0.1630335092462731
0.20533179078131572
0.2558703998437538
0.31580474481320536
0.38639801661139245
0.4690222696571317
0.5651554254698739
0.6763717899563301
0.8043222710084349
0.9506986566064871
1.1171748534463453
1.3053192004814216
1.5164798916702968
1.7516627560411506
2.01144014465786
2.295931610802923
2.6048681570898236
2.937711096573452
3.2937788441438713
3.67234812712068
4.072719476893187
4.49425221416041
4.936378785970289
5.398607106806315
5.8805168013502325
6.38175285412005
6.902018558553407
7.44106869693617
7.998703351895279
8.574762474274
9.169121198519681
9.781685838287355
10.412390475409815
11.061194054400312
11.728077901937992
12.413043600977474
13.116111159711904
13.837317425467239
14.5767147020206
15.334369536275984
16.110361646177623
16.90478296678919
17.717736795534027
18.549337020994535
19.39970742231472
20.268981028579894
21.157299529234763
22.064812728235637
22.99167803570336
23.938059991988165
24.904129819710633
25.89006500023239
26.8960488713652
27.922270243756824
28.968923033703152
30.036205910515694
31.124321956794073
32.23347834029067
33.36388599613611
34.515759318501786
35.689315860826845
36.88477604391533
38.10236287134864
39.34230165171524
40.60481972727842
41.890146208817775
43.19851171636853
44.530148125756604
45.88528832081197
47.26416595123646
48.66701519611882
50.094070533191534
51.54556651388811
53.021737544376535
54.52281767270697
56.04904038229041
57.60063839190508
59.17784346249773
60.78088621102174
62.40999593156474
64.0654004240898
65.74732583101938
67.45599648198272
69.19163474700663
70.9544608984112
72.74469298170496
74.56254669573146
76.40823528231176
78.28196942562994
80.18395716156475
82.11440379717637
84.07351184050619
86.06148094086808
88.07850783973467
90.12478633233731