58.422442932120106
58.46561299908616
58.537542108182464
58.63819929837015
58.76753963270496
58.92550583685232
59.1120252383606
59.32701090870945
59.570358663183
59.8419459120988
60.14163024218038
60.46924784344338
60.82461470823528
61.20752556739532
61.61775678908357
62.055068892505616
62.51920922664562
63.0099151073331
63.526916740325476
64.06994251692933
64.638718018637
65.23297695572157
65.85245332482002
66.49689259446804
67.1660468538466
67.8596862107444
68.57758988717144
69.3195471847834
70.08538814552456
70.8749204439061
71.6879962940453
72.5244360700087
73.38423964978757
74.2671816574431
75.17321737483708
76.10230540252894
77.0543057741277
78.02926719653124
79.0271399299036
80.04791797529317
81.09160868535967
82.15823597923382
83.24783465984045
84.36045539557274
85.49615781971907
86.65501796311793
87.83711573013727
89.04255474889287
90.27143416771587
91.52387066768593
92.79999171524922
94.09992812510481
95.42382201606748
96.77182614485355
98.14409165889487
99.54078574605485
100.96207851219285
102.40814778760581
103.87915942763797
105.37533432816323
106.8968306117125
108.44385543483013
110.01660914531509
111.61529136206264
113.24011113063696
114.89127611557086
116.56953754596361
118.27348544920878
120.0049578274055
121.76363177902518
123.54972369999672
125.36344906818863
127.20502647078341
129.07467324049873
130.9726101027531
132.89904102648123
134.85421136241987
136.83830076425818
138.85155189274715
140.89415459100968
142.96632771821302
145.06827485780315
147.20020200361313
149.3623083067899
151.55479406534565
153.77785093136882
156.03167833367996
158.31645341461143
160.63236576190624
162.97959089928463
165.35830296278203
167.76868230659406
170.21088359269868
172.6850780671885
175.19141457095756
177.7300480610297
180.30112862126822
182.9047942787445
185.54118425944822
188.2103825866487
190.91266046901083
193.6479980398052
196.41655795219606
199.2184560781167
202.05379869235966
204.92268794123174
207.82522088328838
210.76149417895985
213.7315947225055
216.7356089627512
219.77361625397552
222.84569321165768
225.9519121438628
229.09234149568871
232.26704600165132
235.47608684419953
238.71952181747878
241.99740549598357
245.3097894071555
248.65672220749008