60.32203643596693
60.36540075487089
60.43765410815453
60.538765570652224
60.66869126626601
60.827374232582336
61.014725662391605
61.230713071883635
61.475180796321254
61.74802578785651
62.04910779233354
62.37826798140999
62.735322646898794
63.120070985109486
63.532293000047076
63.97175211364989
64.438198053726
64.93137451086127
65.45101180822986
65.9968413291182
66.56859332459763
67.16600045655424
67.78880224427424
68.43674453862585
69.10958440602353
69.80709152316177
70.52904784581406
71.2752506353182
72.04565731663459
72.83966437511376
73.65755134390146
74.49903664274704
75.36399567276653
76.25234389309831
77.16397838015622
78.09883638083987
79.0568664727813
80.03803303161808
81.04231595027518
82.0697100921298
83.12022344162013
84.19387769883876
85.29072299573578
86.41079437135188
87.55416022426637
88.72089244383835
89.91107937315311
91.1248151628336
92.36220652435767
93.62337457802982
94.90843006123673
96.21752147288781
97.55078599906702
98.90837254608059
100.29043801389443
101.69714598448799
103.12866604165811
104.58517320664576
106.0668517077985
107.57388218276331
109.1064637342676
110.66478290036689
112.24904247345297
113.85944260168255
115.49619019842423
117.15949221338278
118.84955678300304
120.5666021660077
122.31083486059673
124.08247471811335
125.8817316893801
127.70883448727929
129.5639759161438
131.44740567890972
133.35931423514342
135.29992189558155
137.26944601789066
139.26809669516214
141.29608755699894
143.35362374526187
145.44091682936627
147.55816739930796
149.70558281712914
151.883354001933
154.09168209488575
156.3307572454773
158.60076053713877
160.90185007382487
163.2343287455732
165.59823782500763
167.9937958765428
170.42117233757145
172.8805284508541
175.37202097413655
177.8958220643934
180.45203457328915
183.04084781515036
185.6623812097496
188.31677274955072
191.00415404262267
193.72464228890564
196.47835974438388
199.26542371640372
202.08593638651274
204.9400059149965
207.82773187557734
210.74920976023586
213.70452491768611
216.69376858277204
219.71702083715795
222.77435684984613
225.8658505780488
228.99157099166763
232.15158324381258
235.34594882264088
238.57472571296228
241.83796856280765
245.13572885455721
248.46805507971445
251.83499291687474