67.72172950618958
67.76581494836746
67.83927095374621
67.9420682865577
68.07416532044387
68.23550821238807
68.4260294856313
68.64564816511498
68.89426767233184
69.1717748593483
69.47803820242227
69.81290706450085
70.17621089418903
70.56775970523805
70.98734507109039
71.43474470553551
71.90971964512926
72.41202288448648
72.94139981917712
73.49759052502255
74.0803266940842
74.68938827354191
75.32448465247805
75.98538575621556
76.67185936101548
77.38368195531423
78.12064670130418
78.88255925557888
79.6692412807764
80.48126250823513
81.31628030373685
82.17636674180191
83.06067297362893
83.96910689403346
84.90158878742201
85.85805894865736
86.8384714213251
87.84279598608191
88.87101655169131
89.92313930975625
90.99917239137845
92.09914775224324
93.22310278583319
94.3710971791211
95.5431918332975
96.73946296357038
97.9600061924413
99.20491317739177
100.47429431608417
101.7682679434472
103.08695933415348
104.4305040069164
105.79904389011065
107.19273090147318
108.61171961182959
110.0561733182886
111.52626389273826
113.0221634331922
114.54404846677637
116.09211521741818
117.66654192922223
119.26752411355655
120.89525798576132
122.54994368037138
124.23178075086948
125.94097617085146
127.6777384051223
129.44227065459873
131.23493769800518
133.05548847548974
134.9045940590374
136.78231123311397
138.68885165310112
140.624425187279
142.58924076807548
144.58350629701016
146.60742934365143
148.66120417890954
150.74506319825855
152.85917873199142
155.00375567601225
157.17899454682677
159.3850828527289
161.62220936989706
163.8905639090472
166.19031699298287
168.52166926452685
170.88476748614266
173.27980091961578
175.706920772382
178.16629359150969
180.65807370769417
183.18238133445828
185.73944767814632
188.3293345199717
190.95219900176548
193.6081745946281
196.29738426937462
199.01995300937705
201.77599140780362
204.56560985451742
207.38891951053054
210.24601674289008
213.1369955230863
216.06194674782427
219.02095860667166
222.01411055681496
225.04148019251235
228.10313840943465
231.19915309109595
234.32959262295216
237.49451524751265
240.69397315857293
243.92802139735778
247.19670902452404
250.5000817980634
253.83818234965014
257.21105036412825
260.61872276164144
264.06123388157613