71.01963514759694
71.06402531663969
71.13798981673806
71.24149988296003
71.37451488970946
71.53698124938998
71.7288352730308
71.94999561830362
72.20036884833672
72.47984469399421
72.78829487078052
73.12557275679305
73.49151178348984
73.88592773888752
74.30861638382453
74.75936056599764
75.2379255403827
75.74407343221361
76.27755080249655
76.83810496348933
77.42548285445567
78.03943235286515
78.67970738131554
79.34606817158055
80.03828739931907
80.75615008732137
81.49944822088531
82.2679950314082
83.06161604981105
83.88014545207717
84.72346449721388
85.59142948787478
86.4839362406135
87.40089385451392
88.34222961208904
89.30788367122592
90.29781693721556
91.31199914282307
92.35042134842033
93.4130840147347
94.50000603284113
95.61122216128753
96.74675950504471
97.9066902157833
99.09106899114552
100.29999637055352
101.53354197758846
102.79179651474169
104.07491176145093
105.3829641291292
106.71609384230678
108.0744389119386
109.45813991442616
110.86734754632641
112.30221894459466
113.76291690413788
115.24960900653376
116.76247305453852
118.30168425465223
119.86743006345634
121.45989966801692
123.07927868549329
124.72576570814343
126.39955945661116
128.1008580886037
129.82986548227245
131.58678809062502
133.3718298575093
135.18519704440544
137.0270969208932
138.8977434006515
140.79733861991681
142.72609126255594
144.6842102813018
146.6718995639813
148.6893663001941
150.7368019579436
152.81444018712946
154.9224484762399
157.06103460755196
159.23038856624632
161.43070924749733
163.66217845979943
165.9249820535457
168.21929974226035
170.5453104819942
172.9031848712777
175.29309233664813
177.71507394469037
180.16965651790395
182.65662770077387
185.17624604282145
187.72869682590687
190.31407884559601
192.93254230014188
195.5842112026676
198.2692143641536
200.98768787131178
203.73972009884824
206.52541892066714
209.34492104603152
212.1982968343858
215.0856470257531
218.00705360522517
220.9626260622201
223.95242200817498
226.97652161838116
230.03499630044374
233.12791334119655
236.25533229910465
239.41727949181296
242.613917745773
245.84518499014953
249.1111664743389
252.41190583521683
255.74744349436557
259.1178168452339
262.52306043578614
265.96320615325413
269.43828341014023