72.10473347978976
72.14922193117448
72.22335041005866
72.32709015697124
72.46040114944755
72.62323048094156
72.81551334910453
73.03717064407621
73.28810905738324
73.56821928935166
73.87737411194763
74.21542747947304
74.58221640793857
74.97755541990703
75.40124381278186
75.85306423413067
76.33278667683354
76.84017035668916
77.37496739165044
77.93692598954301
78.5257943896046
79.14132172997611
79.78326384522707
80.45138409754901
81.1454549558543
81.86526124358298
82.6106006298543
83.38128550107704
84.17714422627846
84.99801912436278
85.84377150977822
86.71427700727502
87.60943016285037
88.52914072350382
89.47333653851224
90.44195934270303
91.43494780415884
92.45233796935176
93.494058604267
94.56013176995238
95.6505761214984
96.76542490336222
97.9047191557542
99.06851433819067
100.25675537380761
101.46990400019598
102.70766370701632
103.97026364120174
105.25781343786005
106.57043156163242
107.90824553126791
109.27139217481867
110.66001284218973
112.07425815942933
113.51428561260224
114.9802564202957
116.47234136729669
117.99071512397168
119.53555261363647
121.10704395350331
122.70537184811613
124.33072345772713
125.98331030486071
127.66331286572915
129.37093626517128
131.10638520812498
132.86985990815208
134.66155860073556
136.48171508024168
138.33057494443514
140.208158729081
142.11486699006628
144.0508430843904
146.01629315871938
148.01142308625867
150.03642907630157
152.09153223309823
154.17691544633047
156.29278009036958
158.43931776029504
160.61674077291158
162.82521819249143
165.06493803758548
167.33609723918522
169.63886078640354
171.97340973086727
174.33991363913628
176.73853794354062
179.16945091227174
181.6328008441053
184.12874730140913
186.65743859906533
189.21901454849868
191.8136134254201
194.44137132579255
197.1024123513982
199.79686111023824
202.52483201211024
205.2864463494483
208.08180390657728
210.91100533941307
213.77415522782587
216.67134023418572
219.6026508682488
222.56816151740696
225.56796465268462
228.60212103081003
231.67070234446783
234.7737778603538
237.91140361416166
241.08363471838726
244.29052213969328
247.532130754091
250.80848574584755
254.1196364372902
257.4656215088229
260.846476645575
264.26223472096376
267.71292598224227
271.19857823710174