74.22684736019163
74.27152661759973
74.34596978589764
74.45015261828998
74.58403395459624
74.74756196595672
74.94067234358381
75.1632874477398
75.41531530519724
75.69664794741566
76.00716065654953
76.3467100735242
76.71513408218871
77.11225137780497
77.53786469452605
77.99175940659548
78.4737086684758
78.9834745302519
79.52081855105548
80.08547582579808
80.67721326912425
81.29578007605197
81.94093356769487
82.61244048134158
83.31007693062448
84.03363109201287
84.78290412399971
85.55771084258268
86.35788188026578
87.18326467795762
88.03372120476325
88.90913227837646
89.80939312023158
90.73441718927039
91.68413299020969
92.65848434078546
93.65743891945398
94.68096597706409
95.72905954957588
96.80172444816125
97.89898078027394
99.02086080871236
100.16740893404776
101.33868317233787
102.53475804069022
103.75570524860453
105.00189488181947
106.27260339347487
107.56876451803309
108.89022262206207
110.23710697431657
111.60955086925723
113.0077004740798
114.43170361420725
115.88171660759329
117.3579070001947
118.86043844249171
120.38948756101944
121.94523102350321
123.52785283234249
125.13754222913239
126.77448640692896
128.4388778545724
130.13092357702592
131.85081118684747
133.59874247831993
135.37492919581388
137.1795680685175
139.01286274244043
140.87615167339683
142.76625464355863
144.68676089832888
146.63674707951313
148.61641810137505
150.62596618330807
152.6656259357542
154.73556386866628
156.83598959685384
158.9670924029181
161.12908308609525
163.32213184819935
165.54643463728485
167.8021736103444
170.08952356888187
172.40867572457756
174.75978714687625
177.1430294124486
179.55856574986245
182.00655923062817
184.4871519830246
187.00051644115777
189.54677486961648
192.126075146588
194.7385524791838
197.38431575402439
200.0635439289072
202.77630041358637
205.52271897490698
208.30290994426045
211.11697381873336
213.96500925893548
216.84710819969817
219.76336006766053
222.7138531275443
225.69865857862084
228.71785305825716
231.77150757291344
234.85968518167934
237.98244594342307
241.13985093710028
244.33195043954368
247.55879255698918
250.82042092825006
254.11687937993108
257.44820587299114
260.8144357032215
264.2156012360423
267.6517320918235
271.1228553328401
274.62899565093346