78.15401936471248
78.19903891512739
78.27405312201101
78.37903444781335
78.51394398644891
78.67873122507561
78.87333329135176
79.09767445032138
79.35166492268519
79.635196440477
79.94842016067113
80.29040167660946
80.66177057516725
81.06208746513552
81.49116645273074
81.94879503853315
82.4347505848528
82.94880276099421
83.49071447878697
84.06024211879733
84.65714353622533
85.28117837720838
85.93211155795595
86.60971430491621
87.31377328090899
88.04407721627628
88.80043789508795
89.58267399094886
90.39062216913155
91.22413549491834
92.08309645228493
92.96734936123418
93.87683554008228
94.81145912031815
95.77115546112209
96.75587240808375
97.76557660260058
98.80024853697222
99.85988221364002
100.94448642126841
102.05408449685638
103.18871087303438
104.34841408272447
105.53325490315603
106.74330460538926
107.97864435269844
109.23936566417076
110.5255732665998
111.83737774921171
113.17489596311802
114.53826563866767
115.92761403835064
117.34308794480046
118.78483832410974
120.2530207270685
121.7477993618524
123.26934136229403
124.81782020748155
126.39341520597277
127.99630660932245
129.6266823666834
131.28472955990648
132.97064090150536
134.68461144789225
136.42684301663542
138.197528396805
139.99687028688618
141.825069581588
143.68233001815662
145.56885154798877
147.4848502053568
149.43049791729567
151.40602819095736
153.4116236597979
155.44749238373953
157.51382326785114
159.61082392760795
161.73867856305637
163.89757881396164
166.0877163181435
168.30927288505907
170.56243046919474
172.847372945886
175.16426581354
177.51328022571667
179.8945953133934
182.30835751867804
184.75472984716188
187.23386488977545
189.745904392226
192.29100598805374
194.86929239094053
197.48090310696273
200.12596409144695
202.80456492027503
205.51691616171976
208.26304261377038
211.04307435516503
213.8571165870819
216.70526220716448
219.58760588175883
222.50423164190923
225.455220177931
228.44064951749448
231.46056927795792
234.51510744189304
237.60426838268097
240.72794857611225
243.88673345645734
247.08014923413464
250.30840877829266
253.57156273424096
256.869642655135
260.20268698685226
263.570727889747
266.97379425366984
270.4119123730718
273.8851059225665
277.3933961460822
280.93680204608006