50.156207899527566
50.21257658887543
50.283015568046565
50.381574582827355
50.508216957489125
50.66287693363689
50.84547710652986
51.05592302858135
51.294102878251955
51.55988300575598
51.85310889914558
52.1736028953004
52.5211656283108
52.89557610784961
53.29659450386128
53.72396585413704
54.17742275338954
54.65668765133976
55.161479210115864
55.69151155203373
56.24650271618962
56.82617178768538
57.4302466312097
58.05846260407472
58.710566577543155
59.38631863205505
60.0854896847502
60.8078731720475
61.553268552786705
62.32149890553781
63.11239859613347
63.92583312333122
64.7616683851459
65.61979359449654
66.5001196643433
67.40257051330144
68.32705758766309
69.27362821165259
70.24216853061478
71.23269606556127
72.24521531275349
73.27974538896612
74.3363167549142
75.41498095389332
76.51579057790512
77.6388189093477
78.78414740546009
79.9518704263569
81.14209167589564
82.35492542397446
83.5904947987498
84.84893338607412
86.13038119778228
87.43498746538755
88.76291004849952
90.11431266640186
91.48936713993702
92.88824431765512
94.31112792384158
95.7582172419768
97.22969662189871
98.72576110927133
100.24661572481921
101.7924667887015
103.36453860729785
104.95999384967087
106.58209450749084
108.23004991192921
109.90407135973159
111.60438069777867
113.33120165913559
115.08475641849775
116.86527228297001
118.6729702490752
120.50806748889511
122.37080939537456
124.2614012753049
126.18007016562952
128.1270380909662
130.10252367762237
132.10674770039927
134.13992529533763
136.20226946127363
138.2939912474684
140.41530719099072
142.5664136949067
144.7475164655772
146.95881669867347
149.2005073636592
151.47278112876543
153.77582994330146
156.1098342557118
158.4749728320431
160.87142317496466
163.29935220037322
165.758935009626
168.25032599415994
170.7736818854193
173.3291608692946
175.9169027130298
178.53705499215772
181.1897553574423
183.87513361535315
186.59331141155826
189.34443556672787
192.1285995799673
194.94592833122704
197.79652699420123
200.68050104454048
203.5979505216324
206.54897089779084
209.53365336883903
212.55208497387085
215.60434872360835
218.6905237367571
221.81068538361745
224.96490543633453
228.15325222527116
231.37579080065927
234.63258309909438