83.31714554884208
83.36259741636604
83.43833146843406
83.54432567487069
83.68053688249859
83.84691790586862
84.04340866814857
84.26993456627883
84.52640933162958
84.8127317039212
85.12878403096298
85.47443240762773
85.84952482939363
86.25389164271085
86.68734695184891
87.14968942249278
87.64070546438344
88.16017171569187
88.70785797597635
89.28352984186621
89.88695105090596
90.51789648967113
91.1761332498578
91.86144499300978
92.57362193171812
93.31246834494401
94.07779860917023
94.86944392618003
95.68724737355664
96.53107189742991
97.40078937045577
98.29629952774941
99.21750514052216
100.16433203390096
101.13672146471279
102.13461902040302
103.15802415930204
104.20689506245661
105.28124058158976
106.38107460276657
107.50642250401829
108.6573226302259
109.83383476285967
111.03601249609723
112.26393385329739
113.51766778067382
114.79734879019979
116.10305445701336
117.43489371959939
118.7929943760132
120.177486868643
121.58850799183749
123.02620142308412
124.49071862134726
125.98221482597933
127.5008549492528
129.04680445138118
130.6202376190229
132.22133014816345
133.85026312210002
135.50722026138826
137.19239134629913
138.90596399887804
140.6481333008331
142.41909228892945
144.21903709160574
146.04816604238317
147.90667545590563
149.794768475598
151.71262411424289
153.66048899676437
155.6389652104099
157.64691146567986
159.6858777905765
161.7556079273986
163.85629070809225
165.98812044445188
168.15128072064374
170.34596031223518
172.57234038781752
174.83059499646092
177.12090119473322
179.44342837151055
181.79834710618553
184.18581578329673
186.60599873541244
189.059041993546
191.54509825158766
194.06431211377833
196.616818735592
199.20275856179074
201.82225384317766
204.47543152466716
207.1624114240868
209.88330283558471
212.6382148525895
215.4272498847037
218.2505055697454
221.10807206926418
224.00003683600528
226.9264829795332
229.88748309354008
232.88311669432284
235.91344307290007
238.9785260032757
242.0784247095264
245.21319102306188
248.38287362308228
251.58751787358722
254.82716079862632
258.10185317877426
261.4116149620039
264.75647711664135
268.1364740463036
271.5516236679426
275.0019485720383
278.4874674532345
282.0081963102108
285.56414888076216
289.1553368323171