50.39507397908229
50.451478956892444
50.52195979328572
50.62058609641721
50.74731046945165
50.902070962635754
51.08479027438133
51.295374649113995
51.53371143530196
51.799664604979036
52.093090936945295
52.41380160470983
52.76160125731163
53.13627198143494
53.53757156106032
53.96524648638123
54.41902918849516
54.89864358503951
55.40380753483978
55.934236945977084
56.48964858728352
57.06976174067946
57.67430799408182
58.30301903080236
58.95564317748842
59.63194022577675
60.33168349701133
61.05465988674906
61.800679546169256
62.56955806027922
63.36113488180298
64.17526749116838
65.01182716732393
65.87070613714612
66.75181023970083
67.6550677375537
68.58041790548603
69.52781957087078
70.4972445677113
71.48868711797354
72.50214635474049
73.53764567544968
74.59521451141973
75.67489989451434
76.77675989138417
77.90086479619661
79.04730111227012
80.21615568549984
81.40753991859378
82.62156285510397
83.85834922422947
85.11803228945537
86.4007528863721
87.70665523956983
89.03591116197053
90.38866906349956
91.7651050768874
93.16539553830033
94.58972536008733
96.03827890434472
97.51125023465772
99.00883839311228
100.5312435520965
102.07866942947221
103.651332242381
105.24943418801591
106.87319915922198
108.52283214352984
110.19857255395758
111.9006226303233
113.62921086371334
115.38456039166661
117.1668953337466
118.97643790665266
120.81341447124638
122.6780495122198
124.57056131890471
126.49118087751309
128.44012027963285
130.41760591441334
132.42385469770585
134.4590786206576
136.52349230156761
138.6173151807658
140.7407431467461
142.89399356874048
145.077262913967
147.29074896980504
149.53464921704946
151.8091559641134
154.11445592336568
156.45073257765682
158.818164658263
161.21692957131805
163.6471932556806
166.10911977600486
168.6028926444251
171.12863976297496
173.68604179384457
176.27669607789917
178.89929402965942
181.55445406685413
184.24231024603236
186.96298790925076
189.7166141107257
192.50330369237955
195.3231673579083
198.17631958136872
201.06285992230397
203.98288896509726
206.93650174275504
209.92378901505649
212.94483738887016
215.99972944703967
219.0885438852314
222.2113556560082
225.3682361195042
228.5592532001898
231.7844715488692
235.04395270949152