0.030961655134864437
0.044580433761659655
0.06247259552502773
0.08555103929457201
0.11486580948089689
0.1516245477065647
0.19721563851208007
0.25323363446170427
0.32150593137782035
0.40411805528073286
0.5034307784479367
0.6220722313525796
0.7628667784333044
0.9286295581041824
1.1217503467994112
1.3436297030147903
1.5943244064269426
1.8727528412149963
2.1772781549426226
2.5062126136370626
2.858063740225667
3.2315965655384584
3.625815892656238
4.039926174274158
4.4732915222646605
4.925402316118562
5.395849027212372
5.884302169145162
6.390497030150852
6.914222020033986
7.455309719377707
8.013629946994286
8.589084340447712
9.181602077838733
9.791136466509414
10.41766219507298
11.061173096672437
11.72168030895436
12.399210743935052
13.093805801408202
13.805520274876566
14.534421410551834
15.280588088662745
16.044110103030587
16.825087520004782
17.623630101802796
18.439856782416616
19.27389518662019
20.125881184536702
20.995958475690284
21.8842781976682
22.79099855540131
23.716284467901048
24.6603072297637
25.62324418532879
26.605278413739285
27.606598423375104
28.627397854514392
29.66787518917483
30.728233467284802
31.80868000851946
32.90942613915538
34.030686923504454
35.17268089948647
36.33562981802095
37.519758385970526
38.72529401240542
39.95246655805106
41.20150808779156
42.472652626179276
43.76613591589772
45.08219517920867
46.42106888243253
47.782996503535365
49.16821830295546
50.57697509780168
52.00950803961435
53.46605839588505
54.946867335574304
56.45217571887915
57.9822238915198
59.53725148385105
61.117497215101366
62.72319870306343
64.35459227958945
66.01191281220197
67.69539353220262
69.4052658696192
71.14175929533445
72.90510117074288
74.69551660531472
76.5132283223432
78.35845653323834
80.23141882065453
82.13233003074947
84.06140217484752
86.01884434073574
88.00486261385537
90.01966000855458
92.06343640959524
94.13638852406062
96.23870984378821
98.37059061839854
100.53221783901267