1.0132604746352625
1.28002338455031
1.5625321548503333
1.8606085551018297
2.1741165912468805
2.502951697418461
2.8470307251900846
3.2062897597364017
3.5806775001124436
3.970152779515671
4.374686705617178
4.794257624686748
5.22885096202618
5.678460700245512
6.143084081198335
6.622725416921506
7.117419511816022
7.627106845277241
8.15188036923813
8.691743440276616
9.246720730876147
9.816853536851559
10.402182409053005
11.00274778427622
11.618603928569362
12.249807516101896
12.896421207962407
13.558513662122083
14.236159555733266
14.929439631904916
15.638440782376602
16.363256170454687
17.103985402765133
17.860734358481007
18.633615537140702
19.42274739916896
20.228255077748674
21.050276592555964
21.888929882078674
22.74437399418733
23.61676485118457
24.50624615276259
25.412983303269996
26.33714297636173
27.27890040873537
28.23828621684297
29.21592263855496
30.211560628016233
31.22553986604842
32.25805724486393
33.309317482082044
34.37952733456306
35.468898208639224
36.57764549135778
37.705988314479534
38.8541493477075
40.02235458954419
41.2108331561648
42.41981706858394
43.64954103840786
44.900242252427404
46.17216015629133
47.46553623750757
48.78061380797925
50.11763778632955
51.476854480219956
52.85851136892146
54.262856886362805
55.69014020492708
57.14061102025746
58.61451933735723
60.11211525828108
61.63364877173464
63.179369544912674
64.74952671791539
66.34436870111536
67.96414297584052
69.60909589876758
71.27947251042767
72.9755163482185
74.69746926435916
76.44557124920192
78.22006026030756
80.02117205773139
81.84914004592385
83.70419512265599
85.58656553538773
87.4964767454456
89.4341513004146
91.39980871506806
93.39366536120893
95.41593436670614
97.46682552401342
99.54654520848156
101.65529630661852
103.79327815455754
105.96068648688158
108.15771339594077
110.38454730176903
112.64137293266555
114.92837131648464
117.24571978263937
119.59359197476756
121.97215787403722