55.005413339926015
55.485870652911416
55.99193449471561
56.52332072892028
57.07974839888298
57.66093781805561
58.26661657164413
58.89652216315576
59.550401876444745
60.22801543895681
60.92913658477005
61.653554158136615
62.40107354221567
63.17151642563145
63.96472112983861
64.78054174670626
65.618858065213
66.4795542980127
67.3625412774591
68.26774521117827
69.19510673819008
70.14458452576471
71.11615150178221
72.10980178773399
73.12553601958375
74.16337408428797
75.22334933480474
76.30550671813934
77.40990644850783
78.53661865057272
79.6857266019992
80.85732338749801
82.0515131232816
83.26841089966699
84.50813951037303
85.7708321394568
87.0566298633815
88.36568145091553
89.69814348210812
91.05418315915476
92.4339662436427
93.83767170235103
95.265481394942
96.71758327915056
98.19417264208764
99.69544316546015
101.22159821956632
102.77284270801334
104.3493854038342
105.95143886271542
107.57921212844026
109.23293615002247
110.91281683963334
112.61907743925264
114.35190869119202
116.1116280585726
117.89836714706881
119.7123776982227
121.55388416640291
123.42310991436196
125.32027804109283
127.2456098972932
129.19933841664673
131.18164934320785
133.19279205679317
135.2329709801755
137.3023945429431
139.40129020927486
141.52984972888464
143.68827998173478
145.87676628934497
148.09555028413388
150.34480198865882
152.62471678359802
154.93546608418393
157.27724467155105
159.65022970394526
162.05459217434236
164.49050796712498
166.9581370683046
169.45763780361727
171.9891748141381
174.55288402170686
177.1489314308537
179.77744453660432
182.43841795945036
185.13240685908355
187.8591009310453
190.61881748284435
193.41161350017614
196.23761924173866
199.09694892456125
201.9896988654568
204.91596957159305
207.8758550109262
210.86944488623476
213.8968247567723
216.95807616843507
220.05327679179743
223.182500567301
226.34581785694758
229.5432956020054
232.7749974858483
236.0409841015217