62.03743709399736
62.52751402439931
63.04384492045579
63.58613912740612
64.15417489462533
64.74763177589048
65.36626118435551
66.00980748324844
66.67802499124069
67.37068016128381
68.08755224406339
68.82843734037584
69.59314472894228
70.38150304920723
71.19335485848559
72.02856174725746
72.88700293318476
73.76857351352916
74.673175675616
75.60077182931731
76.55127636971007
77.52466149675188
78.52090631744414
79.54000505741658
80.58196451986166
81.64680671493889
82.73456876521685
83.84529884467624
84.97905845867413
86.13592045113457
87.31596985020889
88.51930322724515
89.74602468625551
90.99625073867257
92.27010579339407
93.56772248242582
94.88924136360023
96.23481657941501
97.60462299946748
98.99876223304169
100.41746554466151
101.86088577206091
103.32921167735849
104.82262187226814
106.34131649440666
107.88548205196442
109.45532022699135
111.05104023994431
112.6728405816072
114.32093363708782
115.9956834889079
117.69684251748922
119.425089078147
121.1804821771025
122.96324112141313
124.77358230035446
126.61172680331431
128.47788336967457
130.372290527539
132.29514769791191
134.246676233402
136.22708994411198
138.23660537709742
140.2754309116895
142.34376302172043
144.44185827103652
146.5698675890629
148.72800860746491
150.9164908442384
153.13550193699905
155.38523209426046
157.66587081925428
159.9776050840749
162.32061085111138
164.69506708483203
167.1011424068939
169.53900939687318
172.00882555235034
174.51074800232524
177.0449336000485
179.61152483648885
182.21067358775437
184.84251041912376
187.50716896240687
190.204783213032
192.9354691716493
195.69935249890347
198.49653950247148
201.32714435344354
204.19126560659527
207.0890085791647
210.02046414505125
212.98572045995334
215.98486826238263
219.0179851208583
222.08514921758808
225.1864337008546
228.32190784560342
231.49163720496156
234.69568376794953
237.93410612253024
241.2069596236129
244.51429656508864
247.85616635544997