47.05228958549309
47.52068509259978
48.013872633815474
48.53155237296186
49.07344753750659
49.639258229579816
50.22870802240403
50.84152904485343
51.47746306677824
52.13626641276505
52.81770826867653
53.521573523995684
54.24766645997545
54.995801456178704
55.7658167341126
56.55756685886866
57.370919082314686
58.20575748831351
59.06200299126589
59.939562887788526
60.8383805396954
61.758412267446325
62.69962975492789
63.66202017068707
64.6455849086846
65.65034123659677
66.67631923920405
67.72356205465326
68.79213086539308
69.88209001686312
70.99352216603111
72.12651919462508
73.2811852261702
74.45763229811301
75.65598396194078
76.87637053410475
78.1189325119436
79.38382673272051
80.67120367008519
81.9812232877295
83.31406711681431
84.66990156224358
86.04891767696884
87.45130450598491
88.87725204968903
90.32696212714596
91.80063922001506
93.29848724488235
NaN
96.36755804192595
97.93921292352792
99.53590472865122
101.15785831075668
102.80529707175121
104.4784488809529
106.17753992574312
107.9027642170206
109.65445742684643
111.43274533366981
113.2378876670025
115.07011410096894
116.9296676319604
118.81675823561599
120.73162296356143
122.67448272503577
124.64556429747036
126.64504399727096
128.67327871254682
130.73034746318365
132.81651391337152
134.9319891274836
137.07698098570575
139.25169369191727
141.45633911114402
143.69110543050093
145.95618750020225
148.2517838550263
150.5780793663553
152.93525312867735
155.32348209921543
157.74294946826825
160.19381409436107
162.67624304378896
165.19040432329373
167.7364447847377
170.31450967518157
172.92476510532128
175.5673357616987
178.24236165812994
180.94997341058397
183.69029880495913
186.4634600236482
189.26957460521456
192.10875555546025
194.98111142950185
197.8867464244229
200.82576048192797
203.79824940047274
206.80430495620587
209.84401503215108
212.91746375513475
216.02473163966377
219.16589573832158
222.3410297980234