-0.82095741797345E-03
-0.84649042540729E-03
-0.78019129168615E-03
-0.61633916947177E-03
-0.36559322910201E-03
-0.53698735584448E-04
 0.28059322401183E-03
 0.59166552845700E-03
 0.83549208338159E-03
 0.97770183294563E-03
 0.10004906684078E-02
 0.90643430908630E-03
 0.71793372472693E-03
 0.47242352933503E-03
 0.21436865508576E-03
-0.14241101712954E-04
-0.18256629116962E-03
-0.27770661994050E-03
-0.30255239312824E-03
-0.27368826310113E-03
-0.21675451408206E-03
-0.15191034835327E-03
-0.95257898787325E-04
-0.53573706973266E-04
-0.27060660651658E-04
-0.11227016390404E-04
-0.44669644036979E-05
-0.14171029851763E-05
-0.35772042825991E-05
 0.37934860090880E-05
-0.55072945593077E-08
 0.73799277199591E-07
-0.57974014887842E-06
 0.11450506810694E-06
-0.47720192413309E-06
-0.54579518781053E-06
-0.42692483633878E-06
-0.10907123073288E-05
-0.94850282660885E-06
 0.28671164008056E-06
-0.65134880817212E-06
 0.35106332585953E-06
-0.21035869589956E-06
 0.18170355823147E-06
-0.18947706428639E-06
-0.30037408127308E-06
-0.89352038943140E-06
 0.98570387234343E-06
-0.15401895292016E-06
 0.23680182203070E-06
 0.17113831241959E-07
 0.41130513240910E-06
 0.40923970752592E-07
-0.20382205798792E-05
-0.60530193642514E-06
-0.11620378423997E-05
 0.43154960196350E-07
 0.21118206661381E-04
 0.10677678866034E-05
 0.20487747488299E-06
 0.70748504378209E-06
 0.85502272027368E-05
 0.12470501528890E-06
-0.15651330263402E-07
-0.59819331402050E-07
-0.33471287342815E-07
-0.31110039986140E-07
-0.28939499968011E-07
-0.26941836089767E-07
-0.25100898569280E-07
-0.23403427950571E-07
-0.21834899112950E-07
-0.20385535721937E-07
-0.19044520487561E-07
-0.17802363130067E-07
-0.16649916991026E-07
-0.15581150121240E-07
-0.14609243489101E-07
-0.13649493112012E-07
-0.12801424524861E-07
-0.11957575886410E-07
-0.11248535773052E-07
-0.10547649825054E-07
-0.98916428579834E-08
-0.92774598036952E-08
-0.87017091635911E-08
-0.81603897518099E-08
-0.76523484732376E-08
-0.71710705689613E-08
-0.67217510622437E-08
-0.62944038040392E-08
-0.58881066664676E-08
-0.55113488704180E-08
-0.51505618535499E-08
-0.47999420158000E-08
-0.44695746047893E-08
-0.41608841474181E-08
-0.38640252699076E-08
-0.35773940070723E-08
-0.33042503578528E-08
-0.30371840363468E-08
-0.27805254244105E-08
-0.25316745363631E-08
-0.22922492330175E-08
