 0.00000000000000E+00
 0.00000000000000E+00
 0.00000000000000E+00
 0.00000000000000E+00
 0.00000000000000E+00
 0.00000000000000E+00
 0.00000000000000E+00
 0.00000000000000E+00
 0.00000000000000E+00
 0.00000000000000E+00
 0.00000000000000E+00
 0.00000000000000E+00
 0.00000000000000E+00
 0.00000000000000E+00
 0.00000000000000E+00
 0.00000000000000E+00
 0.00000000000000E+00
 0.00000000000000E+00
 0.00000000000000E+00
-0.18548536063921E-30
-0.49027870079973E-15
-0.29416722047984E-15
 0.40154317059095E-16
-0.32165406178069E-15
-0.31871905675320E-15
 0.34542385124123E-16
 0.60076899596240E-15
 0.21081958983420E-15
-0.57191397363568E-15
 0.13709128845032E-16
-0.33288976949365E-15
-0.40638317141637E-15
-0.57829320832764E-15
-0.14840331550948E-16
 0.89544354079778E-15
 0.64369652142348E-15
 0.16126542204278E-14
 0.19272597879740E-14
 0.23390148654787E-14
 0.50712547870098E-14
 0.81121813160092E-14
 0.12073552092024E-13
 0.20245623454989E-13
 0.29688473610659E-13
 0.43050249818355E-13
 0.61824788833775E-13
 0.87503722549427E-13
 0.12309281706095E-12
 0.16738901221113E-12
 0.23102652637142E-12
 0.30726888495423E-12
 0.40742568822391E-12
 0.53708146047440E-12
 0.69656718545166E-12
 0.89736712802982E-12
 0.11404857729428E-11
 0.14412413019814E-11
 0.18045727315536E-11
 0.22397101851222E-11
 0.27638575567497E-11
 0.33810068660160E-11
 0.41113869369971E-11
 0.49655056815369E-11
 0.59612342168485E-11
 0.71126781370644E-11
 0.84431852512014E-11
 0.99697966219062E-11
 0.11707845107498E-10
 0.13688954916744E-10
 0.15929533803337E-10
 0.18451139110077E-10
 0.21283708365360E-10
 0.24455539057896E-10
 0.27987577443665E-10
 0.31908374164002E-10
 0.36250363983817E-10
 0.41044842944769E-10
 0.46320646539284E-10
 0.52106106645911E-10
 0.58444819420171E-10
 0.65356241585561E-10
 0.72886168236560E-10
 0.81060947087540E-10
 0.89922548009587E-10
 0.99503810569925E-10
 0.10984345305539E-09
 0.12097749178657E-09
 0.13294974388222E-09
 0.14578341102446E-09
 0.15953414697973E-09
 0.17423417642877E-09
 0.18992688051913E-09
 0.20664804014843E-09
 0.22444316861098E-09
 0.24335395439404E-09
 0.26341837961973E-09
 0.28468389557748E-09
 0.30718979833579E-09
 0.33098462120919E-09
 0.35610593364783E-09
 0.38260866414272E-09
 0.41053165934075E-09
 0.43991864034142E-09
 0.47081960021832E-09
 0.50328624419479E-09
 0.53736294657033E-09
 0.57309331565176E-09
 0.61053393507209E-09
 0.64973179212291E-09
 0.69073895623884E-09
 0.73360816158840E-09
 0.77838597610744E-09
 0.82513015818103E-09
 0.87389346258909E-09
 0.92472622782767E-09
 0.97768526235769E-09
 0.10328241393929E-08
 0.10901981105175E-08
 0.11498633827261E-08
 0.12118725843748E-08
