 0.00000000000000E+00
 0.00000000000000E+00
 0.00000000000000E+00
 0.00000000000000E+00
 0.00000000000000E+00
 0.00000000000000E+00
 0.00000000000000E+00
 0.00000000000000E+00
 0.00000000000000E+00
 0.00000000000000E+00
 0.00000000000000E+00
 0.00000000000000E+00
 0.00000000000000E+00
 0.00000000000000E+00
 0.00000000000000E+00
 0.00000000000000E+00
 0.00000000000000E+00
 0.00000000000000E+00
 0.00000000000000E+00
 0.25736141200985E-29
 0.86944878865045E-14
 0.57253498463512E-14
 0.98319958395604E-15
 0.64626006462409E-14
 0.59490489973246E-14
-0.65890992403212E-15
-0.15779315242400E-13
-0.59811870259479E-14
 0.17926458879096E-13
-0.74981696234149E-16
 0.11835365851911E-13
 0.13741029027131E-13
 0.25562030830442E-13
 0.70199237750862E-14
-0.18886046047090E-13
 0.84739811875990E-17
-0.15420385542214E-13
-0.84603204209360E-14
 0.56438007026854E-13
 0.16079457335166E-13
 0.28434859538690E-13
 0.76535635636566E-13
 0.31223969292170E-14
 0.72351930744331E-14
 0.49816338745452E-13
 0.10376546039311E-12
 0.12386529793228E-12
 0.12730383093241E-12
 0.31801661149489E-12
 0.17395459472539E-12
 0.40252060918799E-12
 0.53069972216301E-12
 0.55428521071432E-12
 0.73885141906215E-12
 0.80320718047619E-12
 0.12299036612830E-11
 0.14168456529705E-11
 0.17697338541229E-11
 0.23456062155228E-11
 0.26373935263157E-11
 0.33875991592722E-11
 0.39558569946975E-11
 0.48653155225060E-11
 0.58335660845510E-11
 0.73013806357870E-11
 0.85905235096103E-11
 0.98900195833439E-11
 0.12094303568844E-10
 0.13623688830416E-10
 0.15778962732251E-10
 0.18598453803646E-10
 0.21518585519849E-10
 0.24367085938771E-10
 0.27783577558026E-10
 0.31979405333376E-10
 0.36650575558557E-10
 0.41387303391138E-10
 0.46381687742363E-10
 0.52839374250907E-10
 0.58554119024058E-10
 0.65993958021948E-10
 0.73330606291932E-10
 0.82005903930592E-10
 0.90970512071095E-10
 0.10090308851269E-09
 0.11142982616977E-09
 0.12303732389523E-09
 0.13430977912451E-09
 0.14889495412073E-09
 0.16311586765616E-09
 0.17838066030239E-09
 0.19463879089055E-09
 0.21266503090874E-09
 0.23136624246910E-09
 0.25114748852465E-09
 0.27302190053604E-09
 0.29567941683416E-09
 0.32048777668061E-09
 0.34615499879520E-09
 0.37455319321635E-09
 0.40333681718356E-09
 0.43387991432778E-09
 0.46742113602670E-09
 0.50301735664755E-09
 0.53961063216239E-09
 0.57797391895884E-09
 0.62037063228699E-09
 0.66447541969835E-09
 0.71102108367862E-09
 0.76009870304995E-09
 0.81111084020101E-09
 0.86626525265251E-09
 0.92329165639840E-09
 0.98277143405086E-09
 0.10462859529031E-08
 0.11125601317435E-08
 0.11821815685455E-08
 0.12550410862279E-08
 0.13312932073280E-08
 0.14118509754807E-08
