3.0312195125367656
3.3427600188352167
3.6698386753849395
4.01234723847646
4.370197820135366
4.743310012171462
5.131625411506639
5.535092098087002
5.953669846571012
6.38732616222764
6.836039130975166
7.299792111811512
7.778577009245832
NaN
8.78123553207146
9.305122653726762
9.84406595189727
10.39807847569591
10.967208161451365
11.551462146949696
12.150886992810698
12.76552189319651
13.395416155838063
14.040622692114216
14.70120074745005
15.377215885349383
16.06873950699588
16.775848861009
17.498625921582285
18.237166574021337
18.99156265859808
19.76191858025733
20.548342072938173
21.350954949306484
NaN
23.00523200911361
23.857162271433097
24.725807742006754
25.61131388772555
26.51383969217238
27.433539389888015
28.37058403636412
29.325138737530974
30.29738989576458
NaN
32.29569504294735
33.32213246094321
34.36701937857775
35.43056323679956
36.51296343862787
37.61443979985208
38.73520015266813
39.87546592890548
41.035459175271846
42.21540611404836
43.41553522599035
44.63607978817472
45.877274388810946
47.13935661765341
48.422566429841496
49.7271459273658
51.05333914004159
52.4013918060868
53.771551152624866
55.164065676248384
56.57918492390353
58.01715927432616
59.47823972028548
60.9626776518738
62.470724641151925
64.00263222843323
65.55865171052362
67.13903393124362
68.74402907459677
70.37388646095035
72.0288543465799
73.7091797270188
75.41510814458769
77.14688350053402
78.9047478722008
80.6889413356577
82.49970179422374
84.33726481332195
86.20186346206226
88.09372816201689
90.0130865435662
91.96016331020161
93.93518011121536
95.93835542307158
97.96990443985138
100.0300389730518
102.11896736104849
104.23689438846274
106.38402121565524
108.56054531858668
110.76666043913676
113.00255654606889
115.26841980668902
117.56443256929043
119.89077335639102
122.24761686874128
124.63513400007355
127.05349186251752
129.5028538225507