6.862235177060591
7.211924511094909
7.578774882632335
7.962531779915681
8.363100644900497
8.780195521470755
9.213697247798962
9.66346632684978
10.129381852706883
10.611339499787771
11.109248624604742
11.623032912139207
12.152628741308002
12.697985605131674
13.259056599027673
13.835819586832551
14.428248138696373
15.036334798462574
15.660076370932083
16.29948025187919
16.954563730356814
17.625351053023397
18.311875027148126
19.0141786027466
19.732310637267584
20.466329096379805
21.216301657918542
21.98229927888202
22.764411839670032
23.562721861235207
24.377329942903376
25.208341740102146
26.05586901589736
26.92003414709498
27.80096356911552
28.698790205608752
29.613663017813014
30.54572228605508
31.495126006797616
32.46203661682036
33.44662396795109
34.44905735820859
35.46951771695291
36.50819027554571
37.565266478989656
38.64094278960857
39.73541790234765
40.84889708093039
41.981593666990584
43.13371520872415
44.30544104084153
45.497129925649816
46.70887014838732
47.940929820019264
49.19354879904265
50.46696283572308
51.76140508959091
53.07711729683167
54.414341835934806
55.7733242280129
57.15431094964533
58.557549265618704
59.98328949908639
61.43178064767644
62.90327438729522
64.3980225151878
65.91627723778701
67.45829094795316
69.0243160040329
70.61460451104409
72.22940810429328
73.86897773572873
75.53356346342004
77.22341424448162
78.93877773187393
80.67990007544176
82.44702572764086
84.24039725433548
86.06025515114209
87.90683766571817
89.7803806264559
91.68111727800246
93.60927812404897
95.56509077779035
97.54877982047996
99.56056666846217
101.60066944905537
103.66930288563664
105.76667819225759
107.89300297807294
110.04848116188147
112.23331289696284
114.44769450646527
116.69181842948055
118.96587317791914
121.27004330431393
123.60450938064443
125.96944798802868
128.36503171748734
130.79142918157842
133.24880503686123
135.7373200170633
138.25713097679971
140.80839094565013