94.91518668710869
95.44184366601066
95.9972032542357
96.58103770157868
97.19312913582448
97.83325597830151
98.50120521663159
99.19677112859554
99.91975856123787
100.66998181501182
101.44727121525638
102.25146751344552
103.0824289402931
103.94002775829702
104.82415111130464
105.73470335694479
106.67160539878775
107.63478862571051
108.62420456547376
109.63981786411573
110.68160928199441
111.74956494948687
112.84370950990076
113.96405553261893
115.11061559966717
116.28346056406836
117.48263732181907
118.70821630018862
119.96027237744576
121.23889908822254
122.54418947967935
123.87625185074647
125.23520280552788
126.62116449955272
128.03426901223156
129.47465284438303
130.9424632611122
132.43785005639407
133.960968955707
135.51198329474883
137.09105872856838
138.69836925025754
140.33408576181216
141.998391685575
143.6914660982232
145.41349340426385
147.1646658397872
148.94516696247342
150.7551898416688
152.59492745695186
154.46456756854133
156.36430801988263
158.2943511329668
160.2548742485957
162.2460775866309
164.26815132037612
166.32142143114456
168.40567004269508
170.52148906692847
172.66892878568422
174.84817223599802
177.05939416304201
179.30277530111633
181.57848358763027
183.88668749713955
186.22755734727087
188.6012473752469
191.0079128312534
193.44771462755344
195.9207893235626
198.42727847035516
200.96733399828676
203.54107097756912
206.1486153527894
208.79007992026735
211.46565223416533
214.17535854593552
216.91932759646213
219.6976677259538
222.51047029066643
225.35782296477782
228.2398108596839
231.15651266911027
234.10800039851924
237.09434415184873
240.11560130251385
243.1718460324538
246.26311753761323
249.38946565912096
252.55094214241524
255.7475804241003
258.97942283838916
262.2464970080548
265.5488343480756
268.88645724931206
272.2593943664645
275.6676556117732
279.1112605286677
282.59022212291006
286.1045489554778
289.65424998019864
293.23933041844407
296.8597937715306
300.5156417112529