0.00006103886806051684
0.00006103886806051684
0.00006103886806051684
0.00006103886806051684
0.00006103886806051684
0.00006103886806051684
0.00006103886806051684
0.00006103886806051684
0.00006103886806051684
0.00006103886806051684
0.00006103886806051684
0.00006103886806051684
0.00006103886806051684
0.00006103886806051684
0.00006103886806051684
0.00006485379731429913
0.00008583590821010179
0.0001993300535101253
0.0006990857857556069
0.002557910064661034
0.00883823734870015
0.027303448669319937
0.0767392094044579
0.19841542422153097
0.4763759383136767
1.070985117792888
2.271310643273698
4.572838387434292
8.788040509578881
16.19662167563635
28.744898705750682
49.29985483420428
81.96635203060227
132.47146700127712
208.62334992620129
320.8435768542416
482.77802287977954
711.9850458143923
1030.6983108568477
1466.6629782601149
2054.04053397417
2834.376137441949
3857.6244741966034
5183.225024191112
6881.222045867412
9033.42128178079
11734.574630516898
15093.589827377506
19234.75395895345
24298.968030501353
30444.98533775856
37850.64969855943
46714.12774460673
57255.13342506504
69716.14036437306
84363.58043290168
101489.02590197137
121410.35531007547
144472.90026304082
171050.57479233164
201546.98486523068
236396.52018897937
276065.426399506
321052.8585951495
371891.9154991264
429150.6555468632
493433.0902764063
565380.1585202015
645670.6766324411
735022.2648578433
834192.2450245626
943978.5097748666
1.06522035629885e6
1.1987992845988425e6
1.3456397527986695e6
1.5067098876360757e6
1.683022144306241e6
1.87563391122821e6
2.0856480562826742e6
2.3142134084944786e6
2.5625251726238728e6
2.8318252722001807e6
3.1234026189816985e6
3.4385933042944246e6
3.7787807124041277e6
4.145395553885535e6
4.539915818418301e6
4.963866647770846e6
5.418820130235761e6
5.906395017498149e6
6.428256368761858e6
6.986115123094964e6
7.581727606382585e6
8.216894976386293e6
8.89346261235162e6
9.613319454394875e6
1.0378397299973924e7
1.1190670063840551e7
1.2052153008710388e7
1.2964901954853436e7
1.393101247461753e7
1.4952619081854124e7
1.603189442122673e7
1.7171048467168305e7
1.83723277377874e7
1.9638014531420715e7
2.0970426191992182e7
2.2371914408304855e7
2.38448645522518e7
2.5391695059709348e7
2.701485685743266e7
2.871683283583728e7
3.0500137369802997e7
3.2367315884179186e7
3.432094446162627e7
3.63636294866561e7
3.849800731856762e7
4.072674398291633e7
4.305253486837816e7
4.547810441286367e7