0.00006103886806051684
0.00006103886806051684
0.00006103886806051684
0.00006103886806051684
0.00006103886806051684
0.00006103886806051684
0.00006103886806051684
0.00006103886806051684
0.00006103886806051684
0.00006103886806051684
0.00003051943403025842
0.00006103886806051684
0.00003051943403025842
0.00003051943403025842
0.00003338063097059514
0.00005340900955295223
0.00020409871507735315
0.0007429574721741033
0.0030319150244434846
0.011013700755669506
0.03541208079823421
0.10270934029958091
0.272235259014532
0.6663632300812892
1.52114963093614
3.264588513363981
6.632742818645016
12.834347130067707
23.77244457151807
42.33567668438454
72.76693434733566
121.11788752226197
195.7943942449015
308.19801245202956
473.46472192842907
711.2990166240078
1046.9029009659628
1511.9936586209478
2145.9037709900585
2996.7565715868295
4122.707871986817
5593.244739232331
7490.531438161267
9910.793441961225
12965.728949317281
16783.94011520669
21512.374375996365
27317.769773539985
34388.09575763017
42933.98593036636
53190.15519890684
65416.80075482814
79900.9810337129
96957.97188244274
116932.59900907615
140200.5445274491
167169.62874860724
198281.06565018024
234010.6935944946
274870.18130210205
321408.2072962898
374211.6151676153
433906.5430476119
501159.525077099
576678.5651313724
661214.178518111
755560.4007009405
860555.757061127
977084.1915352851
1.1060759473490205e6
1.2485083957569008e6
1.4054068063167296e6
1.5778450528193142e6
1.766946248616293e6
1.97388330530508e6
2.199879409861113e6
2.4462084126600297e6
2.7141951242772574e6
3.0052155151623613e6
3.3206968155444167e6
3.662117513014291e6
4.0310072473041313e6
4.42894660094789e6
4.857566787943991e6
5.3185492411955325e6
5.81362510345566e6
6.344574624884433e6
6.913226472250019e6
7.521456957665401e6
8.171189191873407e6
8.864392171479115e6
9.603079807989316e6
1.0389309907718549e7
1.1225183111953119e7
1.211284180795665e7
1.305446901940554e7
1.405228728686364e7
1.5108557548466748e7
1.6225578029309914e7
1.7405683149240833e7
1.8651242456426866e7
1.9964659596004225e7
2.1348371317933075e7
2.2804846531295694e7
2.4336585408333614e7
2.5946118540445074e7
2.7636006146997306e7
2.9408837335516375e7
3.1267229410354294e7
3.321382722203088e7
3.525130255072216e7
3.738235351048757e7
3.960970396052629e7
4.193610290408456e7
4.436432385385176e7
4.68971641379799e7
4.953744411638945e7
5.228800627483519e7
5.515171415898161e7
5.813145110767372e7