0.00006103886806051684
0.00006103886806051684
0.00006103886806051684
0.00006103886806051684
0.00006103886806051684
0.00006103886806051684
0.00006103886806051684
0.00006103886806051684
0.00006103886806051684
0.00006103886806051684
0.00006103886806051684
0.00009155830209077525
0.00006103886806051684
0.00006103886806051684
0.00006103886806051684
0.00006103886806051684
0.00006294633268740798
0.00007534485276220047
0.00013542998850927173
0.00039103024851268596
0.0013304565772565779
0.004411011949685787
0.013256879156893499
0.0369580808783295
0.09512430721074826
0.22810701860371863
0.5133015922933492
1.0918165389831664
2.20836431058629
4.268578704798885
7.9199009026034775
14.159985451676757
24.478322838810033
41.03661125249271
66.89271200475555
106.27242985987174
164.89282733488253
250.34035285737377
372.505517619581
544.0753676569572
781.0834736150997
1103.5170595733082
1535.9790840165783
2108.403285377891
2856.818238930356
3824.1574007440468
5061.110586543193
6627.012003308016
8590.76106542484
11031.770151866598
14040.9351127502
17721.6240541737
22190.67896315159
27579.427993369896
34034.70225541901
41719.85535186806
50815.782170335624
61521.93381108332
74057.32721567269
88661.5468586617
105595.73802356748
125143.58951910464
147612.30543990078
173333.56589634376
202664.47554047056
235988.49979729278
273716.3894205311
316287.0925592252
364168.65353503736
417859.0996893192
477887.31508011644
544813.8994430562
619232.0142224855
701768.210195575
793083.2405129041
893872.8535103812
1.0048685652190655e6
1.1268384082386415e6
1.2605876555458526e6
1.406959515594641e6
1.5668357960604264e6
1.741137533433144e6
1.9308255849540625e6
2.136901180176351e6
2.360406428929583e6
2.6024247829900784e6
2.8640814484661687e6
3.14654374731425e6
3.4510214247877435e6
3.778766902594847e6
4.1310754748428413e6
4.5092854486964345e6
4.914778225687261e6
5.348978328130358e6
5.813353368108789e6
6.309413962573351e6
6.838713594750004e6
7.402848425893145e6
8.003457058418556e6
8.642220255434573e6
9.32086061913116e6
1.0041142233080683e7
1.080487027212516e7
1.1613890585765006e7
1.247008925898438e7
1.3375392157058576e7
1.433176445885373e7
1.5341210185323471e7
1.6405771728142953e7
1.7527529384598408e7
1.870860090482465e7
1.9951141056494005e7
2.125734121233946e7
2.2629428966663707e7
2.4069667784134816e7
2.5580356686688326e7
2.716382998110982e7
2.8822457031487744e7
3.0558642078293275e7
3.237482410527167e7