5.986231608767192
6.3291440782182615
6.688871595153973
7.065205463614239
7.457965472084523
7.866995197446548
8.292149613032695
8.733308095802602
9.190366645059541
9.663233100189784
10.15183255009944
10.656060131223422
11.175983633155173
11.711441642294588
12.262444967233101
12.828970290461035
13.411006277805217
14.008548784907436
14.621602372043897
15.250182780261303
15.894308921910667
16.554011074430004
17.22932552847371
17.920298604603566
18.626981877364415
19.349437223260804
20.08773186024778
20.84194107738248
21.61214964516713
22.398446714796417
23.200932428748473
24.019706347038515
24.854896164690683
25.706607648956155
26.574972965105836
27.460027009556978
28.362208970151123
29.281367939083495
30.217757776556613
31.171537960190477
32.14287620360822
33.13194382667677
34.138921590098704
35.16398748931306
36.20734338705225
37.269171337827615
38.34967415619164
39.44905649000244
40.56752821224033
41.70530084555941
42.862592786066514
44.03962204166497
45.236619870677174
46.45380665612323
47.691418372064454
48.949685491978066
50.22884908000967
51.52914362553087
52.85082160174522
54.19411352836245
55.55927110643112
56.94654518592951
58.356178685696385
59.788423695547074
61.243531039091366
62.72175225540961
64.22333937616308
65.74854470411695
67.29762059328779
68.87081923105616
70.46839242250653
72.09059137734202
73.73766649971324
75.4098671813251
77.10744159820207
78.83063651151575
80.57969707287398
82.35486663450452
84.15638656475585
85.98449606934675
87.83943201880805
89.72142878254894
91.63071806997107
93.56752877906888
95.53208685290303
97.52461514437339
99.5453332896412
101.5944575905773
103.67220090656133
105.77877255593783
107.9143782274226
110.07921990167493
112.27349578328648
114.49740024332338
116.75112377264001
119.0348529459437
121.34877039686947
123.69305480387287
126.06788088713807
128.47341941634616
130.90983722928442
133.37729726115595
135.87595858448412
138.40597645942222