0.
0.
0.
0.
0.
0.
0.
0.
1.9859446137283985e-12
3.971889227456797e-12
6.08195537954322e-12
7.32317076312347e-12
1.7128772293407437e-11
9.52012199206051e-11
4.998374349677663e-10
2.207749802774189e-9
8.311178208453347e-9
2.724244348189602e-8
7.940836774454508e-8
2.0940296493305665e-7
5.065886536821359e-7
1.1373178363176657e-6
2.392128624358884e-6
4.751357717882129e-6
8.971924571560767e-6
0.000016197703990219304
0.000028094799366805183
0.00004701237527578235
0.00007616852438783932
0.00011986001449972658
0.000183693877975928
0.00027483830320664096
0.00040228966347932276
0.00057715268150852
0.0008129301147082981
0.0011258187655741431
0.0015350086698244897
0.002062982576848471
0.002735813165804445
0.0035834557860199676
0.004640035049527853
0.005944123814827806
0.007539013581934091
0.009472975725019478
0.011799513270101009
0.014577603186488949
0.017871929378429473
0.02175310692766837
0.026297898020368138
0.0315894203148993
0.03771734824401314
0.044778108207628176
0.05287506797211975
0.06211872109481832
0.07262686650814015
0.08452478377038686
0.09794540388826077
0.11302947577067463
0.12992572794881388
0.14879102511164255
0.1697905189247431
0.19309779216955603
0.21889499550297328
0.24737297557968604
0.27873139358527504
0.31317883303973837
0.3509328955921367
0.39222028383795887
0.43727687008568145
0.4863477500579522
0.5396872808509355
0.5975591023768045
0.6602361418647605
0.7280006010916575
0.8011439261451262
0.8799667597961542
0.9647788765055729
1.0558991004406644
1.1536552066627495
1.2583838059565498
1.370430213452008
1.4901483013763006
1.6179003357810142
1.7540567972250014
1.8989961847230443
2.0531048020788196
2.2167765251236244
2.3904125479685105
2.574421105504766
2.7692171689767298
2.9752221104815217
3.1928633318246638
3.4225738521865954
3.664791848874965
3.9199601447066494
4.188525635878708
4.4709386541056855
4.767652257981701
5.079121449490541
5.405802313964914
5.748151084358006
6.1066231341728265
6.481671907594003
6.873747799767898
7.283297004946041
7.710760354808444
8.15657217294567
8.621159174462447
9.104939440683733
9.608321498416675
10.131703530493198
10.675472739828201
11.240004882889535
11.825663981361288
12.432802212787145
13.06175997365527
13.712866101414885
14.386438236743091
15.082783303474452
15.802198081607466