38.86699424414893
39.321239565824506
39.799318301054086
40.30092547028917
40.82576274628629
41.37353727015061
41.943966739523745
42.536779400577096
43.151859599231074
43.788533022593995
44.44699973596087
45.12689735337922
45.82804451308617
46.55024650680192
47.29334270025894
48.05718939381692
48.84165713740184
49.64663636159124
50.47203100484332
51.3177649326476
52.18377851907522
53.07002673528719
53.976480767959096
54.90312716056033
55.84997076678175
56.8170251567754
57.80432026683586
58.81189789665107
59.83982096990388
60.888151168605866
61.95697174264937
63.04637469647618
64.15646173983443
65.28734537089927
66.43915001737943
67.61200603544073
68.8060553760902
70.02144569237107
71.25833072084892
72.51688741553825
73.79727523955818
75.09967478735273
76.4242750177401
77.77126004198776
79.14085437656222
80.5331879672587
81.94853370410915
83.38707985072062
NaN
86.33463229467954
87.8440771008553
89.37759740319929
90.93542018232979
92.5177741812502
94.12488923146499
95.75699906275338
97.41433616708717
99.09713552759696
100.80563185459442
102.54006060283149
104.30066008209681
106.08765933060643
107.90130609626362
109.7418239882339
111.60944949090505
113.5044177395655
115.4269559182422
117.37729463818317
119.35566201232356
121.36228218853947
123.39737102496828
125.46116816652832
127.55386917451156
129.6756998427705
131.82686526636675
134.00756970830344
136.21802832128415
138.45843139492172
140.72897841098418
143.02985695977486
145.3612588611171
147.72336814115883
150.11635867486564
152.54040837489498
154.99568826024938
157.48236411401197
160.00059128381014
162.55053083788695
165.132332916234
167.7461443184266
170.3921071926736
173.07035905963352
175.78103284853069
178.52425694522896
181.30015525186926
184.10884725767033
186.9504481204355
189.8250687582668
192.73281595098962
195.67379245085223
198.64809710182553
201.65582496708313
204.6970674640694
207.77191250662