-0.00000000000000E+00
-0.00000000000000E+00
-0.00000000000000E+00
-0.00000000000000E+00
-0.00000000000000E+00
 0.39158211729771E-15
-0.32251808613191E-15
 0.11305834213938E-15
-0.54872207672757E-16
-0.59071338356109E-15
-0.40416465871918E-14
-0.22753698555401E-13
-0.10011040396630E-12
-0.35222751735310E-12
-0.10416709214301E-11
-0.26736485025985E-11
-0.61099054576808E-11
-0.12677935036710E-10
-0.24259223467977E-10
-0.43340379671184E-10
-0.73019402766871E-10
-0.11696583776840E-09
-0.17934054293460E-09
-0.26468437547823E-09
-0.37778769448006E-09
-0.52355193113520E-09
-0.70685413951835E-09
-0.93242186728034E-09
-0.12047253800433E-08
-0.15278894355598E-08
-0.19056278294279E-08
-0.23411986734708E-08
-0.28373806805980E-08
-0.33964670831815E-08
-0.40202751233151E-08
-0.47101679715831E-08
-0.54670860414275E-08
-0.62915851492910E-08
-0.71838786827157E-08
-0.81438819401421E-08
-0.91712563082735E-08
-0.10265452053383E-07
-0.11425748339196E-07
-0.12651289504735E-07
-0.13941117035810E-07
-0.15294196728148E-07
-0.16709440828200E-07
-0.18185725204783E-07
-0.19721901511160E-07
-0.21316804876465E-07
-0.22969257231366E-07
-0.24678066883862E-07
-0.26442024871312E-07
-0.28259898638308E-07
-0.30130423612311E-07
-0.32052293346192E-07
-0.34024148762563E-07
-0.36044567012430E-07
-0.38112050496024E-07
-0.40225016411906E-07
-0.42381787118191E-07
-0.44580581649625E-07
-0.46819508400299E-07
-0.49096559076868E-07
-0.51409603857016E-07
-0.53756387564798E-07
-0.56134526644277E-07
-0.58541506639596E-07
-0.60974679750377E-07
-0.63431262130570E-07
-0.65908330418256E-07
-0.68402817151336E-07
-0.70911560034784E-07
-0.73431016974993E-07
-0.75957810195436E-07
-0.78488150871077E-07
-0.81018150077369E-07
-0.83543654055642E-07
-0.86060324600763E-07
-0.88563578656658E-07
-0.91048588229957E-07
-0.93510276556723E-07
-0.95943322695262E-07
-0.98342177349383E-07
-0.10070109260990E-06
-0.10301416781252E-06
-0.10527541277932E-06
-0.10747882836982E-06
-0.10961850257481E-06
-0.11168871854491E-06
-0.11368406922377E-06
-0.11559957195055E-06
-0.11743077580577E-06
-0.11917385468321E-06
-0.12082568018744E-06
-0.12238387019601E-06
-0.12384681110325E-06
-0.12521365398568E-06
-0.12648428691505E-06
-0.12765928714992E-06
-0.12873985785500E-06
-0.12972775431665E-06
-0.13062520445483E-06
-0.13143482786489E-06
-0.13215955685644E-06
-0.13280256211044E-06
-0.13336718473405E-06
-0.13385687575600E-06
-0.13427514351432E-06
-0.13462550889915E-06
-0.13491146810176E-06
-0.13513646229345E-06
-0.13530385353883E-06
-0.13541690619524E-06
-0.13547877305299E-06
-0.13549248550224E-06
-0.13546094706766E-06
-0.13538692972222E-06
-0.13527307245854E-06
-0.13512188166503E-06
