0.
0.
0.
0.
0.
0.
0.
0.
0.
0.
0.
0.
0.
0.
0.
0.
0.
3.971889227456797e-12
3.971889227456797e-12
3.971889227456797e-12
1.9859446137283985e-12
3.971889227456797e-12
3.971889227456797e-12
3.971889227456797e-12
5.9578338411851955e-12
5.9578338411851955e-12
4.096010765814822e-12
4.2201323041728465e-12
6.702563071333345e-12
6.33019845625927e-12
1.0302087683716067e-11
2.2217755366086456e-11
4.542848303903712e-11
9.71871645343335e-11
2.0715884751954356e-10
4.295846442571242e-10
8.703402269664706e-10
1.7082847324214968e-9
3.2414339742198203e-9
5.9769485580923316e-9
1.0714543555679784e-8
1.8728078315150588e-8
3.193411351029101e-8
5.3238706718677475e-8
8.690257798752592e-8
1.3904454679327188e-7
2.1837906222249394e-7
3.370314332358492e-7
5.11674533716356e-7
7.648946358774859e-7
1.1268807044002161e-6
1.6374954884220714e-6
2.3487835213411867e-6
3.3278859910231067e-6
4.66061370240396e-6
6.4554920743040096e-6
8.848596790440541e-6
0.000012009001493746399
0.00001614506975539243
0.00002151163711936149
0.000028418025878423314
0.00003723711314548385
0.00004841539810331843
0.0000624841704605932
0.00008007184304379485
0.00010191746751566395
0.00012888548100692423
0.00016198182118797212
0.00020237126592366397
0.000251396193871474
0.00031059676937430564
0.00038173246116335297
0.0004668051109666127
0.0005680833458571698
0.0006881285590012419
0.0008298223381598475
0.000996395344054163
0.001191457696931693
0.0014190308925580363
0.001683581113582985
0.0019900540303650852
0.0023439111030462037
0.0027511672541761217
0.0032184300033647265
0.003752939996067326
0.004362612895472694
0.005056082702161175
0.005842746331734571
0.006732809572801671
0.007737334337068985
0.008868287166906783
0.01013858904085406
0.011562166403954854
0.013154003412375553
0.014930195429663815
0.01690800370427215
0.01910591121295513
0.021543679762510735
0.024242408190493833
0.027224591816702344
0.0305141830225559
0.03413665306957974
0.038119055102132274
0.04249008836615133
0.04728016365906189
0.05252147004957141
0.05824804288001285
0.06449583308859624
0.07130277792988937
0.07870887295773857
0.08675624565826132
0.0954892303806536
0.1049544449544366
0.11520086884047329
0.12627992300330249
0.13824555148046255
0.15115430482791217
0.1650654254215647
0.180040934765371
0.19614572284008505