 0.00000000000000E+00
 0.00000000000000E+00
 0.00000000000000E+00
 0.00000000000000E+00
 0.00000000000000E+00
 0.00000000000000E+00
 0.00000000000000E+00
 0.00000000000000E+00
 0.00000000000000E+00
 0.00000000000000E+00
 0.00000000000000E+00
 0.00000000000000E+00
 0.00000000000000E+00
 0.00000000000000E+00
 0.00000000000000E+00
 0.00000000000000E+00
 0.00000000000000E+00
 0.00000000000000E+00
 0.00000000000000E+00
 0.18318664084957E-13
-0.31143916864772E-13
-0.18786053057543E-13
-0.10619708925902E-27
-0.12590594475434E-27
-0.49016373386390E-14
-0.27512430290427E-14
-0.94743583611314E-13
-0.14732651806878E-12
 0.13785779931353E-12
 0.10188748722738E-12
-0.17594065665311E-12
 0.90330626013285E-13
-0.58263383649863E-12
-0.26499587081224E-12
 0.22488217678835E-12
-0.53600362103535E-12
 0.13935994002283E-11
 0.39453274219539E-12
 0.38299162558046E-12
 0.24038572075292E-12
-0.11891365115274E-11
-0.36186688592754E-12
 0.84665360098929E-12
 0.13826651631706E-12
 0.66557978914117E-12
-0.19189580165988E-11
-0.32856502816009E-11
 0.28463557321504E-11
-0.13714308929868E-11
-0.19243462131832E-11
 0.14288632157046E-11
 0.52446607867510E-11
-0.80374842010406E-11
-0.20677201653224E-11
-0.32965089113168E-11
 0.49002123596894E-13
-0.59940929206119E-12
 0.32300284229245E-11
-0.55010458593846E-13
 0.53219656271310E-11
 0.15405697251268E-10
 0.86962790232994E-11
 0.19734875475943E-10
 0.75859371960065E-11
 0.46064487847544E-12
 0.17369543318034E-11
-0.20900557246112E-10
-0.10322949934656E-10
 0.35151694746887E-10
 0.12476098216653E-10
 0.18675245007045E-10
 0.21903057679158E-10
 0.36123167101479E-10
 0.14602427169337E-10
 0.53517311529174E-10
 0.26238717561976E-10
 0.11918999176126E-10
 0.83980178256106E-10
 0.40647735579971E-10
 0.53872966155207E-10
 0.62598346816701E-10
 0.51415990478941E-10
 0.91627346122250E-10
 0.92652670129097E-10
 0.21543494315076E-09
 0.10108823728933E-09
 0.14079625883639E-09
 0.14682430070754E-09
 0.23148132649980E-09
 0.21012787493140E-09
 0.24120963396594E-09
 0.18644004564802E-09
 0.17523678612772E-09
 0.22204329721640E-09
 0.22166167232396E-09
 0.35446627280328E-09
 0.26441331442582E-09
 0.40226634370737E-09
 0.54167962913164E-09
 0.59538401314873E-09
 0.52174815590904E-09
 0.47470064969526E-09
 0.56662903273881E-09
 0.71014201570892E-09
 0.84378190495035E-09
 0.88274023319170E-09
 0.76450198410924E-09
 0.78472995645649E-09
 0.10925338759364E-08
 0.11719762800490E-08
 0.12140026271132E-08
 0.14239448024903E-08
 0.13518110218943E-08
 0.15330896767316E-08
 0.17226447312433E-08
 0.19411186712518E-08
 0.17482590613434E-08
 0.20926553857218E-08
 0.18488116930970E-08
 0.20293158652368E-08
