113.73307487461669
114.27669217882986
114.85014274338523
115.45323702311045
116.08578747605526
116.74760957428666
117.43852644795481
118.15836859644394
118.90697799257325
119.68420759515912
120.48992172808714
121.32399906849827
122.18633148036601
123.07682596558332
123.99540224679443
124.94199560296845
125.91655312735553
126.9196141595997
127.94943330297987
129.00771964484
130.0939022190528
131.20799482008837
132.35003101113628
133.52004186506176
134.71807971526172
135.9442048028437
137.19847093630173
138.4810068227888
139.79185501713184
141.13112661417497
142.49892775112764
143.89537840191466
145.3205924390802
146.7747029414612
148.25783795235503
149.77014770717216
151.31177134435833
152.88286213576384
154.48357548384075
156.11407019851353
157.7745164840663
159.4650682899835
161.1859191515139
162.93722154627272
164.71915735642443
166.53190397272894
168.37563991675015
170.2505440034358
172.15679649483917
174.09457723676044
176.06406717581098
178.06544507341385
180.09888955032767
182.16457797515957
184.26268542859037
186.39338679884668
188.55685100942483
190.75324649949073
192.98438202904225
195.2454994118064
197.5416718038477
199.87142032075198
202.23489389142665
204.63223495078174
207.0635918793425
209.52909704166242
212.0288836280848
214.56307744624075
217.1318012390557
219.73517193878413
222.37329608727921
225.04628628991762
227.75423472864597
230.4972385378158
233.275385104668
236.08875421088192
238.9374151197186
241.8214700233391
244.7409540086472
247.695933441915
250.686465662763
253.71259684134736
256.77437301718453
259.8718340937289
263.0050141728721
266.1739344942876
269.3786794030395
272.6191200937904
275.8954152590744
279.20752851510946
282.5554695936959
285.9392418679229
289.3588422540715
292.8142854680281
296.3055423984541
299.83262779476144
303.3955119497318
306.9941989242332
310.62865985023444
314.2988852190172
318.0048546501693
321.7465451490209
325.5239381328626
329.33700970604815