5.9578338411851955e-12
4.344253842530871e-12
2.5382854594216092e-9
2.5674093371819363e-7
4.657187823823741e-6
0.00003500198982688326
0.00015716941466381321
0.0005080597919274922
0.0013138725537110859
0.002899214974751816
0.0056915310472493595
0.010225743035706038
0.01715271444584696
0.027253976215517842
0.04146463968000053
0.060906562923940755
0.08693462789240576
0.12120060210537192
0.16574202274496694
0.22310884980403095
0.29654931253293465
0.39028370808390017
0.5098471110546763
0.6620353091181472
0.8524125483764975
1.080337456547397
Missing["NotAvailable"]
Missing["NotAvailable"]
Missing["NotAvailable"]
Missing["NotAvailable"]
2.622587961175911
2.9938606672493844
3.383422617830195
Missing["NotAvailable"]
Missing["NotAvailable"]
4.657009184725037
5.115416986651726
5.590393938730994
6.081788298578743
Missing["NotAvailable"]
Missing["NotAvailable"]
Missing["NotAvailable"]
8.209592094557006
8.781825911863875
Missing["NotAvailable"]
9.974488366517365
10.594940913417888
11.231509159661252
11.884232404599375
Missing["NotAvailable"]
13.238360987874346
13.939901208776252
14.657858424663955
15.392323629659073
16.143394324032528
16.91117627327161
17.69578323186874
18.497336681470795
19.315965579390276
20.15180611450056
21.005001468280213
21.875701579339793
22.764062910229374
23.67024821567012
24.59442631158931
25.536771844567912
26.497465061401268
27.476691578647344
28.474642152059676
29.491512445868402
30.527502801924978
31.582818008749882
32.65766707050008
33.75226297596123
34.86682246758308
36.00156581067529
37.15671656279553
38.332501343457174
39.529149604213266
40.74689339923068
41.98596715643068
43.24660744936513
44.52905276989641
45.833543301852764
47.16032069582291
48.50962784523596
49.88170866394603
51.27680786550131
52.695170744363296
54.137042959280954
55.602670319120215
57.09229857141422
58.60617319395131
60.14453918970866
61.70764088548046
63.29572173453049
64.90902412366967
66.54778918509162
68.21225661336416
69.90266448798778
71.61924910186286
73.3622447961146
75.13188380161722
76.9283960876279
78.75200921791709
80.60294821472871
82.48143543095078
84.38769043084137
86.32192987960367
88.2843674421223
90.27521369114439
92.29467602514538
94.34295859611684
96.42026224745922
98.52678446215775
100.66271932138395
102.82825747361112
105.02358611435166
107.24888897652994
109.50434633152345