21.968113688774707
22.38363510902933
22.820378924721656
23.27803058403004
23.75629312216645
24.254880278922432
24.773528414819857
25.311981162537794
25.870001866765907
26.44737140495073
27.043886813487703
27.65936203586386
28.293630179785794
28.946536876919506
29.617945847592
30.307740011544503
31.015814896895183
31.74208173740437
32.48646997516342
33.24892158212871
34.02939534174295
34.82786238587993
35.64431087025366
36.478739953076705
37.33116150250773
38.20160612777045
39.09010913757799
39.99671776521492
40.92150938129268
41.864544314494914
42.82591239639869
43.805709306515745
44.80403693268528
45.8210157195624
46.85677535109007
47.91143814202093
NaN
50.078066592632716
51.19033733994806
52.322136275616714
53.47363201895646
54.645002035754636
55.836434376929695
57.04811898179796
58.2802558114373
59.53304039609608
60.806692212003895
62.101411364808065
63.41742346945261
64.75494379649558
66.11419694977393
67.49541165691859
68.89882092807207
70.32465495709752
NaN
73.24455102239502
74.73908891360325
76.25700681788506
77.79856815394368
79.36399456462004
80.95354075588196
82.56744925663058
84.20597576822452
85.8693516237247
87.55784256398566
89.27169235878434
91.01113206923634
92.77642449559795
94.56779845864389
96.38550975670694
98.22979083474628
100.10088251565038
101.99902085032235
103.92445140454427
105.87739549588652
107.85808638072145
109.86675165568974
111.90362089114304
113.96890823969842
116.06283457375572
118.18561452291645
120.33745913914063
122.51857576685337
124.7291679236457
126.96943519196904
129.23957312209433
131.53977314653608
133.87022250616374
136.23110418811441
138.62259687563625
141.04487490990354
143.49810826381778
145.98246252777193
148.49809890728892
151.0451742324318
153.62384097880155
156.23424729991652
158.87653707081037
161.5508499424614
164.25732140683678
166.9960828721827
169.76726174821644
172.57098154084366
175.40736195599243