47.69262890790675
48.16205001233773
48.65633122899194
49.17518020859388
49.71830964073306
50.28542732948081
50.87625714085612
51.49053029466716
52.12798758721042
52.78838942636341
53.4715016014683
54.17710538305374
54.90501952282358
55.65504441763381
56.427025466804366
57.22081145263423
58.03627422076989
58.873302478341856
59.73180017464288
60.611692441407705
61.512917966162405
62.43543112432593
63.379202263931035
64.34422406261511
65.33049412370595
66.33802854477497
67.36686343009403
68.41703726941981
69.48860919065065
70.58164852598644
71.69623616980816
72.83246423408205
73.99043648962794
75.1702660894461
76.37207383670732
77.59599739420437
78.84217150919237
80.11074806715747
81.40188483478843
82.71574268874316
84.05248942376627
85.41231981001054
86.79539862266195
88.20192066139222
89.63208432988172
91.08608313575468
92.56412187104011
94.06640394944218
95.5931609091896
97.14458350068817
98.72089904427708
100.32232570684802
101.94908879451899
103.60140624402969
105.2795156976759
106.98363618962638
108.71399491805046
110.47082598904909
112.25435236146713
114.06481051442789
115.90242433535428
117.76742535436311
119.66003824092614
121.5804913662566
123.52900931031775
125.50581628807262
127.51113257649139
129.54517956660277
131.60817089210352
133.70032189355834
135.82184578237118
137.9729494492538
140.1538383408063
142.36470935048675
144.6057717275753
146.87720625335783
149.1792132502403
151.51197139394588
153.87566573946555
156.2704683570522
158.6965460337672
161.15411366455555
163.64327665374316
166.16421962887503
168.71708481034466
171.3020421626577
173.919217953711
176.56875623877366
179.25079784306752
181.96546715218318
184.71289233287598
187.49319392755186
190.30648828153159
193.15288721014107
196.03249808249265
198.9454239157839
201.891763479545
204.8716114092758
207.88505832884303
210.9321909810185
214.01309236567553
217.12784188486663
220.2765154942972
223.45918586058727