 0.00000000000000E+00
 0.00000000000000E+00
 0.00000000000000E+00
 0.00000000000000E+00
-0.34899733029814E-15
-0.34470324366857E-15
-0.68613880795426E-15
 0.81950642270413E-15
 0.11909713759268E-14
 0.81022106624354E-15
 0.67785410739944E-14
 0.48606397596531E-13
 0.20729395539153E-12
 0.70316698337612E-12
 0.19789441088656E-11
 0.48896843613766E-11
 0.10844077297339E-10
 0.21857539981436E-10
 0.40688626327123E-10
 0.71000571151472E-10
 0.11701652850224E-09
 0.18377241134604E-09
 0.27698826654162E-09
 0.40279398677388E-09
 0.56767816712210E-09
 0.77887843843527E-09
 0.10439932262121E-08
 0.13713223968602E-08
 0.17700656198631E-08
 0.22507658160364E-08
 0.28254617945681E-08
 0.35083141715176E-08
 0.43161267846222E-08
 0.52686442044594E-08
 0.63891234883417E-08
 0.77050765655930E-08
 0.92480890938275E-08
 0.11054885233022E-07
 0.13166724138328E-07
 0.15629877536502E-07
 0.18495792874441E-07
 0.21819551384786E-07
 0.25660650282244E-07
 0.30081395679011E-07
 0.35146223959481E-07
 0.40920410363248E-07
 0.47468995358848E-07
 0.54854718745809E-07
 0.63137492357923E-07
 0.72371463541231E-07
 0.82603976144998E-07
 0.93874056348091E-07
 0.10620845294732E-06
 0.11962034745423E-06
 0.13410452682378E-06
 0.14963248874018E-06
 0.16614588760049E-06
 0.18354689991253E-06
 0.20168604451848E-06
 0.22034288896161E-06
 0.23920554322319E-06
 0.25783502433105E-06
 0.27562997793802E-06
 0.29176965172880E-06
 0.30515173600834E-06
 0.31431374707462E-06
 0.31734417983090E-06
 0.31179264794325E-06
 0.29458751564027E-06
 0.26199115758200E-06
 0.20963233589868E-06
 0.13266696865177E-06
 0.26137926343458E-07
-0.11439822205941E-06
-0.29194180834646E-06
-0.50683016172673E-06
-0.75535143285045E-06
-0.10284585085764E-05
-0.13109430992009E-05
-0.15815223494716E-05
-0.18141894681256E-05
-0.19809610239137E-05
-0.20557891233828E-05
-0.20189985075854E-05
-0.18613294256171E-05
-0.15865877663079E-05
-0.12121717895083E-05
-0.76718793016806E-06
-0.28848669000935E-06
 0.18457380647626E-06
 0.61553431448635E-06
 0.97536471951512E-06
 0.12453446640531E-05
 0.14179906586104E-05
 0.14961611451346E-05
 0.14908400940752E-05
 0.14182356102518E-05
 0.12968281440539E-05
 0.11448532050248E-05
 0.97848393772957E-06
 0.81078441722808E-06
 0.65134974915363E-06
 0.50645976691453E-06
 0.37955020505354E-06
 0.27183453877654E-06
 0.18293385772607E-06
 0.11144459295151E-06
 0.55394580765510E-07
 0.12583195898792E-07
-0.19185011416757E-07
-0.41957842392317E-07
-0.57555699141329E-07
-0.67544081894620E-07
-0.73232262193776E-07
-0.75690295507727E-07
-0.75778083564311E-07
-0.74173710558113E-07
-0.71406138446814E-07
-0.67878681676738E-07
-0.63897034935601E-07
