0.
0.
0.
0.
0.
0.
0.
0.
0.
0.
0.
0.
0.
0.
1.9859446137283985e-12
1.9859446137283985e-12
5.9578338411851955e-12
5.9578338411851955e-12
6.206076917901245e-12
2.9789169205925978e-12
1.0550330760432116e-11
2.1224783059222258e-11
6.292961994751863e-11
1.9027831830285219e-10
5.249099857160873e-10
1.360620303480669e-9
3.340234718752808e-9
7.711671178184087e-9
1.6868117062855585e-8
3.5144268856844606e-8
7.002043519083588e-8
1.3397145127750268e-7
2.470667768970308e-7
4.4055338872336123e-7
7.617095530816806e-7
1.2801948838508183e-6
2.09621704320105e-6
3.3507358973840507e-6
5.238059122202389e-6
8.021173447184434e-6
0.000012049783238753927
0.00001778172469275674
0.000025807591423549568
0.00003687897583762253
0.00005194034950248334
0.00007216469434430916
0.00009899301351252287
0.00013417761156724614
0.00017982921039465258
0.00023846780602136515
0.00031307712333988636
0.0004071625468577097
0.0005248124316482856
0.0006707624750150016
0.0008504630166787383
0.0010701490284309194
0.0013369125754187528
0.001658777383028252
0.002044775456613377
0.00250502530636491
0.0030508117091763444
0.00369466660287056
0.0044504509951200834
0.005333437723965218
0.006360394670382816
0.007549668480373971
0.008921268430908564
0.010496950469764094
0.012300301152467748
0.014356821436622829
0.016694010293528266
0.019341447963569333
0.022330878832541163
0.02569629399245532
0.029474013301888355
0.033702767061305296
0.038423777243283365
0.04368083838338734
0.049520397984612684
0.05599163666924127
0.0631465480329296
0.07104001813884452
0.07972990495557185
0.08927711750259479
0.09974569497107201
0.11120288574358086
0.12371922642292146
0.13736862086526505
0.15222841928926462
0.16837949746162464
0.18590633600977097
0.20489709987155116
0.22544371783988756
0.2476419623198026
0.27159152916227497
0.29739611767956187
0.3251635107137691
0.3550056548681447
0.3870387408037846
0.4213832835167266
0.45816420279948994
0.49751090356930744
0.5395573562875873
0.5844421773804921
0.6323087096063936
0.6833051025000347
0.7375843927738697
0.7953045848720732
0.8566287315928177
0.9217250149102603
0.9907668271155234
1.0639328522668623
1.1414071482320154
1.2233792293419783
1.3100441498454847
1.4016025884494283
1.4982609339835764
1.6002313725451849
1.7077319763454428
1.8209867944528688