0.
0.
0.
0.
0.
0.
0.
0.
0.
0.
0.
0.
0.
0.
1.9859446137283985e-12
1.9859446137283985e-12
5.9578338411851955e-12
5.9578338411851955e-12
6.206076917901245e-12
3.3512815356666724e-12
1.1915667682370391e-11
2.6562009208617328e-11
7.993427070256804e-11
2.402992982611362e-10
6.606989486797666e-10
1.7040646001173238e-9
4.144169922697735e-9
9.491822281314881e-9
2.0627510216643444e-8
4.26781979921e-8
8.449759906030083e-8
1.6074037109056285e-7
2.947947355556887e-7
5.22939308051577e-7
8.997313383988824e-7
1.5051871416370277e-6
2.4538593543674027e-6
3.906183132817748e-6
6.08241649105822e-6
9.279407010767412e-6
0.000013890515085840351
0.000020428806652438386
0.00002955392401258524
0.00004210258907458312
0.000059123005747434764
0.00008191317774919308
0.00011206318837481504
0.0001515014443335863
0.00020254480173590076
0.0002679525419577958
0.00035098399419628397
0.00045545966768530366
0.0005858257701954792
0.00074722173114396
0.0009455507247218412
0.0011875527401196742
0.0014808800465539375
0.001834174766497836
0.0022571483354353627
0.002760662470560903
0.0033568115537196434
0.004059006058582489
0.004882056882294622
0.005842260280851232
0.006957483312999184
0.00824724948459497
0.009732824610920083
0.011437302508949887
0.013385690672866074
0.01560499561766813
0.018124307937429387
0.020974886931237748
0.024190244791856243
0.02780623037448042
0.031861112436489716
0.03639566239933096
0.04145323666244717
0.04707985847595435
0.053324299398752294
0.060238160382657245
0.06787595252264758
0.07629517757512636
0.08555640820398529
0.0957233680855426
0.10686301186304553
0.11904560505202072
0.13234480390863634
0.14683773523513474
0.1626050763333418
0.1797311349342213
0.19830392917459483
0.21841526775942408
0.2401608301054744
0.26364024662325
0.28895717905192897
0.3162194008202396
0.34553887748702306
0.37703184714939997
0.4108189008171761
0.44702506280003257
0.4857798709666227
0.5272174569335399
0.5714766261639257
0.6187009379523813
0.6690387852810429
0.722643474649837
0.7796733057633782
0.8402916512685069
0.9046670365231054
0.9729732195299972
1.0453892709913661
1.1220996548576787
1.2032943092412716
1.2891687280781474
1.379924043531023
1.4757671094697509
1.5769105861932073
1.6835730266206541
1.7959789642294886
1.9143590029647917