0.
0.
0.
0.
0.
0.
0.
0.
0.
0.
0.
0.
0.
0.
3.971889227456797e-12
1.9859446137283985e-12
5.9578338411851955e-12
6.206076917901245e-12
7.074927686407419e-12
1.0922695375506191e-11
2.606552305518523e-11
7.571413839839519e-11
2.337208567281609e-10
6.789448148183962e-10
1.8121744600271636e-9
4.525719531610304e-9
1.0628154964982598e-8
2.3560129803428497e-8
4.960318686017092e-8
9.967418779841324e-8
1.920095655198699e-7
3.5599372889388136e-7
6.373562798115414e-7
1.1052568705951726e-6
1.8614021792338015e-6
3.0517551629472373e-6
4.881040273523208e-6
7.630549809088663e-6
0.000011679473083382755
0.000017530092601557363
0.000025837139176363387
0.00003744141719762116
0.000053407999808490134
0.00007506892485284097
0.00010407054600092374
0.0001424255596575076
0.00019256946003002296
0.0002574214620755984
0.00034044967362484156
0.00044574029338771703
0.0005780705622706223
0.0007429852470683239
0.0009468763339388757
0.0011970655976504595
0.0015018897605000008
0.0018707878322954587
0.0023143904593693337
0.00284461078750258
0.003474736611740627
0.004219523598991856
0.005095289099831022
0.006120006541439716
0.007313399962541867
0.008697038628149394
0.010294431446954615
0.012131121100884799
0.014234777713048727
0.01663529195477802
0.019364867527468275
0.0224581129690749
0.025952132682863425
0.029886617255315707
0.034303933013915905
0.03924921081712054
0.04477043419579358
0.050918526745071545
0.057747438961777635
0.065314234480343
0.07367917578654859
0.08290580946730075
0.09306105110889461
0.10421526975725254
0.11644237217820287
0.12981988679963505
0.14442904743842805
0.16035487683399746
0.17768627004779128
0.1965160776064748
0.21694118853253716
0.23906261316848385
0.2629855657740108
0.28881954691415807
0.31667842551047326
0.34668052060868154
0.378948682763937
0.4136103749982274
0.4507977532529762
0.4906477464034959
0.5333021356172107
0.5789076332008707
0.6276159607509478
0.6795839267482157
0.7349735035168269
0.7939519035123895
0.8566916551479387
0.9233706780423715
0.994172357846123
1.0692856208117734
1.1489050080418135
1.2332307498157262
1.3224688398847948
1.4168311101852002
1.5165353059708997
1.6218051616649178
1.7328704777120536
1.8499671985814463
1.9733374921756888
2.1032298310446667
2.239899075349635
2.3836065581560666