0.
5.9578338411851955e-12
5.9578338411851955e-12
1.266039691251854e-11
9.990542622437424e-10
3.067825178518451e-8
3.7608937831866067e-7
2.578404395414305e-6
0.000011938559293568224
0.00004185357458250617
0.00011955852911676724
0.0002923863394383911
0.0006336732874365021
0.001247754278501645
0.0022738677301950795
0.00388907952194611
0.006310499225334848
0.009797116838108667
0.014651571991365181
0.02122211312201899
0.029904935005574427
0.04114701099539711
0.0554494686001719
0.07337149348597204
0.0955346884325461
0.12262775910360155
0.15541134682663804
0.19472277877151084
0.24148045498574033
0.29668753306091433
0.36143449146264683
0.4369000275142849
0.5243495369289167
0.6251300732165693
0.7406601345416477
0.8724118452808562
1.0218822023376788
1.190549520958863
1.3798121572805075
1.5909107314287116
1.8248435068782127
2.0822948280281435
2.363600770070347
2.6687665780647727
2.9975299758705
3.349447479139221
3.7239785705939976
4.120552170482584
4.538611316012669
4.977639076876045
5.437171056607347
5.916799422317516
6.416172101905609
6.934989517090409
7.473000271783795
8.029996590579403
8.605809920116661
9.200306884338678
9.813385661696085
10.444972787643023
11.095020354255276
11.763503565860011
12.45041860620673
13.15578077442055
13.879622850966369
14.621993659348936
15.382956794180888
16.162589490398904
16.960981612431674
17.778234745357054
18.61446137301603
19.469784130402257
20.344335119705573
21.238255281021534
22.15169381024199
23.084807617694278
24.037760822176153
25.010724275813704
26.00387511584272
27.01739634002415
28.051476402862455
29.106308830241648
30.182091850386982
31.279028039439147
32.397323980100786
33.537189932100404
34.698839513382076
35.88248939109113
37.08835898161716
38.31667015899386
39.567646971191145
40.84151536383056
42.13850291100761
43.45883855296586
44.80275234044044
46.170475185548135
47.56223861919736
48.97827455496699
50.41881505955197
51.884092129822534
53.37433747662923
54.88978231550976
56.430657164496985
57.99719164918545
59.58961431533713
61.208152449224336
62.85303190596291
64.52447694611888
66.22271008081002
67.94795192559512
69.70042106337877
71.48033391660411
73.28790462896305
75.12334495684657
76.98686417076352
78.87866896691246
80.79896338908607
82.74794876107562
84.72582362970113
86.73278371858117