126.70033546073363
127.2545424859624
127.83929749497493
128.45443485365104
129.09979185324443
129.77521146605432
130.48054291137257
131.21564608364633
131.98039000437367
132.77465479956078
133.59833261090833
134.45132640047171
135.3335608921295
136.2449607114689
137.18547057134637
138.15505055664886
139.1536682522142
140.18130805115783
141.23865542562106
142.3236458977607
143.43836824590622
144.58216379274666
145.75507298470623
146.95714678926709
148.18844637937542
149.44904265985525
150.7390157621269
152.058451800444
153.40744792176582
154.78611437398726
156.1945568315991
157.63289082553118
159.10125225193954
160.59976044092886
162.12856019477744
163.68778615974713
165.27759619451408
166.89813048888226
168.54954768838442
170.23200190929126
171.94566645010673
173.69069009615401
175.4672571621933
177.2755208411222
179.11565600045734
180.98783356726398
182.89222408883265
184.82900179910362
186.79833491958405
188.80039764320418
190.8353575691133
192.90338355058853
195.00464487183226
197.139303567841
199.30752419662454
201.50946635672665
203.74528597197292
206.0151382229142
208.31916932748885
210.6575283133149
213.03136068386493
215.43778539225067
217.87972358068492
220.35698303836276
222.8689990158176
225.41611353163196
227.99844990362746
230.61609650668973
233.26916759381473
235.95774667937903
238.68192578999282
241.44178457008542
244.2374047682811
247.0688497136298
249.93618465831844
252.8394751338789
255.7787631295035
258.7540942188764
261.7655264146923
264.81308315126563
267.896792242249
271.0166807110465
274.17277150101995
277.36507598038634
280.59360706886855
283.8583677054657
287.159363987265
290.49658974041074
293.87003875664044
297.27970250895487
300.7255655946231
304.2076108816585
307.72582265440343
311.2801747057641
314.87063928475095
318.49719733446767
322.15981136933226
325.85845250684673
329.59308813671635
333.36368198257327
337.1701985871985
341.0126001075243
344.89085041360215
348.80490802069534