86.32598036370271
86.84410180715788
87.39035274871223
87.964498580589
88.5663015713003
89.1955282553258
89.8519500616604
90.53534610602429
91.24550506950115
91.98222777584924
92.74532746736313
93.53463185660641
94.34998394505605
95.19124197086106
96.05828032687101
96.95098916779851
97.86927557564005
98.81306266884788
99.78228889176033
100.77690856165609
101.79689380816579
102.84222153604095
103.91289372077763
105.00893050727545
106.1303490532022
107.27718972311847
108.44950296069862
109.6473515966529
110.87081061843078
112.11996052596801
113.39489905203267
114.69572867364319
116.02256062244278
117.37551869590438
118.75472937213411
120.16033289995212
121.5924709921551
123.0512945387936
124.53696085001862
126.04962932913844
127.58947655875836
129.15647680517813
130.7513797272925
132.37379666997165
134.02410224801764
135.70248667766512
137.40913567726133
139.14424748903798
140.90801552965152
142.70063651232638
144.52230842877364
146.37323182834652
148.25360468584378
150.16362776254059
152.10349683358405
154.07342133282575
156.07358834807286
158.1041972591499
160.16545031407867
162.25753287866846
164.3806157451621
166.534961999962
168.72068146303812
170.9379848771049
173.1870055179474
175.4680552083183
177.7811661954791
180.12656858863323
182.50440980291577
184.914858015787
187.35806551568652
189.83418801328725
192.34336671770217
194.88574405294017
197.46145671006838
200.07063768855667
202.7134110187886
205.38989635267623
208.10020990778722
210.84446119545092
213.62275271429237
216.43519421658343
219.28186835406385
222.16286797626
225.07827675041077
228.02817644006203
231.01263638607833
234.03172776072608
237.08551405998196
240.17406362227462
243.29742142818586
246.45564228085127
249.64877422604147
252.8768580919395
256.1399333002625
259.438038580076
262.7712018178878
266.13945899536014
269.54282875739915
272.9813380347847
276.4550064543345
279.9638519387747
283.50789010685355
287.08713446360593