100.67181317785663
101.20389119504847
101.76502524825342
102.35501826864754
102.9736428012818
103.62069533017926
104.2959726910249
104.99927991910926
105.73043159466299
106.48925574997696
107.27559020438939
108.08928819397437
108.93021732637145
109.79826081564606
110.69331468304242
111.61529374995747
112.56412390836321
113.53974908118971
114.54212698894865
115.57122989200738
116.62704575898987
117.70957290739192
118.81882428151985
119.95482424284207
121.11761642405861
122.30724485295613
123.52377165616291
124.76726803841436
126.03783554025725
127.33551580696998
128.66045440976706
130.01274652453023
131.39250910417007
132.7998663738642
134.23495235159507
135.69790442049973
137.1888678486462
138.70799172489578
140.2554417476505
141.83136945645214
143.4359444452279
145.06933755999904
146.7317200319963
148.42327344120739
150.1441745428342
151.89460689261693
153.67475632697338
155.48480651114292
157.32494874858747
159.19536998365135
161.09625782359979
163.02780378200143
164.9901837421871
166.98362355197617
169.00827009163615
171.06433139846268
173.1519803318674
175.27141068190306
177.4227958376906
179.60631371319096
181.82213978867236
184.07044832888553
186.3514031674436
188.66517582424237
191.01192013008236
193.39179595739648
195.80495154441311
198.2515429843043
200.7317024000024
203.24557288859262
205.79328702083177
208.37497027163877
210.9907471202149
213.64073086062476
216.32503885344263
219.04377219083148
221.79702954915118
224.58491211819444
227.40750502684492
230.26489159007514
233.1571529261869
236.08435993946856
239.0465807183111
242.04388248354454
245.07631215775626
248.1439409231672
251.24679880348566
254.38493882026052
257.5583945407739
260.76720539510785
264.0114007118866
267.29100345405664
270.60603874165326
273.95652504528863
277.34248335628934
280.7639199453714
284.22084443784104
287.7132622653658
291.24118799397263
294.80460951913847
298.40353459578284
302.03795781749056
305.7078753817365
309.41328124526717