87.1053030179091
87.62422326225857
88.17132688604175
88.74637912180394
89.34914476194854
89.97939116580774
90.63689084342418
91.32142496443458
92.0327831405014
92.77076597302947
93.53519144400437
94.32588649963826
95.14269406513408
95.9854768311774
96.85410786750344
97.74847880322484
98.66849902798837
99.61409086128039
100.58519567414852
NaN
102.60377656835409
103.65120932611963
104.72406389369503
105.82235371124719
106.94610560786433
108.09535714738297
109.27015991761742
110.47058109807683
111.69668882067452
112.9485692270542
114.22631811631382
115.53003678628946
116.85984262281369
118.2151245899545
119.59819943644378
121.00701804858237
122.4424536489357
123.9046560699045
125.39378348510517
126.90999413590234
128.45346452151765
130.02436005224567
131.6228595751548
133.24914389513535
134.9033971913143
136.5858080055054
138.2965671837852
140.03586677077635
141.80390349511273
143.60087102551535
145.42696867767503
147.28239426909138
149.16734783090698
151.08202726504507
153.02663240459947
155.00230833577984
157.00637983627047
159.0419411991876
161.1082684828618
163.2054559671881
165.33373720693916
167.49330455362622
169.68434406713567
171.90703148839125
174.16155096988018
176.44807520876293
178.76677759818048
181.11782503700255
183.5013785801533
185.91760541485166
188.36665052636144
190.84866650031677
193.36380054971013
195.91219074124817
198.4939683803453
201.1092729591994
203.75822140704852
206.44093575972255
209.15752646841202
211.90810490179948
214.69277205067806
217.51163182187932
220.36477101492483
223.2522778205741
226.1742376067158
229.13072605222462
232.12181730698285
235.14757472633667
238.20806075212826
241.30332349533023
244.4334803824044
247.59850433925484
250.79846955342703
254.03341664338632
257.3033861619852
260.60840911747
263.94851456320123
267.3237424141904
270.7341038099544
274.17962647763596
277.66032902362565
281.1762282289825
284.72733859631774
288.31367254021126