120.61682287341868
121.1661608641355
121.74571444133556
122.3553086365894
122.9947685100393
123.66392702044737
124.36261780174502
125.09068778833323
125.84799276411722
126.63440001809897
127.44978889679618
128.29405177429857
129.16709461069337
130.06883670253444
130.99921002585276
131.95816231086732
132.94565449306953
133.96165647621766
135.00616010573472
136.07915923398912
137.18066728232793
138.31070586112628
139.4693104284332
140.6565266242952
141.87240708139504
143.11701483089183
144.39044672303905
145.69276411412878
147.02406572684498
148.38445359251352
149.7740688013379
151.19293663408777
152.64127021543266
154.1191690438271
155.62676979951934
157.16430612429892
158.73164367761484
160.32921948132895
161.9570875525837
163.6154121598753
165.30435429015048
167.02408001235673
168.77475801360464
170.55655771368353
172.36965379743003
174.21421642241017
176.09042727188142
177.9984543682471
179.9384768124831
181.91067078371628
183.91520681428997
185.95224488531687
188.02201458150128
190.12462468386178
192.26026673859562
194.42910729571628
196.63130776926772
198.86703077941618
201.1364322937567
203.43984618602522
205.77688166009463
208.1482262584446
210.5538388613239
212.99385530362858
215.46840518438748
217.97762356864482
220.52163800637985
223.10051891534232
225.71442476911014
228.36344308679236
231.04767418424439
233.7672092871473
236.52213703862418
239.3126302487221
242.13848491111676
245.0000496534436
247.89726048242935
250.8302882491731
253.79906819007925
256.8036862705863
259.84418823109354
262.92060546785706
266.03297198617577
269.1813113367298
272.36564565198336
275.5859944812089
278.84236783443737
282.13477317823293
285.46321415905544
288.8276927232496
292.2282072232275
295.66474617151556
299.137290579584
302.6458605504131
306.1904091381395
309.7709248715759
313.38739174804607
317.0397809966673
320.72803679035417
324.4522389824113
328.2122509420628
332.0080816185564
335.8396973121401
339.7070672397549