133.1515618189004
133.71077643617772
134.30086320050611
134.92169375918914
135.57310987582284
136.25496832012442
136.9671335230549
137.70947848576148
138.48188674756926
139.28425302389786
140.11648393897764
140.97849761625253
141.8702254429353
142.79161073389827
143.74260794006815
144.7231917559697
145.7333364710575
146.7730362937829
147.84229909276323
148.9411368130145
150.06957892213654
151.2276607548878
152.41543154930818
153.6329473263557
154.8802773439718
156.15749466239816
157.46468492799752
158.8019405375533
160.1693621319031
161.56705511201338
162.99512499377764
164.4537255603969
165.94294816798623
167.46293770932624
169.0138324961457
170.59577387890843
172.2090508786038
173.85338679129802
175.52936366862036
177.23699612806368
178.9764438753471
180.74787001933896
182.55143794947386
184.38731438960895
186.25566469197318
188.15665670759495
190.09045903877285
192.05723824508271
194.05714940829375
196.09039642671794
198.15710433994442
200.25745199756605
202.3915970591831
204.55970120982468
206.76191703231902
208.9983994197853
211.26929305336043
213.57475933927049
215.91491324573062
218.28990990327782
220.6998765867331
223.1449395261914
225.62522866004815
228.14085275770316
230.69192445000888
233.2785509542123
235.9008342151008
238.55885119974064
241.25273412837777
243.9825216370971
246.74830517359294
249.55015787938171
252.3881383598528
255.26226805433586
258.1727157690217
261.1194080226818
264.1024307254607
267.1218141190048
270.177582759082
273.26976826618557
276.39838376292823
279.56344087777643
282.76495060915767
286.00291872672557
289.2773072883363
292.5882036977694
295.935506129848
299.319234767131
302.739368992608
306.19589027125846
309.6887723428927
313.2179873788451
316.78350602921614
320.3852957462025
324.023325299027
327.6975528660871
331.40794079807523
335.15444980728404
338.9370327189712
342.75565562242997
346.6102654252961
350.5008189211988
354.4272700439026
358.3895742216046