-0.14000320626412E-12
 0.12488546177511E-13
-0.16136020227173E-13
-0.38766254401270E-11
-0.87272988313795E-10
-0.66350840557050E-09
-0.27276676832875E-08
-0.76724392377898E-08
-0.16812969172423E-07
-0.31016197274216E-07
-0.50594180726458E-07
-0.75397692531942E-07
-0.10499023296364E-06
-0.13881769497262E-06
-0.17633641792320E-06
-0.21709382508864E-06
-0.26077004402382E-06
-0.30719241267732E-06
-0.35633337249540E-06
-0.40829941616856E-06
-0.46331603639756E-06
-0.52171151534404E-06
-0.58390087517639E-06
-0.65037004734703E-06
-0.72165869340448E-06
-0.79833715748909E-06
-0.88097104501007E-06
-0.97008162433149E-06
-0.10660627884726E-05
-0.11687724930576E-05
-0.12770483366823E-05
-0.13884219797744E-05
-0.14981980359593E-05
-0.15991958011110E-05
-0.16838187142384E-05
-0.17469668548187E-05
-0.17873709623935E-05
-0.18068919668035E-05
-0.18089661376100E-05
-0.17973248476893E-05
-0.17753280278445E-05
-0.17457498658630E-05
-0.17107844235170E-05
-0.16721286059253E-05
-0.16310788593831E-05
-0.15886183773353E-05
-0.15454886938997E-05
-0.15022460258771E-05
-0.14593047457856E-05
-0.14169706419037E-05
-0.13754663000081E-05
-0.13349504850011E-05
-0.12955329748263E-05
-0.12572859486082E-05
-0.12202527587309E-05
-0.11844547100470E-05
-0.11498963148357E-05
-0.11165693769741E-05
-0.10844561728763E-05
-0.10535319327855E-05
-0.10237667779000E-05
-0.99512723280350E-06
-0.96757740524689E-06
-0.94107990475041E-06
-0.91559655551154E-06
-0.89108894702380E-06
-0.86751885648511E-06
-0.84484856973732E-06
-0.82304112191514E-06
-0.80206047454087E-06
-0.78187164234308E-06
-0.76244078041104E-06
-0.74373524005772E-06
-0.72572360018182E-06
-0.70837567945386E-06
-0.69166253366495E-06
-0.67555644166094E-06
-0.66003088262992E-06
-0.64506050691948E-06
-0.63062110218798E-06
-0.61668955624413E-06
-0.60324381771205E-06
-0.59026285540757E-06
-0.57772661711123E-06
-0.56561598828039E-06
-0.55391275113096E-06
-0.54259954440337E-06
-0.53165982406188E-06
-0.52107782510405E-06
-0.51083852461080E-06
-0.50092760612451E-06
-0.49133142540650E-06
-0.48203697760968E-06
-0.47303186586599E-06
-0.46430427128847E-06
-0.45584292436116E-06
-0.44763707769196E-06
-0.43967648008941E-06
-0.43195135191796E-06
-0.42445236169420E-06
-0.41717060386658E-06
-0.41009757773612E-06
-0.40322516746216E-06
-0.39654562310745E-06
-0.39005154267247E-06
-0.38373585506701E-06
-0.37759180397427E-06
-0.37161293256166E-06
-0.36579306899134E-06
-0.36012631269168E-06
-0.35460702134368E-06
-0.34922979854657E-06
-0.34398948212624E-06
-0.33888113304550E-06
-0.33390002488844E-06
-0.32904163388374E-06
-0.32430162943577E-06
-0.31967586513886E-06
-0.31516037024216E-06
-0.31075134154381E-06
