0.
5.9578338411851955e-12
1.9859446137283985e-12
1.241215383580249e-13
5.5606449184395155e-11
2.6847488746840785e-9
4.6559106131940364e-8
4.1443511401437384e-7
2.350984816823966e-6
9.695111143389959e-6
0.00003162639027529994
0.00008637457551368164
0.0002054776561606364
0.0004381018145706365
0.0008550275349896594
0.0015520699365091952
0.0026528661435187787
0.0043110880245739985
0.006712214258719105
0.010075026738795621
0.014652995947290161
0.02073569859745203
0.02865037929734838
0.03876373110659655
0.05148393268309829
0.06726294266669741
0.08659901730448502
0.11003938493234051
0.1381829813383355
0.17168312406429853
0.21124998046653526
0.2576526644204212
0.3117207765706364
0.37434518031767483
0.4464777724025151
0.5291299544854168
0.6233694263182716
0.7303147891318844
0.8511272595402442
0.9869985594735646
1.1391338186318671
1.308728238787398
1.4969365782998711
1.7048355764067173
1.933381531819149
2.183368182257102
2.455392683012114
2.7498379561478945
3.066876580981334
3.406495495325661
3.7685350564567632
4.152733394668829
4.558768091949518
4.986290420015495
5.434950629701273
5.90441496183752
6.394376029210079
6.904558374797183
7.434720762617629
7.984656387908761
8.554191844939082
9.143185413549382
9.751525024234247
10.37912612324129
11.025929567865928
11.691899623458434
12.377022097228556
13.081302621583443
13.804765087042094
14.54745021735869
15.309414276163016
16.090727892753947
16.891474994781817
17.71175183586179
18.551666107196173
19.411336123254454
20.29089007269473
21.190465326610298
22.110207797329323
23.050271341644947
24.010817203324883
24.99201349025551
25.99403468231488
27.017061166507016
28.0612787963734
29.126878473095196
30.21405574607546
31.32301043102302
32.45394624392538
33.607070449433124
34.78259352246959
35.98072882199369
37.201692276055134
38.445702077389875
39.712978388949516
41.00374305885898
42.31821934440135
43.656631644732414
45.01920524208159
46.40616605126444
47.81774037745419
49.254154682119136
50.71563535715547
52.20240850727318
53.71469974070675
55.25273396835642
56.81673521152619
58.40692641840102
60.02352928945121
61.66676411194318
63.336849603772706
65.0340027667993
66.75843874989518
68.51037072190645
70.29000975471718
72.0975647165896
73.93324217596108
75.79724631585745
77.68977885903054
79.61103900398666