3.971889227456797e-12
5.9578338411851955e-12
6.206076917901245e-12
2.8448656591659306e-10
1.9900282123403774e-8
3.7109038336129125e-7
3.1866175586270742e-6
0.000016727267664773048
0.00006293465493772212
0.00018692646208446292
0.0004664159266418757
0.0010195662567647685
0.002010761304681802
0.003654548487445354
0.006218402825265512
0.010025044534281798
0.01545495400845201
0.02294957407779001
0.03301552977786265
0.046230054834095716
0.06324769405504696
0.08480824696787305
0.11174582284971833
0.14499878209735564
0.18562023519198584
0.23478863991045495
0.29381784352589563
0.36416557974883645
0.44743878869685777
0.5453928856208815
0.6599197859235286
0.7930155885334378
0.9467135793590835
1.1229650523779364
1.323459604215955
1.5494121902985156
1.8013984524626496
2.0793339415777643
2.38261622809489
2.710346859570836
3.061530510445227
3.435203623519793
3.8304973827497735
4.246658280623701
4.683046746298683
5.139126532352925
5.614451445292537
6.108652402201444
6.621425949286475
7.152524517415865
7.701748327059236
8.268938727757538
8.8539727337926
9.456758536313492
10.07723180398953
10.715352617524283
11.371102913012672
12.044484334296644
12.735516414809048
13.444235025679435
14.170691039876617
14.914949172332252
15.677086964058285
16.457193884606006
17.2553705322503
18.071727915255817
18.906386800750646
19.759477120197186
20.631137422536717
21.52151436765189
22.430762254066902
23.35904257593525
24.306523605100665
25.27337999482882
26.259792402282198
27.26594712729568
28.29203576546388
29.3382548737395
30.404805647142766
31.49189360530612
32.599728287832455
33.72852295755637
34.878494311000765
36.049862195353306
37.24284933148983
38.457681042610275
39.69458498811752
40.95379090251183
42.235530339080874
43.54003641825735
44.867543580556145
46.218287344070056
47.59250406653709
48.99043071204497
50.412304622468675
51.85836329378491
53.328844157425316
54.82398436687355
56.3440205897275
57.889188805472344
59.45972410924594
61.05586052185315
62.67783080635282
64.3258662915041
66.00019670238778
67.70104999853795
69.42865221985852
71.18322734067847
72.9649971322227
74.77418103381008
76.61099603305705
78.47565655536371
80.36837436292274
82.28935846350963
84.23881502923581
86.21694732548913
88.22395565020786
90.26003728363204
92.32538644865886
94.4201942818835