 0.21759503746172E-02
 0.53954885894867E-03
 0.23977500220083E-03
 0.13485329516082E-03
 0.86290017966826E-04
 0.59909313514144E-04
 0.44002751109700E-04
 0.33673759368533E-04
 0.26633079046844E-04
 0.21537358161365E-04
 0.17793178693795E-04
 0.14940864368645E-04
 0.12722362376525E-04
 0.10962577750029E-04
 0.95425326378925E-05
 0.83800316646019E-05
 0.74166559224284E-05
 0.66086788614971E-05
 0.59252320356848E-05
 0.53415819835056E-05
 0.48393212868556E-05
 0.44036312809938E-05
 0.40238011747229E-05
 0.36906234006622E-05
 0.33964738333147E-05
 0.31357445371275E-05
 0.29055627836662E-05
 0.26970171256563E-05
 0.25061409260983E-05
 0.23441543363707E-05
 0.21892415281343E-05
 0.20512586532306E-05
 0.19258099452190E-05
 0.18114769261909E-05
 0.17068410937820E-05
 0.16108781102917E-05
 0.15227042499878E-05
 0.14415716940304E-05
 0.13666177920749E-05
 0.12973339704843E-05
 0.12332269313336E-05
 0.11735078721248E-05
 0.11180785394876E-05
 0.10667676520658E-05
 0.10179054067914E-05
 0.97394614884250E-06
 0.93139547272200E-06
 0.89231779702499E-06
 0.85562207392453E-06
 0.82101895170616E-06
 0.78854104627173E-06
 0.75785322163702E-06
 0.72879144733978E-06
 0.70178886849050E-06
 0.67611347058059E-06
 0.65183310369055E-06
 0.62887000762944E-06
 0.60707378306416E-06
 0.58648778706030E-06
 0.56692987920327E-06
 0.54838279627734E-06
 0.53072186812134E-06
 0.51393833084988E-06
 0.49812328661338E-06
 0.48214934012250E-06
 0.46893476065741E-06
 0.45373751078314E-06
 0.44095818609956E-06
 0.42916122878504E-06
 0.41592594171985E-06
 0.40527144522076E-06
 0.39396602441283E-06
 0.38337885306987E-06
 0.37321421662632E-06
 0.36347843316963E-06
 0.35418545629206E-06
 0.34517340873287E-06
 0.33655054420172E-06
 0.32828997393626E-06
 0.32031263263137E-06
 0.31263860865723E-06
 0.30523371623001E-06
 0.29813222974097E-06
 0.29126786014930E-06
 0.28465441466731E-06
 0.27807739427495E-06
 0.27207549392602E-06
 0.26612079352468E-06
 0.26034574712909E-06
 0.25479040984933E-06
 0.24940119257568E-06
 0.24415392783719E-06
 0.23913171763585E-06
 0.23417604037861E-06
 0.22943659353113E-06
 0.22483255659476E-06
 0.22037387632928E-06
 0.21596751591877E-06
 0.21181438532912E-06
 0.20768568796302E-06
 0.20372013776276E-06
 0.19983833631189E-06
 0.19603031960116E-06
 0.19240714266864E-06
 0.18887032293218E-06
 0.18539386696031E-06
 0.18199355856242E-06
 0.17869346160216E-06
 0.17546643527029E-06
 0.17232221939088E-06
 0.16927380013298E-06
 0.16630099744072E-06
 0.16338009830424E-06
 0.16053758811760E-06
 0.15776186650161E-06
 0.15505072396598E-06
 0.15240198817277E-06
 0.14981358826374E-06
 0.14728354886643E-06
 0.14480998432996E-06
