0.
0.
0.
0.
0.
0.
0.
0.
0.
0.
0.
1.9859446137283985e-12
1.9859446137283985e-12
1.9859446137283985e-12
6.08195537954322e-12
4.468375380888897e-12
7.32317076312347e-12
2.1100661520864233e-11
7.571413839839519e-11
2.817558920727165e-10
9.211059361549028e-10
2.7377487715629554e-9
7.486018221449198e-9
1.8904951507310773e-8
4.452947073670994e-8
9.858266299009277e-8
2.0655487211389342e-7
4.1192363880723755e-7
7.858037778646637e-7
1.440189532738926e-6
2.5454838880386827e-6
4.353199654164949e-6
7.224399063030457e-6
0.000011664625416721291
0.000018365799319797333
0.000028255603288123386
0.00004255456139659234
0.00006284109857642784
0.00009112444985505885
0.00012992554390834761
0.00018236535500578058
0.0002522605343115194
0.0003442259046100369
0.0004637830826638591
0.0006174747872066141
0.0008129841530059669
0.0010592582808222927
0.001366635408737354
0.001746974984575695
0.002213789930188278
0.002782380499953163
0.0034699690888059537
0.004295835397492029
0.0052814515645542084
0.006450616624712817
0.007829590106835264
0.009447224249564028
0.011335094743622001
0.013527629677210311
0.01606223649868869
0.018979427060336864
0.022322940512082654
0.026139864116442556
0.030480752011112666
0.0353997419756853
0.04095467020571842
0.04720718433818081
0.05422285463977438
0.062071283693758264
0.07082621448523259
0.08056563713300116
0.0913718942732258
0.10333178523699187
0.11653666904152007
0.13108256620209943
0.14707025943524274
0.16460539317660522
0.18379857190386123
0.20476545714376845
0.22762686313598873
0.25250885097766135
0.2795428210917149
0.3088656039595878
0.3406195488094186
0.374952610221353
0.4120184323764033
0.4519764308433571
0.4949918717137054
0.5412359479285691
0.5908858527572842
0.6441248501631431
0.7011423422473153
0.7621339334179443
0.8273014915835561
0.8968532062179837
0.9710036434570484
1.0499737982673396
1.1339911439426573
1.2232896789457421
1.3181099714532614
1.418699201705955
1.525311202464188
1.6382064977137623
1.7576523400184336
1.8839227464643904
2.017298533663894
2.1580673516575857
2.306523716979474
2.462969044749549
2.627711679569001
2.8010669250968916
2.9833570717158517
3.1749114215590817
3.376066310240803
3.5871651238657516
3.808558309941819
4.040603380435924
4.283664904665696
4.538114489476274
4.8043307436642175