0.
0.
0.
0.
0.
0.
0.
0.
0.
0.
0.
1.9859446137283985e-12
1.9859446137283985e-12
1.9859446137283985e-12
6.206076917901245e-12
5.5854692261111204e-12
1.340512614266669e-11
4.877976457470379e-11
1.8518933523017316e-10
6.625607717551369e-10
2.0862348167216828e-9
6.010461373448998e-9
1.5870304015995423e-8
3.8848055561448066e-8
8.89039136720107e-8
1.9166115636169895e-7
3.918097435163196e-7
7.636993454630982e-7
1.4261949534105971e-6
2.5624511782106865e-6
4.445640162829395e-6
7.471451814193654e-6
0.000012198029287550294
0.000019394035921045968
0.000030095354947421396
0.000045670628148695176
0.00006789591967810457
0.00009903833065854199
0.00014194845706823472
0.00020016133133357158
0.0002780052893303967
0.0003807182502959388
0.0005145706389807439
0.0006869942347281863
0.0009067161431739896
0.0011838969392982863
0.0015302723489344936
0.001959297500587006
0.002486292994388208
0.0031285920531470596
0.003905688135253925
0.00483938229884584
0.005953929793439324
0.0072761854766287045
0.008835747612611959
0.010665099695446382
0.012799750110355302
0.015278369449013608
0.01814292532899737
0.02143881471106738
0.025214993615485848
0.029524104415977158
0.03442260068191589
0.039970869678093136
0.04623335266169792
0.05327866313787162
0.06117970315538339
0.07001377779770242
0.079862708007118
0.0908129417788956
0.1029556639337447
0.11638690437873465
0.131207644975691
0.14752392499150313
0.1654469450648072
0.1850931696151922
0.20658442765161011
0.230048011755207
0.2556167750754643
0.283429226259841
0.31362962201095634
0.34636805704441953
0.38180055135123625
0.42008913434327466
0.4614019259098433
0.5059132140261721
0.5538035287754022
0.6052597126677813
0.6604749871776282
0.7196490153197028
0.782987960352115
0.8507045405139237
0.9230180799811236
1.0001545559424698
1.0823466421652688
1.169833748988579
1.2628620601288476
1.361684566431906
1.466561096841668
1.5777583467622731
1.6955499041942337
1.8202162736391279
1.9520448981618292
2.091330179577759
2.238373496823741
2.3934832224394826
2.5569747369255795
2.72917044066266
2.9103997627480935
3.1009991659575014
3.3013121467885704
3.511689229225685
3.7324879504073634
3.964072836229302
4.206815364247424
4.461093910960487
4.727293680036177
5.005806607558596
5.297031239967877
5.6013725798443925