0.
0.
0.
0.
0.
0.
0.
0.
0.
0.
0.
0.
1.9859446137283985e-12
1.9859446137283985e-12
5.9578338411851955e-12
3.971889227456797e-12
4.344253842530871e-12
5.833712302827171e-12
1.1046816913864217e-11
4.145659381158032e-11
1.4087794603635826e-10
4.505611842396304e-10
1.3271074881240023e-9
3.5909602262360186e-9
9.03182786016004e-9
2.1260033576115938e-8
4.7146449251450537e-8
9.911204135118974e-8
1.9859210306361105e-7
3.810489026268323e-7
7.030063956367911e-7
1.2515780425746839e-6
2.157028901461104e-6
3.6088009596734474e-6
5.875695296082927e-6
9.330427913838709e-6
0.000014479290692024715
0.000021997041081241297
0.00003276743101303912
0.000047929631210060465
0.00006893051626697868
0.00009758306780618487
0.00013613061295935738
0.00018731702217233105
0.0002544623529665831
0.0003415439675846828
0.0004532825757783824
0.0005952328748102464
0.0007738784329224338
0.0009967302269435698
0.001272428555504975
0.0016108476103196378
0.002023202517107436
0.0025221580916317743
0.0031219391206934463
0.003838441621574576
0.0046893446425283515
0.005694222414780955
0.006874656369613372
0.008254346769673473
0.009859223856089967
0.011717558059337581
0.013860069317916644
0.016320035263182403
0.019133398189520957
0.022338870796342603
0.025978040586955964
0.030095473007732673
0.03473881324589056
0.039958886839930215
0.04580979901062675
0.052349032952131266
0.059637546938952894
0.06773987055329148
0.07672419993478899
0.08666249218563392
0.09763055906544224
0.10970815987686583
0.12297909377614598
0.13753129138597953
0.15345690577412419
0.17085240293030432
0.1898186514968983
0.21046101185766913
0.23288942461544462
0.2572184982044226
0.2835675956856317
0.31206092065442725
0.34282760214123686
0.3760017783269458
0.4117226791189702
0.45013470739625155
0.49138751881543363
0.5356361002278719
0.5830408464170296
0.6337676352859682
0.6879879014153716
0.7458787078942926
0.8076228165087734
0.8734087563132864
0.9434308906015025
1.0178894824290587
1.0969907586894396
1.180946973011079
1.2699764675503977
1.3643037338889332
1.4641594732228538
1.569780656107494
1.6814105819082223
1.799298938259248
1.9237018606820524
2.0548819926526427
2.1931085462280953
2.338657363386054
2.4918109783086733
2.65285868037355
2.8220965781237335
2.999827663784981
3.1863618782443788
3.3820161759517564