1.9859446137283985e-12
1.9859446137283985e-12
3.971889227456797e-12
5.9578338411851955e-12
2.1100661520864233e-12
1.6632286139975338e-11
4.1506242426923526e-10
6.588123012967246e-9
5.916724787681018e-8
3.525815036828809e-7
1.554409771860593e-6
5.455941325906836e-6
0.000016046746382295967
0.00004102799295463622
0.00009369698206049344
0.0001950783855325183
0.00037615651416930007
0.000680074114651579
0.001164193097258714
0.0019019535348066905
0.002984502618574704
0.004522099054909882
0.006645319814666215
0.009506110421734795
0.013278725843953188
0.01816060912241697
0.024373249953176884
0.032163057714821225
0.04180227347642737
0.05358993449229171
0.06785289341365387
0.08494688282526244
0.10525760511167132
0.12920181786173904
0.1572283763461907
0.18981918794695993
0.22749002818952624
0.2707911647315534
0.3203077339360934
0.3766598138812409
0.44050213721922804
0.5125233858303377
0.5934450058419002
0.6840194741317457
0.7850279351436054
0.8972771078902091
1.021595338703673
1.1588276461109268
1.3098295776850517
1.4754596844296808
1.656570435155995
1.853997465111563
2.068547208489655
2.300983222002213
2.552011861725862
2.8222683734753353
3.112304787564593
3.422581122769173
3.7534611776437274
4.10521360136359
4.478018123222184
4.871976022863678
5.287123382335863
5.723445499194152
6.18089102572458
6.659384795992376
7.158838752172733
7.679160769616139
8.220261454309691
8.782059144552951
9.364483414960736
9.967477386441894
10.590999117594562
11.235022310418897
11.899536517886398
12.584546999495329
13.2900743355577
14.016153882389617
14.7628351283994
15.530180993971987
16.31826710535419
17.127181063447672
17.95702172143557
18.807898480437256
19.679930608688
20.573246587472234
21.487983485212258
22.424286359969138
23.382307689972325
24.362206831096465
25.364149500174083
26.388307282685627
27.43485716341076
28.50398107865183
29.595865488651175
30.710700968920243
31.848681819339255
33.01000568994307
34.194873222424924
35.40348770654181
36.63605475066513
37.8927819658261
39.17387866273162
40.479555561262096
41.81002451210229
43.16549823015995
44.546190039558525
45.95231363000633
47.38408282440525
48.84171135761898
50.32541266634638
51.83539969008593
53.37188468319799
54.93507903811544
56.525193119729494
58.14243611102994
59.78701587008647
61.45913879841321
63.159009720838164
64.88683177691885