3.971889227456797e-12
3.971889227456797e-12
3.971889227456797e-12
5.9578338411851955e-12
4.468375380888897e-12
5.796475841319763e-11
1.5877627186758545e-9
2.1560035334327283e-8
1.698561051106529e-7
9.10936037909538e-7
3.684005579156883e-6
0.000012033742019379612
0.000033304715916129505
0.0000808297652763766
0.0001764505436757349
0.00035317082194843096
0.0006577584359561142
0.0011531553290532392
0.001920614232007042
0.003061536149562885
0.004699022416251143
0.00697918863023585
0.010072301290344388
0.014173803706382852
0.01950529431976417
0.02631551141825726
0.03488136585511351
0.0455090483678444
0.05853522283850394
0.07432830105291806
0.09328977943454275
0.11585560421208417
0.14249751920737283
0.17372433968018952
0.2100830875969791
0.25215991756548695
0.30058075867418454
0.35601159465307575
0.4191583022706808
0.49076596384817045
0.5716175616651193
0.6625319482100428
0.7643609633432289
0.8779855360342967
1.004310565056357
1.1442583240781428
1.2987600946253988
1.4687457188571396
1.6551308211079279
1.858801622545341
2.0805976163921445
2.3212928980637066
2.5815775944528343
2.8620414337900786
3.1631617699462837
3.485298069764493
3.8286939255481998
4.19348630818463
4.579720492898001
4.987368307528955
5.416347252689856
5.866538499958802
6.337802497406711
6.829991624302398
7.342959876222117
7.876569887490603
8.430697742466277
9.005236050094808
9.600095712129031
10.21520674361303
10.850518428152215
11.505999022029439
12.1816351644894
12.877431106996651
13.593407840721381
14.32960217666948
15.086065814909274
15.86286442673681
16.66007676454061
17.477793808051633
18.316117951416118
19.175162232738163
20.055049605874313
20.955912253200403
21.877890937245827
22.82113438888617
23.785798729509438
24.77204692466009
25.78004826665254
26.809977883875927
27.862016274607996
28.93634886337927
30.033165578077075
31.15266044623044
32.29503120900388
33.460478951658814
34.64920774939828
35.861424327597675
37.09733773564285
38.3571590336206
39.64110099132147
40.94937779902429
42.28220478967905
43.639798172159196
45.02237477535271
46.43015180287893
47.86334659833327
49.32217642096835
50.80685823177007
52.31760848995624
53.854642959901724
55.418176528552955
57.008423033435314
58.6255951013031
60.26990399756925
61.94155948660229
63.64076970301394
65.36774103404237
67.12267801312935
68.90578322480206