0.
0.
0.
0.
0.
0.
0.
3.971889227456797e-12
1.9859446137283985e-12
6.206076917901245e-12
9.681479991925942e-12
4.282193073351859e-11
2.9019615668106223e-10
1.589624541751225e-9
7.142573924812543e-9
2.687293366220418e-8
8.738143888251117e-8
2.513721806980556e-7
6.518709283855904e-7
1.5472665773280887e-6
3.40316483518648e-6
7.006622983241307e-6
0.000013617069875489935
0.000025156442758395683
0.00004443946449965577
0.00007544270730824771
0.00012360979270266707
0.00019618828765168651
0.0003025931681856712
0.0004547908829631291
0.0006676979210596265
0.0009595878117051686
0.001352501021763014
0.0018726525966789235
0.002550833325637386
0.0034228008983017227
0.004529658384028504
0.005918218250053898
0.0076413507330430185
0.009758316230239445
0.012335081895156022
0.015444623066979002
0.019167210406135834
0.023590684245592748
0.02881071725809544
0.03493106698963088
0.042063819556925064
0.05032962565871446
0.05985792985987839
0.0707871939150068
0.0832651142055042
0.09744883357372311
0.11350514691912139
0.13161069986297652
0.15195217932807087
0.17472649456871425
0.20014094685916076
0.2284133859296933
0.2597723509184217
0.2944571937444927
0.3327181825453941
0.3748165831068902
0.42102471615305564
0.4716259888033898
0.5269148983801206
0.5871970075022253
0.6527888892434455
0.7240180417160645
0.8012227716041932
0.8847520465089111
0.9749653159954188
1.0722323014452186
1.1769327548913182
1.2894561867335554
1.4102015621947839
1.5395769659365335
1.6779992338430327
1.8258935502407347
1.9836930082602018
2.1518381300464076
2.3307763427442887
2.5209614051518194
2.722852779056706
2.936914938777686
3.163616611561071
3.4034299418696823
3.6568295729549622
3.9242916403227746
4.2062926742601965
4.503308411553752
4.815812521241434
5.144275254597851
5.489162036084048
5.850932018783564
6.230036634856369
6.626918177581109
7.042008455972215
7.475727565343898
7.928482815992207
8.40066785827732
8.89266203467846
9.40482997936713
9.937521473701105
10.491071553583101
11.065800852468287
11.662016153673116
12.28001111797987
12.920067147875816
13.582454348206632
14.267432544214806
14.975252321164506
15.706156054704019
16.46037890663141
17.23814976675631
18.03969212703057
18.865224879366004
19.71496303279213
20.58911834919528
21.487899899607992
22.411514544971322