0.
0.
0.
0.
0.
0.
0.
3.971889227456797e-12
1.9859446137283985e-12
6.33019845625927e-12
1.241215383580249e-11
6.77703599434816e-11
4.495682119327662e-10
2.432409787202214e-9
1.0625300169600364e-8
3.9003579849010674e-8
1.2409621756419988e-7
3.50073628000357e-7
8.921368379529083e-7
2.0845915716753605e-6
4.520386153228598e-6
9.187500472960983e-6
0.000017646396717186523
0.000032250185780559716
0.00005640765309388852
0.0000948866886192351
0.0001541542288091047
0.0002427473679663469
0.00037166934517392377
0.0005548037500323215
0.0008093402621426704
0.0011562054742357123
0.00162049295629756
0.002231887657270877
0.0030250804161312743
0.004040169402220985
0.005323046188839614
0.00692576515917409
0.008906895488543577
0.011331855949837023
0.014273232973714009
0.017811083240282955
0.022033221908552048
0.0270354982400967
0.0329220600191446
0.039805608326307175
0.04780764408863853
0.057058707438340676
0.06769861064681383
0.07987666521829187
0.0937519030147212
0.10949329112640355
0.1272799395893905
0.14730130086120766
0.1697573592959826
0.19485880891515983
0.22282721706261793
0.25389517182953025
0.28830641061188306
0.32631592739306514
0.36819005636330726
0.4142065294738464
0.46465450602179076
0.5198345723044416
0.5800587099118254
0.6456502315332684
0.7169436832243459
0.7942847128711914
0.8780299042349117
0.9685465767622867
1.0662125509784381
1.171415879573916
1.2845545439980384
1.406036116304904
1.5362773853972496
1.6757039464153964
1.8247497512734256
1.9838566175129797
2.153473691822173
2.334056863403065
2.5260681216644234
2.729974851639232
2.94624906000113
3.1753665242939344
3.4178058582470516
3.6740474869812676
3.94457252803967
4.229861577078715
4.530393401279888
4.846643549199648
5.179082892189672
5.528176119846584
5.894380219588397
6.278142977391815
6.679901542374681
7.100081101260109
7.539093708934388
7.997337318017373
8.475195043199845
8.97303468595346
9.491208532328079
10.03005342298834
10.58989108097321
11.171028670902121
11.773759554231932
12.398364199083828
13.045111200989298
13.714258371323465
14.40605385367392
15.12073723336304
15.858540611551714
16.619689621871323
17.404404373796098
18.21290031278265
19.04538899205175
19.902078754942757
20.783175329813755
21.68888234181725
22.61940174731996
23.574934197724026