20.528508965197823
20.939746188883078
21.37192007324389
21.824718771742898
22.29784737963291
22.7910247141775
23.303985754702616
23.836482012268377
24.388282694550686
24.959170257728466
25.54895114895925
26.157441833441965
26.78447956322428
27.429916533323542
28.09362252544414
28.77548186722264
29.475396781550796
30.193282112274918
30.929071797044127
31.682710911737477
32.454160537751704
33.243396445145805
34.05040803036469
34.87519701514579
35.71777982712995
36.57818360994652
37.45644835660125
38.352634399816694
39.266796584477476
40.19901235783908
41.149370107955036
42.11796435399417
43.104902060239645
44.110280427402856
45.1342776333861
46.17697987304311
47.238540471924104
48.31911335607882
49.41885429933248
50.537927554413464
51.676514660596915
52.834787007228925
54.012928841375434
55.211137017945255
56.4296046682903
57.66853435419374
58.928136270893
60.20862054259261
61.51020263765559
62.83310445606928
64.17755512890741
65.54377579270528
66.93199783903184
68.34245819234044
69.77539125508068
71.23103498001598
72.70963620782743
74.21143106736892
75.7366652514822
77.2855868825186
78.8584389304189
80.45550404591225
82.07693410079844
83.72306972633285
85.39412896117561
87.0903574534719
88.81199939774913
90.55931497209865
92.332489520547
94.1319037695607
95.95767639163769
97.810072414871
99.68935655615445
101.59575488542683
103.5294921419052
105.49080844913543
107.47993817536614
109.49709910429172
111.54251795916173
113.6164149181585
115.71900679853411
117.85050691390487
120.01112494119998
122.20106679914885
124.42053453603042
126.66972622956875
128.94883589765556
131.2580534206251
133.59756447518106
135.96755048008262
138.36818855368685
140.79965148336723
143.2621077068027
145.7557213050891
148.2806520075809
150.83705520830014
153.42508199373978
156.04487918192018
158.69658937232006
161.38035100650083
164.09629843907447
166.84456201868093
169.62526817862002
172.4385395367592