26.436403327637265
26.863955857603248
27.313534800463366
27.784827782202452
28.277532147195227
28.791358172123537
29.326027623358105
29.881278458323223
30.456859105340868
31.052551145047424
31.66812691452117
32.30339182646741
32.95816532002509
33.6322818452046
34.32559525088768
35.03797193899019
35.76930200801975
36.51948446012892
37.2884382171238
38.076098124592235
38.88241356370315
39.70734943994765
40.55088647518357
41.41301764257151
42.2937506359567
43.193108809397
44.111128571970575
45.04785326841537
46.00334544954918
46.97767663901048
47.970927070553046
48.98319558008168
50.01458157208049
51.065201444141906
52.135178787499115
53.22464492005706
54.33374424705832
55.46262570916909
56.61144703692226
57.78037101431368
58.96957467769402
60.17923402937106
61.40953404308129
62.660668445808945
63.93283013104972
65.22622979636103
66.54106756622599
67.87755850316468
69.23591647965213
70.61636536562007
72.01912560363974
73.44442566830556
74.8924960595407
76.36356920627416
77.85788037297226
79.37566819382246
80.91717134058085
82.48262997494876
84.07228424575105
85.68638471214639
87.32516965295498
88.98888277208133
90.6777668643551
92.39207442195905
94.13204067148153
95.89791413538295
97.68993457551842
99.50834437884866
101.35338410229822
103.22529181757697
105.1243032327791
107.05064106591
109.00457757226906
110.98630335084205
112.99605709143086
115.03406525117613
117.10054609782942
119.19570863761479
121.31980527259651
123.47300566168087
125.65553559106336
127.86759572471826
130.10938675885174
132.38110467143395
134.6829413211463
137.01508436114747
139.37771716491682
141.7710187643012
144.19516379985666
146.65032248352193
149.13666057360496
151.65433936204593
154.20351567383423
156.78434187843303
159.39696591303624
162.04153131742223
164.7181772801046
167.42703869548333
170.16824623174227
172.94192640898342
175.74820168730383
178.58719056439355
181.45900768219312
184.36376394219954