1.3286890215966132
1.6061853742443413
1.8990146726842716
2.2070921112496715
2.5303474753567987
2.868721966807601
3.222174464265631
3.5906619727896256
3.974157261180273
4.372637382936852
4.786088302839291
5.214499447039275
5.657867718670411
6.116193525480889
6.589483331674751
7.0777423416198175
7.581001430072127
8.099280051737837
8.632563895852895
9.180926194252901
9.744386214815776
10.322982410867501
10.91675070501617
11.525767133252415
12.150058855373642
12.789695126836373
13.44472117038314
14.115268524787204
14.801354554674745
15.503082751112489
16.220542831223174
16.953830730596525
17.703048624713727
18.468297300386933
19.249713104163718
20.047397540022413
20.861484466414662
21.69210483984334
22.53940227138891
23.403520787019865
24.28461269061624
25.182837394783416
26.098355670950795
27.03134108345772
27.981965999408743
28.950410920126437
29.93686283570143
30.941511051344506
31.96454744295557
33.00618385303292
34.06661374430418
35.14604863119914
36.2447024692797
37.362791902425066
38.50053747542742
39.6581632070515
40.83589638060894
42.03396733256304
43.252609239495584
44.49205790368965
45.75255153758299
47.03433054734598
48.33763731580188
49.66271598493622
51.009812238196815
52.379173082853725
53.77104663260346
55.185681890725576
56.62332853400147
58.08423669768462
59.56865676182941
61.07683913923662
62.60903406537867
64.16549139060913
65.74646037502386
67.35218948632935
68.98292620110742
70.63891680986173
72.3204062262527
74.0276378009269
75.76085314037736
77.52029193123771
79.30619177044547
81.11878800169671
82.95831355861016
84.82499881501701
86.71907144277114
88.64075627748039
90.59027519251501
92.56784698166639
94.57368725078074
96.60800831867536
98.67101912760708
100.76292516360579
102.88392838681659
105.03422717210083
107.21401626004811
109.42348671851585
111.66282591480187
113.93221749851524
116.23184139515836
118.56187381042551
120.9224872451964
123.31385052111342