5.9578338411851955e-12
3.971889227456797e-12
4.989685841992601e-11
1.267541561865986e-8
4.1971090000228167e-7
4.70902184709282e-6
0.000028134588139505846
0.0001125457067591711
0.00034298177758340984
0.0008614146651407681
0.00187588344457538
0.003665812623795868
0.00658538290551409
0.011066833015532764
0.017625153440762816
0.026865179922637122
0.03949175434686288
0.05632340863363077
0.07830991440455548
0.10655399243973804
0.14233746192837005
0.18715208867877603
0.24273525175971514
0.3111099353799819
0.3946263890640066
0.4959960176039277
0.6182888797062482
0.7648201462878034
0.9387790960075905
1.1424857754032247
1.3765928600811628
1.6400240831563082
1.930766476683823
2.2467010804373193
2.5859984544009276
2.947194858439799
3.3291475196952853
3.7309669328561106
4.151957169531546
4.591569778752686
5.049369659507116
5.52501005324336
6.018214164151952
6.528761533187481
7.056477825121897
7.601227083549674
8.162905787866512
8.741438239776139
9.336772940860442
9.948879716269342
10.577747405108427
11.223381984871274
11.88580503073294
12.56505243501015
13.261173329868013
13.974229169817583
14.704292940411884
15.451448467129117
16.215789804174864
16.997420687301855
17.79645403820718
18.613011510624908
19.44722307035305
20.299226602983953
21.16916754446148
22.05719853047009
22.963479061527465
23.888175181220188
24.831459165549592
25.793509221693892
26.774509194847884
27.774648282026465
28.794120751916008
29.833125670036384
30.891866628575517
31.97055148039919
33.06939207680791
34.18860400867821
35.32840635072948
36.48902140866304
37.67067446900465
38.873593551513665
40.098009164062475
41.344154059928044
42.61226299747844
43.902572502266096
45.215320631566776
46.55074674144952
47.909091256492914
49.29059544224876
50.69550118067428
52.12405074866741
53.576486599967126
55.05305115063086
56.553986568365694
58.079534565999005
59.62993619938283
61.20543167005769
62.80626013300802
64.43265950984586
66.0848663077955
67.76311544480582
69.46764008118716
71.19867145812532
72.95643874340955
74.74116888476308
76.55308647111612
78.39241360214398
80.25936976639447
82.15417172833101
84.07703342456807
86.0281658695512
88.0077770709559
90.01607195500542
92.05325230190859
94.11951669159018
96.21506045983799
98.340075665001
100.49475106529309
102.67927210678272