75.51265188087152
76.01911009128094
76.55291973826316
77.11382827910943
77.70158141145896
78.3159284728132
78.95662184598078
79.62342822511958
80.31611429042549
81.0344642660209
81.77827866502524
82.54736304284472
83.34145023098286
84.16067213660378
85.00460077755993
85.8732043323653
86.76637668573676
87.68401983339372
88.6260828857094
89.59248600799614
90.58319216064267
91.5981479742656
92.63742753244908
93.70095039869825
94.78875882154666
95.90088326306744
97.03737193086658
98.19827560085842
99.38366414652992
100.59361620037862
101.82822134773588
103.08757858719372
104.37179957276828
105.68100026140254
107.01530933608402
108.37486143298992
109.75979977229112
111.17027511071126
112.6064433202113
114.0684676009888
115.5565168058025
117.07076646991342
118.61139463016829
120.17858400523208
121.77252519220049
123.39340840797671
125.04141610788426
126.71678216371835
128.41967255460318
130.15029960813007
131.90887003383477
133.69558726521097
135.51066063581786
137.35487656755006
139.22670088247062
141.12807378953121
143.05864724123802
145.01861489869341
147.00816188583426
149.02753923198577
151.07687810228498
153.1564870865986
155.26647096879526
157.40705399054795
159.57844072169522
161.78081119649678
164.01435538830353
166.27925963207068
168.57570147453166
170.9038582253476
173.26390109421214
175.65600192587542
178.08032084610483
180.53701709102688
183.02624421892966
185.5481528861386
188.10288881883275
190.69059050416652
193.31138828967696
195.96541796432302
198.6528014033598
201.37365618379084
204.12809622975715
206.91623329647362
209.738165947745
212.5939996141419
215.4838202305995
218.40772629727593
221.36579195013482
224.3581017009963
227.3847318233445
230.4457484247703
233.54122188624893
236.67120864725962
239.8357691563154
243.03495611491556
246.26882356955602
249.53741399192054
252.84077183475074
256.17893708207237
259.55194669798954
262.9598348095842
266.4026328918591
269.88036995390235