0.6144899166785188
NaN
1.124923211194109
1.4058327790674523
1.703101727658607
2.0163975586173786
2.345475443930798
2.690186793453265
3.0503753881193347
3.425948901633507
3.8168299949998254
4.222960529784056
4.6442940057773505
5.080797968087475
5.532453797840227
5.999239501740143
NaN
6.978214236231331
7.490406103392351
8.017752103143325
8.560276495217538
9.118002129479644
9.69096391540958
10.279200943585716
10.882757662598836
11.501683783990927
12.136038009416692
12.78588491962781
13.451289911592363
14.132331041082626
14.829090340899347
15.541629648924548
16.27012417290658
17.014594379516613
17.775177138771646
18.55198551263207
19.34514123188809
20.15477165882255
20.981010316541607
21.82399712816861
22.68387939266208
23.560804160262187
24.454943436316178
25.366448213689072
26.295493172408126
27.24225212421769
28.20690663414826
29.18964434849746
30.190654185272845
31.210132026749104
32.248278565634166
33.30529863264871
34.38140130727062
35.47679971667027
36.591710831520174
37.726355259043274
38.88095703372268
40.05574340597969
41.25094462914744
42.46679374501955
43.703526368217396
44.961380469632864
46.240596159183305
47.54141546809524
48.864082130944624
50.20884136768474
51.575939665890374
52.96562456345762
54.37814443201114
55.81374826128424
57.27268544473416
58.75520556671518
60.26155819146758
61.79199265430111
63.346757855271775
64.92610205572102
66.5302726780466
68.15951610908539
69.81407750749923
71.49420061556556
73.20012757580261
74.93209875280775
76.69035256077196
78.47512529705531
80.28665098226247
82.12516120721249
83.9908849872232
85.88404862409422
87.8048755761515
89.75358633675162
91.73039832154018
93.7355257648311
95.76917962534489
97.83156750164653
99.92289355746145
102.04335845709828
104.19315931117585
106.3724896327766
108.58153930415747
110.82049455408865
113.08953794587839
115.38884837609133
117.71860108394297
120.07896767133319