0.13450037426100325
0.1871342490431936
0.2569356896707235
0.349975761213056
0.47598109631532276
0.6481333810960772
0.8666451449212398
NaN
1.3974905157392936
1.6983018997792056
2.0193457108179094
2.359318707129367
2.717361007312865
NaN
3.4853803513055515
3.8945856443862605
4.320225078175097
4.762105120012136
5.220075034300065
5.69401818123432
6.183827838609213
6.689501513272235
7.210925728032766
7.748094013120036
8.300990069238686
8.869610988105146
9.453959307867343
10.054073998612424
NaN
11.301676378508988
11.949268634550384
12.61278623493378
13.292298660799695
13.987882900856091
14.69961211590965
15.427602972256443
16.1719265010176
16.932697966029384
17.710032868705987
18.50404896652112
19.31487506766754
20.142645561802205
20.987501719885124
21.849591337371013
22.729068571418825
23.626093754296217
24.54083320244664
25.47345902144461
26.424148907043303
27.393085942691954
28.38045839379314
29.386459499068867
30.411287259342554
31.45514422404481
32.518237275745854
33.600777412977365
34.70297953161283
35.82506220500864
36.96724746315481
38.12976057101061
39.312829806226176
40.51668623642743
41.741563496236175
42.987697564196
44.25532653977719
45.544690420647385
46.856030880372074
48.189591046749506
49.5456152809981
50.92434895796788
52.32603824767537
53.750929898338185
55.19927102123252
56.67130887761735
58.16729066804899
59.68746332437469
61.232073304766686
62.80136639212332
64.39558749620463
66.01498045987428
67.6597878698352
69.33025087224632
71.02660899362397
72.74909996742706
74.49795956672692
76.27342144337305
78.07571697404283
79.90507511357117
81.76172225593677
83.64588210327854
85.55777554329484
87.49762053533466
89.46563200555579
91.46202175136254
93.48699835545388
95.5407671096848
97.62352994896987
99.7354853954009
101.87682851274562
104.04775087142532
106.24844052408187
108.4790819917809
110.73985626087469
113.03094079053568