0.
0.
0.
0.
0.
0.
0.
0.
0.
1.9859446137283985e-12
3.971889227456797e-12
6.206076917901245e-12
7.199049224765445e-12
3.078214151279018e-11
1.5130415525843235e-10
7.12705873251779e-10
2.850823493007116e-9
9.905147004047104e-9
3.0452474706911264e-8
8.424488760820388e-8
2.128504406609508e-7
4.970592225746986e-7
1.0837775142607782e-6
2.2248474205614684e-6
4.330593398383802e-6
8.04047025038834e-6
0.000014312573620619137
0.000024533686895141197
0.000040650207579617434
0.00006532024980430184
0.00010208615675419251
0.00015556613724932876
0.00023166341587415058
0.00033779055336539764
0.0004831066937617423
0.0006787651009807092
0.000938168301439344
0.0012772283702714323
0.0017146297990244712
0.0022720929284820086
0.002974635646515116
0.003850831855422583
0.004933065290050651
0.006257777392352885
0.007865708600557696
0.00980213237362636
0.012117081700772482
0.014865567920783319
0.01810779213910492
0.021909349250883083
0.026341425141043397
0.031480987424713995
0.03741097022894569
0.044220453565836
0.05200483770268641
0.06086601302679594
0.07091252578817851
0.08225973984320845
0.09502999471359388
0.109352759814215
0.12536478485876332
0.14321024603941523
0.16304088774297074
0.18501615916572117
0.20930334521760893
0.23607769100756618
0.26552251910969643
0.2978293387820363
0.33319794621058535
0.37183651499738285
0.4139616760399169
0.4597985860249886
0.5095809839020263
0.5635512347488784
0.6219603605218071
0.6850680574822772
0.7531427000118307
0.8264613307655257
0.9053096372890524
0.989981915191872
1.0807810181922697
1.1780182952777227
1.2820135154264294
1.3930947800375766
1.5115984234829294
1.637868901862655
1.7722586698603715
1.9151280454730133
2.0668450619987517
2.2277853064364614
2.398331742682657
2.57887451785907
2.7698107491280766
2.9715442880068683
3.1844854584501565
3.409050764285279
3.645662561087606
3.8947486868602517
4.156742045710576
4.432080138289223
4.721204532973898
5.024560272227837
5.34259520943182
5.675759272978005
6.0245036565528896
6.389279937091557
6.770539125372154
7.168730657774394
7.584301342143888
8.017694274570443
8.469347747969874
8.939694176540588
9.429159062261872
9.938160030449435
10.467105960541947
11.016396235665457
11.586420130465342
12.177556351146135
12.790172735435645
13.424626113407095