0.
0.
0.
0.
0.
0.
0.
0.
0.
1.9859446137283985e-12
1.9859446137283985e-12
3.971889227456797e-12
2.2341876904444484e-12
8.067899993271618e-12
1.8866473830419785e-11
8.862277838762979e-11
3.8403203967972906e-10
1.475432726461842e-9
4.999243200446169e-9
1.514791666275172e-8
4.152014403921963e-8
1.0443921365597782e-7
2.4369712537368716e-7
5.323595122052592e-7
1.0972252140911016e-6
2.147638982962781e-6
4.014487739421271e-6
7.200956352202316e-6
0.000012446449485701581
0.000020804681300495687
0.00003373679279675532
0.000053219717736888694
0.00008186966793689397
0.0001230803376344594
0.00018117494145075642
0.0002615710391048716
0.0003709566544434997
0.0005174762292407284
0.0007109248798598889
0.000962948955441787
0.001287251639895767
0.0016998015192784485
0.002219042949183012
0.0028661066275496336
0.003665019085756705
0.00464291019451218
0.0058302175133341915
0.007260887016055117
0.008972569339758242
0.011006811386728146
0.013409242938825318
0.016229758072037158
0.01952269157786774
0.023346990317093405
0.027766379724213967
0.0328495258247862
0.03867019289745664
0.04530739712699286
0.0528455565992047
0.06137463786800107
0.07099029935958161
0.08179403181148899
0.09389329584904614
0.10740165687803757
0.12243891710968674
0.13913124483708594
0.15761130057917108
0.17801836002955967
0.2004984333910939
0.22520438069319
0.25229602272980733
0.2819402471040501
0.3143111088198616
0.3495899249382263
0.3879653628882794
0.4296335216811459
0.47479800584417664
0.5236699915350302
0.5764682844266216
0.6334193692838701
0.6947574508358062
0.7607244859949155
0.8315702073153649
0.9075521377721543
0.9889355970157248
1.075993699312907
1.1690073433989916
1.2682651945632681
1.3740636592640605
1.4867068525733849
1.6065065586598788
1.7337821845572525
1.8688607072060963
2.0120766136817885
2.1637718344135086
2.3242956686399436
2.494004701482945
2.6732627113166156
2.862440565888383
3.061916105082232
3.2720740078612858
3.493305640297367
3.7260088809290135
3.970587919466131
4.227453023856814
4.497020270706287
4.779711233278299
5.075952621379821
5.3861758672281645
5.710816651797481
6.050314366734643
6.405111508080883
6.775652999466342
7.162385444742882
7.565756312317411
7.986213056846283
8.424202186960526
8.880168291606855
9.354553040802138
9.847794179893192