0.
0.
0.
0.
0.
0.
0.
0.
0.
1.9859446137283985e-12
3.971889227456797e-12
3.971889227456797e-12
4.468375380888897e-12
1.0550330760432116e-11
3.4505787663530926e-11
1.6781231986004968e-10
7.110922932531247e-10
2.676556853152449e-9
8.805057809579928e-9
2.5918563153769327e-8
6.924728212840374e-8
1.7017782813807692e-7
3.8876541454501233e-7
8.32910632345378e-7
1.68621666763067e-6
3.246391760826455e-6
5.976194767989883e-6
0.000010568539141866162
0.00001802704781028292
0.00002976310070395387
0.0000477095352987194
0.00007445128627236991
0.00011337213477181111
0.0001688169151560088
0.00024626780742347096
0.0003525331103086551
0.0004959467980576278
0.0006865770503220974
0.0009364417009603579
0.0012597287461562601
0.0016730200872695925
0.002195516700960031
0.0028492637777842197
0.0036593742700512157
0.004654249811528478
0.005865797907047392
0.0073296446265507876
0.009085342219590628
0.01117657127170517
0.013651337115458354
0.01656216046821408
0.019966262352375957
0.02392574339949976
0.028507757875889286
0.033784682670347184
0.039834281615452403
0.04673986547885781
0.05459044796532158
0.06348089810220924
0.0735120891718105
0.08479104444256155
0.09743107985382832
0.11155194365015468
0.12727995285276983
0.14474812658386974
0.1640963157794586
0.18547132913907316
0.20902705479741032
0.23492457724967092
0.2633322890286728
0.29442599644783685
0.32838901894943207
0.36541228134735815
0.405694398397356
0.4494417511504959
0.4968685546131937
0.5481969161882233
0.6036568846683428
0.6634864893886959
0.7279317694714604
0.797246793035145
0.871693666386286
0.9515425333947441
1.0370715650504896
1.1285669397317541
1.2263228142240161
1.330641285958381
1.4418323467382037
1.5602138281984703
1.6861113391960394
1.8198581951571802
1.9617953393677612
2.112271255677454
2.271641872259245
2.440270455242738
2.6185274911099894
2.8067905559728135
3.0054441694515712
3.2148796305251808
3.435494831822704
3.6676940484762284
3.9118876970408425
4.168492059393597
4.4379289660463375
4.720625433187019
5.017013247341856
5.327528491976766
5.652611010798202
5.99270380328448
6.3482523496022685
6.719703863939194
7.107506477698106
7.512108357137418
7.933956763371014
8.373497066338313
8.83117172811593
9.307419274246158
9.802673274754245
10.317361358387172
10.851904284395443