0.
0.
0.
0.
0.
0.
0.
0.
0.
0.
0.
0.
0.
0.
0.
0.
1.9859446137283985e-12
3.971889227456797e-12
0.
0.
2.2341876904444484e-12
-3.1030384589506225e-12
7.32317076312347e-12
1.5639313833111137e-11
3.9098284582777846e-11
1.0997168298521007e-10
2.950368966770252e-10
7.299587670835444e-10
1.7416734262398055e-9
3.911442038276439e-9
8.371004789941915e-9
1.7114374194957904e-8
3.3591011925832276e-8
6.351634245933701e-8
1.1606356808782193e-7
2.0553670313474254e-7
3.535986796897249e-7
5.923166695521799e-7
9.680159338757812e-7
1.5462566003704694e-6
2.4180260868511325e-6
3.707337077086656e-6
5.580468989938368e-6
8.256897004934001e-6
0.000012022231112033827
0.000017243271433625794
0.000024385169764905053
0.00003403111040911756
0.000046904378862958574
0.0000638930014313952
0.00008607697513487291
0.00011475818608904289
0.0001514930369611856
0.00019812761680810457
0.0002568356168548131
0.00033015883209723
0.00042105010536850636
0.0005329187880936652
0.0006696785190139687
0.0008357972024690677
0.0010363490960005736
0.0012770689516706036
0.001564407873608838
0.0019055909349823816
0.0023086763936510423
0.0027826162007966713
0.003337317906292176
0.003983707626426782
0.004733794023470072
0.005600733187103122
0.006598894268895017
0.007743925758363591
0.009052822286925074
0.010543991979592087
0.012237324061617276
0.01415425691023678
0.01631784622097789
0.018752833517659225
0.021485714723706983
0.02454480887757626
0.027960327056448332
0.0317644412824268
0.035991353653269595
0.040677365498193535
0.04586094670533894
0.051582805216798394
0.05788595664751873
0.06481579416920254
0.0724201586029821
0.08074940879707632
0.08985649236204195
0.09979701674922066
0.11062932071632141
0.12241454629730841
0.1352167112898761
0.1491027821753635
0.16414274776328985
0.180409693364028
0.19797987565047573
0.2169327982470798
0.23735128796913268
0.25932157190758487
0.28293335523438307
0.3082798998329683
0.3354581037742898
0.3645685816496302
0.3957157457357891
0.4290078881367317
0.4645572637840334
0.5024801744577284
0.5428970537082801
0.5859325529148847
0.6317156283259474
0.6803796292394927
0.732062387417217
0.7869063077071129
0.8450584600159163
0.9066706727531375
0.9718996278011662
1.0409069571791405