17.721299010342353
18.123452900600054
18.545940670470404
18.988461418716696
19.450724097065912
19.93245716427476
20.43340519122635
20.953330086612894
21.492011949730614
22.049246734382915
22.624852737010723
23.218657250314564
23.830509003396426
24.460275107543524
25.10783339871346
25.773080699988263
26.45593067251125
27.156301964651114
27.87414242573776
28.609404863082933
29.362057290313864
30.13208199847981
30.91947451738812
31.72424302436521
32.5464082493346
33.38600116006689
34.24306980516181
35.117666460475334
36.00985981254944
36.91972914821343
37.847359826672154
38.7928500055447
39.75630945275229
40.73785326020522
41.737609757958744
42.755844331810145
43.79230021370205
44.84752936710276
45.921554951698944
47.01454444507577
48.12666926744637
49.25810768615015
50.40904728275561
51.57967695306434
52.77018890861728
53.98080081308626
55.21170422648599
56.46311625332809
57.735253074011304
59.02833557116689
60.34258723903116
61.67823573722246
NaN
64.41465080041868
65.8158875344744
67.23946439871918
68.68561874182355
70.15459581892006
NaN
73.16199911832997
74.70091930101773
76.2636476405598
77.85043478102352
79.46152875275114
81.09717989599349
82.75763619178723
84.44314789541025
86.15396219943737
87.89032612078536
89.65248968143203
91.4402604875133
93.25518205721328
95.09619802542188
96.96398130615691
98.85876880599706
100.78079647820316
102.73029703156911
104.70750060620784
106.71263446091763
108.74592280782828
110.80758665581746
112.89784366309044
115.01690799931814
117.16499021770571
119.34229713731476
121.54903173596648
123.78539305397996
126.05157610900696
128.34777182214776
130.67416695551168
133.03094406135318
135.41828144284284
137.8363531265208
140.28532884643334
142.7653740398572
145.27664985459023
147.81931316758906
150.3935166148996
152.99940863254707
155.63713350823792
158.30683144356206
161.0086386264123
163.7426873132921
166.50910592117094