2.308098001213323
2.6080172150520333
2.9232146113514044
3.253615224341884
3.5991504875028015
3.959781707405856
4.335453310163908
4.726135985174479
5.131803945879407
5.55243897408384
5.9880278363052115
6.43856512806398
6.904048826083373
7.38448353512091
7.879876473218522
8.390245220614531
8.915606685957767
9.455983074959212
10.011402815884525
10.581898663064186
11.167509365002571
11.768276519368547
12.384249180289277
13.015478849101475
13.66202672315697
14.323955483696473
15.001334737000573
15.694244179508708
16.402764884982908
17.12698336804403
17.86699569002001
18.622883328884846
19.394812322725784
20.1828316500446
20.98709865755663
21.807722320533628
22.64484218429509
23.498595932435226
24.369128527343335
25.25658218216889
26.16114797380335
27.082950121564668
28.022176190315193
28.97899556040367
29.953581117047257
30.946139717746107
31.95684229129433
32.985872387170495
34.03348191171744
35.09982141937472
36.18511526406528
37.28957364741645
38.413441622330424
39.556903315115946
40.720196392042595
41.903548200315676
43.10718909628214
44.331352394866414
45.57627408961368
46.84219263670151
48.129348738000004
49.43798512343853
50.76834633286702
52.12067849766222
53.495229122276164
54.89224686597689
56.31198132499661
57.75468281536411
59.220602156654884
60.709990456961556
62.22309889936802
63.76017853023258
65.32148004962303
66.90725360423237
68.51774858315034
70.15321341685723
71.81389537983303
73.50004039718077
75.21189285569523
76.94969541975374
78.71368885251549
80.5041118428045
82.32120083813246
84.16518988428362
86.03631047187861
87.93479139033357
89.86085858959729
91.81473505008101
93.79664066111539
95.80679210829555
97.84540277004116
99.9126826236599
102.00883816116254
104.13407231513544
106.28858439479406
108.47257003244798
110.68622114049963
112.9297258790821
115.20326863443624
117.5070300080075
119.84118681632779
122.2059121016279
124.60137515311312
127.02774153880594