2.4433080908353477
2.745617805738485
3.0632466052585885
3.3961077539947357
3.7441493345791477
4.1072980765646205
4.4855163365075335
4.878764547487915
5.287017579642267
5.710253123928178
6.148322875465972
6.601621605458515
7.0697438841394415
7.552830162449388
8.050885840347393
8.563924413620699
9.091964754841475
9.635029040278956
10.193145666754344
10.766346959954687
11.354682702966867
11.958160124924563
12.57686208749379
13.210831365698757
13.860125805577116
14.524809310310003
15.20495800529739
15.90064209387972
16.611946965866863
17.338960172175987
18.08177982184972
18.84050465075849
19.615244395144217
20.40611163150338
21.21321032784207
22.036721109887765
22.87671771954459
23.733375114450286
24.606821026996517
25.497210463205086
26.40471136424779
27.32947768881398
28.271679982017353
29.23149617553534
30.209105028308475
31.20469245195023
32.218446117395985
33.25057029760891
34.30125597441441
35.37071163309587
36.4591464098999
37.5667723214595
38.69380865479651
39.84047471136572
41.006996356510214
42.193599431747465
43.400515546725245
44.62797835913633
45.87622418623959
47.14549178854992
48.43602215265769
49.74805827333191
51.08184493518942
52.437628494097545
53.81565665856834
55.21617827135584
56.63944309151255
58.08570157703053
59.555204668707304
61.04820357489705
62.56494955803965
64.1056937229426
65.67068680724692
67.26017897440111
68.87441960951959
70.51365711849775
72.17813873077
73.86811030611771
75.58381614594498
77.32549880943107
79.0933989350079
80.88775506755414
82.70880349178996
84.5567780722398
86.43191010023342
88.33442814831427
90.26455793248839
92.22252218267529
94.20854052173449
96.22282935341123
98.26560175951059
100.33706740662704
102.43743246264299
104.56689952329778
106.72566754897572
108.91393181191476
111.13188385397086
113.37971145503873
115.6575986121972
117.96572552962738
120.30426861927259
122.67340051226415
125.07329008099086
127.50410247173602