38.78191722252071
38.83640825245244
38.90449414027955
38.999761844196875
39.12215816621501
39.271613360059675
39.448039925918756
39.651331006524586
39.88135842308263
40.137969315965016
40.42098529334907
40.730207042367894
41.06540474860843
41.42633156399008
41.8127217291831
42.22429469068867
42.660760073420356
43.12182051353044
43.60717588274821
44.11652658209916
44.64957660017839
45.20603547988093
45.78562219473428
46.388065382998114
47.01310535512023
47.6604995851486
48.33001503304045
49.0214378129962
49.73456893552909
50.46922703555888
51.22524891326804
52.002484202486535
52.80080827836453
53.620106119953
54.460283064552435
55.321260229735906
56.20297970916069
57.10539324949802
58.028475720196404
58.972210239789746
59.93660053189615
60.921661435861914
61.92742364599593
62.9539305893887
64.00123798869411
65.06941569698857
66.1585435908043
67.26871396968376
68.40002819062452
69.55259930677785
70.72655280540624
71.922018296667
73.13913537268648
74.37805494765362
75.63893325848008
76.92193548150381
78.2272313956622
79.55500173650262
80.90542858369945
82.2787005753128
83.67501454427837
85.0950242692417
86.53757519856414
88.00423215486633
89.494761684608
91.00937136710806
92.54828943007698
94.11172698447348
95.69992685224496
97.31309719022066
98.95147684764152
100.61529079572064
102.30477958222576
104.020164633701
105.76168412193967
107.52957042815743
109.32405638967346
111.1453731609631
112.9937578394502
114.86943576813117
116.77263991824339
118.70359870654026
120.66253843180026
122.64968467238184
124.66526162057995
126.70948755186551
128.78257838757136
130.88475400512493
133.01622555674814
135.17719898423363
137.36787921978362
139.58846744664675
141.8391673275203
144.12016621388284
146.43165636713155
148.77382264424713
151.1468460934148
153.55090701322987
155.98617417251688
158.45281508513676
160.9509937029113
163.4808701784109
166.04259596812003
168.6363228026713
171.26219302125364
173.92034697469003
176.61091968004476
179.33404150423667
182.08983821102044
184.8784310197929
187.69993667578572
190.5544675311644
193.44213163653598
196.3630328423632
199.31727090968693
202.3049416296236
205.32613695116362
208.38094511653637
211.4694508036933
214.59173527531456