45.9107682131377
45.96647193338894
46.03607549685086
46.13347188432027
46.25861138700065
46.41142938485347
46.59184528995647
46.79976097786998
47.03505807715522
47.29759774156816
47.58721723527721
47.90373055696661
48.246929436065614
48.61658342620255
49.0124427476536
49.434246501182145
49.88171567985963
50.35456681871873
50.852510192310106
51.37525770804671
51.92251859780443
52.494009271096395
53.089453181325
53.70858249908144
54.351139749627684
55.01688629783346
55.705588119317696
56.41703321873188
57.15102396922122
57.90737987945556
58.685936713193456
59.48654537248377
60.30908525746149
61.15343636723232
62.0195091223012
62.9072258243283
63.81652800278773
64.7473688731118
65.69972152455657
66.67357483989855
67.66892967586581
68.6858067230542
69.724234835716
70.78425833767439
71.86593567061648
72.96933567969803
74.09454035842171
75.24164246547427
76.41074369648864
77.60196175774519
78.81541500825867
80.05124011273963
81.30957361490107
82.59056803152686
83.8943759387294
85.22116723187708
86.57111061135316
87.94438048831432
89.34116282439005
90.76164556972749
92.20600553233379
93.6744923626968
95.16725755996323
96.6850560343865
98.22650819419627
99.79341767748905
101.38546979283753
103.00288501845954
104.6458872565686
106.31469664513361
108.00953777325445
109.73063726635156
111.47822109193892
113.25252088719557
115.05376016679632
116.88216740553007
118.7379691119392
120.62139393397953
122.53266523737854
124.47200906945314
126.43964817508426
128.4357997896212
130.46068426611737
132.5145298774564
134.5975158939582
136.7099175591581
138.85188699285672
141.02364621684333
143.22539864336875
145.45734172155292
147.71968236830244
150.01257602846587
152.3362439992045
154.69085819870693
157.07659376876572
159.49362745224514
161.94212961326537
164.42225486406815
166.9341764935269
169.47803141548985
172.0540021342022
174.6621973064771
177.30278558105252
179.97588466464248
182.68163385011158
185.42015510003264
188.19157530681065
190.99600701222587
193.83356393798852
196.7043538431565
199.6084800577785
202.54604158276172
205.51713319947922
208.52184558848538
211.5602654568
214.6324756729592
217.73855540948992
220.8785802919241
224.05262255389718
227.26075119770044