49.90034710749246
49.95667646348916
50.027063078971196
50.12555727185177
50.25211143538622
50.406663399772164
50.589135353383405
50.79943315907759
51.03744379786445
51.30303389365571
51.5960483014117
51.916309363675346
52.26361618440454
52.637747864757024
53.03846462633004
53.46551009265516
53.91861610022265
54.39750613293056
54.90189650003782
55.431502687606134
55.98604122201614
56.56523169605818
57.16880136484492
57.796484967683895
58.448030500645075
59.12319647953136
59.821755416487875
60.54349631600433
61.28822318158851
62.05575750037917
62.84593651079556
63.65861618959129
64.49366776913055
65.35098611553863
66.23047409700122
67.13205915803194
68.05567929694665
69.00129941104409
69.96888605326674
70.95843224786226
71.9699412471363
73.00343112798203
74.05893522884402
75.13649856929707
76.23617949715344
77.35805035645753
78.50219164285716
79.66869795146606
80.8576715872217
82.06922781067223
83.30349148163305
84.56059254402871
85.84066514255971
87.14388556413968
88.47038062168966
89.82031618023248
91.19389458232924
92.59125870076126
94.01260060964462
95.45811319546337
96.92798502852736
98.42241567292228
99.9416070503626
101.48576376479598
103.05574457662351
104.64981636805705
106.27013715833799
107.91628162305258
109.58846271483571
111.2869052137033
113.01172792511339
114.76346110274906
116.54202229593899
118.34773886040438
120.18083498272586
122.04153518321885
123.93006107982492
125.84663678923236
127.79148677027473
129.76483034944664
131.76685695704316
133.79785921783395
135.85798427578493
137.94745688137309
140.06649776445454
142.21529051952592
144.3940866352063
146.6030407172166
148.84236002076216
151.1122386805551
153.41287282692755
155.74443620359654
158.10711281627533
160.50107966346494
162.92650765960965
165.38356216819062
167.87240557989833
170.39319767440026
172.94609121344433
175.53122450712695
178.14876010906053
180.79881769132223
183.48153756249994
186.19704805529105
188.94547085232415
191.72692574090158
194.54153139331095
197.38939093955
200.2706109345848
203.18529209447811
206.13353036243006
209.11541740169673
212.13104071474223
215.18048377103887
218.2638261428844
221.38114364851748
224.53250850191517
227.71798946874196
230.9376520276246
234.19155853630923