50.60326855194292
50.65970504368067
50.73022536406335
50.828906996341864
50.955702642657435
51.11055052351989
51.29337341966277
51.50407753563593
51.74255021779737
52.00866156856108
52.302255244404435
52.623155073635346
52.97116228100172
53.34605685774899
53.74760042319416
54.175538998803425
54.629605051869746
55.109523050073015
55.61501075652624
56.14578481820283
56.70156204009533
57.28206360098895
57.887020101349336
58.51615647095865
59.169234292627614
59.84600431298582
60.546244270288206
61.26974107056058
62.016299250104176
62.785741038372684
63.57790402900668
64.39264496390712
65.2298347243119
66.0893693927273
66.97115098206557
67.87510857307718
68.80118285566776
69.74933114117238
70.71952870113176
71.71176443867698
72.72604352434429
73.76238317684609
74.8208175647118
75.9013927169585
77.00416375634192
78.12921022563346
79.27660696006924
80.4464490901486
81.63883946176419
82.85389792512228
84.09174160077413
85.35250843453845
86.6363343130977
87.94337248121951
89.27378122249202
90.62771917992129
92.0053596183883
93.4068785368503
94.83245954832171
96.28228888942463
97.75656198350134
99.25547417296696
100.7792273655971
102.32802821048045
103.90208552727972
105.5014207721502
107.12681582377832
108.77792331749957
110.45514834748336
112.15871324505554
113.88883888651655
115.64574926162332
117.42966451278359
119.24081701335022
121.07942158916015
122.94570674991766
124.83989515975495
126.76220767387153
128.71286238589977
130.69206404886964
132.70009848561602
134.73710309142444
136.8033217472736
138.8989672405005
141.02423903498251
143.17935331475007
145.36450588152348
147.5798944841484
149.82571792531226
152.10216535631847
154.40942384964941
156.74767570729728
159.11710876607125
161.51788624505625
163.95018305508785
166.4141664720761
168.90999278103132
171.43782164094577
173.99780322586642
176.59008517963048
179.2148088129044
181.87210839216397
184.56211983238802
187.2849696458601
190.04077788359533
192.82966117451963
195.6517376174343
198.50711015645916
201.3958834807785
204.31815704650504
207.27402550398816
210.26357923321896
213.286904464629
216.34408340843737
219.43519439192337
222.56031200390584
225.7195072457854
228.9128476886427
232.14039763554717
235.40221828863494