54.81123150487283
54.85402055678618
54.92531425493981
55.02508023605038
55.15327289558024
55.309832519198565
55.49468492113331
55.70773999766497
55.948897810635245
56.218008627274976
56.51494799383315
56.83953831607425
57.19158977956137
57.57089013138661
57.977209191239645
58.410300666525984
58.869945830965925
59.35575668058216
59.86757632739656
60.40508747545836
60.968013854885626
61.55607993551054
62.169018246061476
62.806569400236
63.46848333807018
64.15452578544583
64.86447069367236
65.59811153021643
66.35525636579706
67.13572862073876
67.93937017670417
68.76603962124963
69.61561355686948
70.48798128652066
71.38305789759346
72.30077597709979
73.24106968853721
74.2039041402793
75.18925479663832
76.1971134041454
77.22748482537646
78.28039487314165
79.35587348072096
80.45401148998134
81.57474184530308
82.71826428362873
83.88461807942033
85.07390300065953
86.28621892759222
87.52168185187087
88.78041926017725
90.06256000083116
91.368247160431
92.6976313020556
94.05086662945527
95.42811942827991
96.82955883633981
98.25536035613585
99.70570621829233
101.18078553000076
102.68074769615653
104.20591103005866
105.75635609816808
107.33232393268102
108.93402510669041
110.56166819928089
112.21546467378926
113.8956363005341
115.60238635463475
117.3359524515874
119.09653772292336
120.88436148882143
122.69966326335003
124.5426446366349
126.41353118538868
128.31254796370226
130.23990970251916
132.19582807171668
134.18053726179392
136.19426036556607
138.23715361073087
140.30948588957793
142.41144604541498
144.54324175305132
146.70507440606133
148.89714263504186
151.11964598695704
153.37277542475846
155.656720671289
157.97166510883122
160.31778791982023
162.69527275629713
165.10428415837904
167.54499468250518
170.0175054789745
172.5221526277929
175.05891426498593
177.62799522035772
180.22954189778915
182.86369351951913
185.53058333959785
188.2303370027387
190.96308344366383
193.72893990445425
196.52802142280433
199.36043586953798
202.2262914187006
205.12568540381713
208.05871583353562
211.02547234751526
214.02604254100675
217.06050919577928
220.12895101618872
223.23144276749306
226.36805542148957
229.5388563087602
232.743909276829
235.98327485372818
239.2570104161085
242.56517036145027