27.190657591040473
27.229773986029723
27.294939148737647
27.386113635836185
27.503222743372174
27.64619731713316
27.81493043488441
28.009294584000862
28.229136087955062
28.47427168207834
28.744489543626077
29.03954966180738
29.359188234679333
29.70312050880317
30.071047432153016
30.462657930300836
30.877635800220904
31.31566419353642
31.7764259889365
32.25961067997613
32.76491495831557
33.292045587627
33.84072319231968
34.41067733222354
35.0016543999154
35.61341572889103
36.24573914098955
36.89841839341055
37.571261161447545
38.26410047532151
38.976775512168444
39.70914950598334
40.461100641954005
41.23252499194939
42.02333389650364
42.8334559388768
43.66283454954591
44.51142626724025
45.37922093019078
46.26619565311502
47.1723554850222
48.097718288703895
49.042326519772175
50.00622000064513
50.98945392117078
51.9920986909314
53.01423626396233
54.05595909635432
55.1173714121679
56.19858442376856
57.29972560629716
58.42092206036611
59.56232072768645
60.724065391294744
61.90631661825641
63.10923950011218
64.3330056734241
65.57778715291991
66.84378816693574
68.13118193403153
69.44017015425348
70.7709577772086
72.12365154921515
73.4987558862621
74.8961899255692
76.31628348709404
77.75924673287514
79.22531026300061
80.7147021647693
82.22765602217335
83.76440529112313
85.3251852205392
86.91023193094249
88.51978514797189
90.15408957969181
91.81337981112206
93.49789999498132
95.20789038422906
96.94359223626341
98.70524739557962
100.49309926212082
102.3073808658572
104.14833996119677
106.0162049830201
107.91121664848288
109.83360650563942
111.78360910140808
113.76145116000654
115.76736140378068
117.80155917215679
119.86427994138268
121.95572526158993
124.07611138514234
126.22567784194945
128.40459944740385
130.61309297966307
132.8513582723603
135.1195942189789
137.4179931366446
139.74674064920026
142.1060223791029
144.4960180663285
146.9169030332175
149.3688481345445
151.85201972026712
154.36657961093806
156.91268508569777
159.4904888827186
162.10013921193521
164.74177977982933
167.4155498260202
170.12158417136294
172.86001327718577
175.63096331535172
178.43455624865385
181.2709099212745
184.14013815867955
187.04235087661837
189.97765419870112
192.9461505820846