27.885991467984436
27.925225163432515
27.99058610233093
28.082031132927362
28.199498741860147
28.34290823854819
28.512157829983497
28.707121695766283
28.927648035042395
29.173555925685474
29.444636177510528
29.74065135024573
30.06134032155717
30.406420849574882
30.775595841397042
31.168557045448576
31.58498909820785
32.02454106186603
32.48700151817685
32.971956341067546
33.47913717894903
34.00825084966483
34.55901465455736
35.13116117892797
35.72442562233272
36.33859526884069
36.97342107128358
37.628703719231744
38.30425226639488
38.9998922502803
39.71546950671454
40.45084233141295
41.20588866675083
41.98050405726825
42.774598474143744
43.5881003570974
44.4209533434219
45.27313591146736
46.14456516418108
47.035288647409
47.945291292084015
48.874592461342864
49.82322154387363
50.79122738354023
51.77866445899737
52.78560313213423
53.81212451269779
54.858321275106874
55.924297245442645
57.010164658637855
58.11604144397028
59.2420760787825
60.388396171361656
61.555150655243025
62.74250334984992
63.95061537496616
65.17965891742517
66.42981422448985
67.70126571313959
68.99420425895624
70.3088289007394
71.64533867181454
73.00394196883829
74.38484828423879
75.78827663183381
77.21444395548612
78.66354946835045
80.13588960749051
81.63162388314049
83.15100671195886
84.69427173428447
86.26165481170058
87.85338910315554
89.46972394537184
91.11088791403694
92.77712671638282
94.46867855913017
96.18578810987867
97.92869315847952
99.69763426344775
101.49285360896475
103.31458607058023
105.16307772515219
107.03855722256183
108.94126247598378
110.87142779157286
112.82928024203562
114.81505453474755
116.82897164981388
118.8712591722074
120.94213078042576
123.04181197711898
125.17051860838266
127.32845201175924
129.51582357896785
131.73283815630668
133.9796956830421
136.25658863686053
138.56370886346346
140.90124533552705
143.2693801161763
145.6682916801851
148.09815406459245
150.559136820698
153.05140497879643
155.57511902562047
158.13043489439343
160.71750396736587
163.33647309064162
165.98748460106196
168.67067636488494
171.38618182793817
174.13413007692566
176.91464591144256
179.72784992633692
182.57385860404406
185.45278441629605
188.36473593485945
191.30981795077068
194.28813160158683