0.006170893117451527
0.009591445013536594
0.014358537691323349
0.02081623234192029
0.029356082436220593
0.04041990083660948
0.054503058512780186
0.07215830360470372
0.09400003164914468
0.1207088835906799
0.15303649708889877
0.191810188063962
0.23793728946600967
0.2924088186314499
0.3563020692174704
0.43078160782066405
0.5170979621421996
0.6165829648652086
0.7306402060195171
0.8607283131489847
1.0083339138065843
1.1749305494718232
1.3619205025177525
1.570560081979548
1.801876605815714
2.0565953006457827
2.335099670068934
2.6374415050612274
2.963397665978381
3.312553031109721
3.6843846260474873
4.078330068695247
4.4938348130809365
4.930380353320874
5.387498436260894
5.864776241326441
6.361856294705307
6.878433621338227
7.414251660971112
7.969097817229414
8.542799100761732
9.135218087492749
9.746249278283232
10.375815874018627
11.023866944226723
11.690374951429
12.37533358864555
13.07875588810008
13.800672562626996
14.541130545573143
15.300191699601903
16.077931669026732
16.874438854169316
17.689813489574686
18.524166810801212
19.377620296901387
20.250304977765687
21.142360797244393
22.053936024308076
22.985186705810744
23.936276155310807
24.907374473332023
25.898658095050823
26.910309362102215
27.942516115573838
28.995471307745092
30.069372630498165
31.164422158561706
32.280826006091964
33.41879399527325
34.578539335809936
35.76027831439572
36.964229993351594
38.19061591777974
39.439659830689024
40.711587395663486
42.006625926696856
43.32500412498342
44.66695182241194
46.032699731704014
47.42247920306859
48.83652198742884
50.275060006207866
51.7383251277766
53.22654895068848
54.73996259382591
56.27879649365963
57.84328020881005
59.43364223214129
61.0501098106073
62.69290877311282
64.3622633666323
66.05839610084634
67.7815276015664
69.53187647318036
71.30965917038827
73.115089879444
74.94838040916972
76.80974009190828
78.69937569464771
80.61749134047913
82.56428844054469
84.53996563662743
86.54471875447192