0.013967622387099518
0.020841140420459352
0.0301073678956077
0.042309780682741494
0.05806423723431527
0.07806599612178305
0.10309775966759663
0.13403854848327348
0.17187311835230623
0.21770152218520927
0.2727482734236567
0.33837033196316463
0.4160627111441229
0.5074597042165753
0.6143282386991612
0.7385472802804615
0.8820633567896582
1.0468083947759872
1.23456725684003
1.446799061114538
1.684455099469919
1.9478739535428262
2.2368175059034745
2.5506303398298384
2.888438319473452
3.2493107707946285
3.6323603310287407
4.036790364956206
4.46190957206046
4.907129690982891
5.371956031398465
5.8559759271274086
6.358847467243014
6.880289433070837
7.42007268456118
7.97801294058852
8.553964786250441
9.147816714739822
9.75948702234443
10.38892039873482
11.036085080842666
11.700970462734112
12.383585074572887
13.08395486090736
13.802121702386
14.538142136115578
15.292086238759953
16.064036643501964
16.85408766763136
17.662344531896544
18.48892265639211
19.333947020561656
20.1975515771084
21.07987871152891
21.981078740353798
22.901309442473696
23.840735618766494
24.799528676159465
25.77786623278165
26.77593174149555
27.79391412944059
28.832007451665774
29.890410557139592
30.96932676578901
32.06896355531836
33.18953225683676
34.33124775842724
35.49432821591818
36.67899477029859
37.88547127125
39.11398400640478
40.3647614359935
41.63803393267689
42.93403352632043
44.25299365365174
45.59514891269386
46.960734822004895
48.34998758470379
49.763143857416686
51.20044052421042
52.66211447570232
54.14840239348894
55.659540540140206
57.1957645549624
58.757309255802134
60.34440844715605
61.95729473486942
63.596199347736004
65.26135196626927
66.95298055900959
68.67131122660817
70.41656805405812
72.18897297133584
73.98874562274762
75.81610324530074
77.67126055632049
79.55442965059773
81.46581990729184
83.40563790680864
85.37408735783552
87.37136903472036
89.39768072531922
91.45321718945327
93.53817012804242