0.018441624739733306
0.027159844857473466
0.03879639176776581
0.053994545865654185
0.07348514141942268
0.09809648525590818
0.12876557325366728
0.16655032604823963
0.21264243172574335
0.2683801847418101
0.33526035988964376
0.41494746872468713
0.5092773354147886
0.6202491246497482
0.7499948434946018
0.9007076829394924
1.0745042650244114
1.2732056743342157
1.498071825434562
1.7496038247321082
2.0275447441056924
2.3310861681445996
2.6591489239723125
3.0106071537048646
3.3844149149323988
3.7796568690125105
4.195556478323255
4.631465399556754
5.086846782463935
5.5612582256974985
6.054336571964805
6.565785104454283
7.095363049218968
7.642877067623861
8.208174385684195
8.791137239021625
9.391678363760846
10.009737315475375
10.645277443411523
11.298283384217852
11.96875896879207
12.656725458933012
13.362220048435034
14.08529457717895
14.826014417616479
15.584457501464142
16.36071346096218
17.15488286426776
17.96707652852256
18.79741489737347
19.646027472253262
20.513052288675595
21.398635430499883
22.30293057630531
23.22609857309939
24.16830703341793
25.129729952521085
26.11054734293398
27.110944884089832
28.13111358511768
29.1712494591718
30.231553207934475
31.31222991517197
32.41348874832301
33.53554266733363
34.67860814005127
35.84290486356989
37.02865549108383
38.236085363839685
39.465422247876745
40.71689607531203
41.99073869000706
43.28718359745854
44.60646571887849
45.94882114944157
47.31448692069074
48.703700767212574
50.116700897657246
51.55372577025432
53.01501387299395
54.5008035086797
56.01133258507018
57.546838410371265
59.10755749434763
60.69372535532454
62.30557633341139
63.94334341023599
65.60725803551603
67.29754996079117
69.01444708064322
70.75817528172902
72.52895829994729
74.32701758603358
76.15257217990641
78.00583859404577
79.88703070615755
81.79635966141181
83.7340337844499
85.70025850141059
87.69523627212286
89.71916653267219
91.77224564843179
93.85466687771898
95.96662034610486