0.03341040438836887
0.047958905567684916
0.06703555683935991
0.09160677911927467
0.12278739290709807
0.16186371463310756
0.21031982221191606
0.2698665605826335
0.3424719818772955
0.4303894709440348
0.5361732897750869
0.6626553099245022
0.8128240327237402
0.9895073077888403
1.1948026399731164
1.429479693934816
1.6928709588436326
1.983394544449771
2.2992175940604076
2.63865391628998
3.000294973698368
3.3830085400491807
3.7858955040839466
4.208242444282728
4.64948133648504
5.109158050242237
5.586908434133184
6.082440302698352
6.595519840397628
7.12596127033545
7.673618933727213
8.238381157415251
8.820165456817886
9.418914744254376
10.034594300225955
10.667189328409952
11.31670296045286
11.983154609936385
12.666578599056427
13.367022999694056
14.08454864392445
14.819228269206128
15.571145771169665
16.34039554277377
17.127081883225614
17.931318463416783
18.753227837505786
19.592940992283875
20.450596927702588
21.326342263229613
22.220330865736507
23.13272349545617
24.063687467192345
25.013396324485452
25.982029524858472
26.969772134607936
27.976814531841274
29.00335211675045
30.04958502819621
31.115717865906316
32.20195941765914
33.30852239097263
34.43562314882891
35.583481449149055
36.75232018768548
37.94236514413467
39.15384473129217
40.386989747125874
41.64203312967262
42.919209714745854
44.21875599642302
45.540909890365164
46.88591050003139
48.253997885886044
49.64541283774229
51.06039665039943
52.499190902758684
53.96203724064373
55.449177163572244
56.96085181572178
58.49730178140457
60.058766885319436
61.64548599794302
63.257696846335804
64.89563583076355
66.55953784743392
68.24963611773555
69.96616202431808
71.70934495437294
73.4794121504634
75.27658856926088
77.10109674849478
78.95315668246671
80.83298570641387
82.74079839002418
84.67680644037128
86.64121861450614
88.63424064195137
90.65607515727227
92.70692164291667
94.78697638246132
96.89643242438405
99.03547955644801
101.20430429075604