0.24250012837590088
0.35877525551795725
0.5559284619012553
0.7917565507006399
1.0515430857486112
1.3316069919514537
1.6302392409636166
1.9464500225238257
2.2796411841438835
2.6293683607104104
2.995286589424366
3.377213067222097
3.774960525713988
4.188397536095231
4.617422846710197
5.061959451875808
5.521949969111988
5.997353331759692
6.488140549538134
6.994293966776112
7.515812821758986
8.052693956946278
8.604950405669358
9.172608047278286
9.755688790543495
10.35423070129333
10.968264645977495
11.597873846503544
12.243085573053143
12.903971643217982
13.580604588057978
14.273064523627523
14.981436782533342
15.705812617652231
16.446291953926792
17.202982116173896
17.975994903556785
18.765452078916216
19.57147758744338
20.394207376102248
21.233779659022957
22.090340326509057
22.96404147000742
23.85502200881467
24.76350428395911
25.689599983975704
26.633503335707708
27.595395317543918
28.575461864138614
29.573893933572506
30.59088731541986
31.626642434416162
32.68136415024237
33.75526155391323
34.84854776123206
35.96143970367292
37.09415791708477
38.24692632849648
39.41997204135293
40.613525119428466
41.827818369661394
43.06308712415669
44.31956902156219
45.59750378804855
46.89713301808665
48.21869995525272
49.562449273278006
50.92862685755992
52.31747958738258
53.729255119081316
55.16420167043341
56.622567806531514
58.1046022274485
59.61055355799129
61.14067013987201
62.695199826647546
64.27438978175917
65.87848628006998
67.50773451325927
69.16237839947996
70.84266039766949
72.54882132693523
74.28110019141904
76.03973401104984
77.82495765860696
79.63700370349915
81.47610226266129
83.34248085895398
85.23636428746732
87.15797449006484
89.10753043854096
91.08524802669753
93.09133997166883
95.12601572474401
97.18948139196141
99.28193966468596
101.4035897603736
103.55462737368211
105.73524463804631
107.94563009784314
110.18596869117837
112.45644174337079
114.75722697108445
117.08849849713411