1.720593007640433
2.008439053197421
2.3114822122994885
2.629660763026649
2.962922111286099
3.3112235069213765
3.6745294639026653
4.052812481787082
4.446050855006289
4.854229582108409
5.277338712218693
5.715374312925021
6.168337357791681
6.636231961072949
7.119068115440253
7.61685866116831
8.129626122467323
8.65738939085922
9.200177510159524
9.758022064089865
10.33095970560064
10.919031288021715
11.522285967641722
12.1407730167107
12.774549154462798
13.423677826164514
14.088227021753124
14.768270252958418
15.463887931813519
16.17516594910269
16.902195856217265
17.64507778799693
18.40391483139202
19.178817874481542
19.96990435608843
20.777299138481087
21.601127338463687
22.44153587422301
23.298656245284587
24.172642013809547
25.063646016791342
25.971829524423654
26.89735776426693
27.840401629418903
28.80084311785131
29.779756567146258
30.776435770981486
31.791362427791995
32.82475970873975
33.87680590847141
34.947713124488516
36.03769413251366
37.146963399847294
38.27573764437513
39.424239941202835
40.59269576092257
41.78133376942709
42.99038561590386
44.220085719245176
45.47067105314851
46.742380930158426
48.03545678488771
49.350141956641544
50.68668147166729
52.04532182527921
53.42631076404652
54.82989706833058
56.256330335385265
57.705860763298716
59.17873893604249
60.67521560992906
62.19554150176883
63.73996707907075
65.30874235259849
66.90211667166754
68.52033852252238
70.16365533020965
71.83231326432386
73.52655704903047
75.24662977780028
76.99277273326696
78.76522521262235
80.56422435900559
82.39000499927425
84.24279948861563
86.12283756237413
88.03034619552265
89.9655494701567
91.9286684513682
93.91992107188042
95.93952202573841
97.98768267139218
100.06461094440135
102.17051128009795
104.30558454631088
106.47002798643932
108.66403517296334
110.88779597154902
113.1414965158165
115.42531919282763
117.73944263932792
120.08404174861631
122.4592876883242
124.86534792849336