2.0225241877958107
2.3169647532205917
2.626619177815071
2.951422235737777
3.291317990281155
3.6462608733150104
4.016215007762632
4.401150102341612
4.801044160911618
5.2158830752526075
5.645654765694115
6.090352413662873
6.549985762374694
7.024551177436867
7.5140625211342735
8.018532296605315
8.537981291646416
9.072432219531196
9.621913468551725
10.186473084348787
10.766098363795885
11.360890563986908
11.970869300314641
12.59609021335958
13.236614588029383
13.892501752569979
14.563825907640187
15.250659037989646
15.953082955168867
16.671186483639463
17.40506126106158
18.154809531693637
18.920534954427847
19.702352081659633
20.500379042460256
21.31474045184863
22.145568843830688
22.993001535760822
23.8571826031067
24.738261154541455
25.636395336279143
26.551743116651895
27.484475472855134
28.43476510364418
29.402783112404734
30.388733438273714
31.392785482939836
32.41513921944242
33.45599294642884
34.515549446864725
35.59402065030872
36.69161344895854
37.808547862147506
38.94503737465453
40.10130981563025
41.27759040549664
42.474108752943486
43.69109740190685
44.92879161738727
46.18742917004377
47.46725011977743
48.768496598539045
50.09141259261869
51.436243724588266
52.803237035161395
54.19264076519177
55.604704138032766
57.039677142526564
58.49781031688162
59.97935453369627
61.484560786456264
63.013679977776626
64.5669627097395
66.14465907666516
67.74701846066903
69.37428933037447
71.02671904319098
72.70455365152733
74.4080377133666
76.1374141076287
77.89292385472676
79.674805942756
81.48329715974144
83.31863193236528
85.18104217160455
87.07075712567949
88.98800324071613
90.93300402951276
92.90597994878341
94.9071482851933
96.93672305057258
98.99491488655158
101.08193097890403
103.19797498188035
105.34324695268992
107.51794329634382
109.7222567209978
111.9563762039121
114.22048696810133
116.51477046972896
118.83940439624632
121.19456267525005
123.58041549404373
125.9971293297495