0.
0.
0.
0.
0.
0.
0.
0.
0.
0.
0.
0.
0.
0.
0.
0.
0.
0.
0.
1.9859446137283985e-12
5.9578338411851955e-12
5.9578338411851955e-12
3.971889227456797e-12
4.096010765814822e-12
6.454319994617295e-12
7.571413839839519e-12
8.936750761777794e-12
1.8369987676987686e-11
4.3070173810234644e-11
1.016555399152224e-10
2.4588476748724733e-10
5.540785472302232e-10
1.196159265156286e-9
2.4949670425346586e-9
4.997257255832441e-9
9.651939065796733e-9
1.8032625335730574e-8
3.26695336250623e-8
5.750451574896607e-8
9.858092528855576e-8
1.6486530217481508e-7
2.6946413612912133e-7
4.3111853822815267e-7
6.761212980638279e-7
1.0407718836504898e-6
1.5743595784778016e-6
2.342841450935373e-6
3.433255495609078e-6
4.9589981569705015e-6
7.06598957030872e-6
9.939919156531951e-6
0.000013814574301512915
0.00001898131926973016
0.00002579995248759286
0.00003471080553863533
0.00004624832987947031
0.00006105608985277186
0.00007990336977674304
0.00010370323921441621
0.00013353231759093506
0.00017065212967659366
0.00021653207427750965
0.00027287409736326214
0.000341639017003962
0.00042507444773746554
0.0005257444107553222
0.000646560539298733
0.0007908148522060246
0.0009622141489839014
0.0011649157982670851
0.0014035651466846404
0.0016833342574403385
0.002009962094908944
0.002389796039939514
0.002829834643767529
0.0033377717177230193
0.00392204154934165
0.004591865271564902
0.005357298348041122
0.0062292791395251726
0.007219678391756382
0.008341349780603762
0.009608181384523235
0.01103514796901796
0.012638364267298143
0.014435139005794174
0.01644402980869852
0.018684898831225167
0.021178969322787605
0.023948882768831455
0.027018756981452122
0.030414244880252322
0.034162594040146585
0.03829270707140069
0.042835202728512795
0.04782247790482577
0.053288770409477715
0.05927022258142804
0.06580494584134593
0.07293308613357433
0.08069689029279944
0.0891407734566924
0.09831138740474578
0.10825769008619462
0.11903101622866359
0.13068514904541376
0.14327639324549343
0.15686364929664742
0.17150848901595458
0.18727523250246728
0.20423102659542886
0.2224459247791274
0.24199296868916584
0.2629482712706655
0.28539110150971
0.3094039712068369
0.3350727233161986
0.36248662235134615
0.39173844681282977
0.4229245836068322