0.
0.
0.
0.
0.
0.
0.
0.
0.
0.
0.
0.
0.
0.
0.
0.
0.
0.
0.
1.9859446137283985e-12
3.971889227456797e-12
5.9578338411851955e-12
1.9859446137283985e-12
0.
4.096010765814822e-12
2.358309228802473e-12
1.1170938452222242e-12
5.5854692261111204e-12
1.4149855372814838e-11
2.916856151413585e-11
7.211461378601247e-11
1.6210272909558052e-10
3.702545489219883e-10
7.911506854940507e-10
1.6427485601684596e-9
3.2707266572723144e-9
6.288121254755899e-9
1.1710494779464575e-8
2.1167687151577566e-8
3.719910092436171e-8
6.370823435763852e-8
1.065183735450131e-7
1.741541857409146e-7
2.78832829844385e-7
4.378001247595035e-7
6.749132231309892e-7
1.0227508016178264e-6
1.5250819624127437e-6
2.239953632387332e-6
3.243354879147449e-6
4.633557192986525e-6
6.536251877358197e-6
9.110485789083672e-6
0.00001255555641392905
0.00001711881340177728
0.000023104597551577627
0.00003088426834218654
0.00004090738405581373
0.00005371416668351172
0.00006994926464547061
0.00009037679942450544
0.00011589691369779322
0.00014756357880573804
0.00018660400115449338
0.0002344394390115247
0.00029270748654187706
0.0003632858976962476
0.00044831789881278895
0.000550239057082396
0.0006718055288731348
0.0008161239396322931
0.0009866826853524092
0.0011873846124069852
0.0014225813042636354
0.0016971086156186942
0.002016323673772531
0.002386143284564191
0.0028130834813412855
0.003304300600128313
0.0038676334541394523
0.00451164675980882
0.005245675837797176
0.006079872389263511
0.0070252514479399696
0.008093739405361592
0.009298223194770623
0.010652600377136145
0.012171830449398527
0.013871986965834037
0.015770310790290825
0.017885264236886845
0.02023658626127251
0.022845348488224244
0.025734012311275773
0.02892648685871776
0.0324481879523215
0.036326098009882776
0.04058882693900035
0.04526667398075656
0.050391690558285906
0.05599774422530871
0.06212058354532807
0.0687979041493608
0.07606941585676937
0.08397691096085037
0.09256433375526597
0.10187785117955518
0.1119659249087992
0.12287938461958656
0.13467150279942972
0.14739807089818355
0.16111747703694104
0.17589078527490248
0.1917818165633045
0.20885723135562723
0.22718661403680213
0.24684255923646112
0.2679007600270952
0.2904400982351336
0.3145427367641584