 0.00000000000000E+00
 0.00000000000000E+00
 0.00000000000000E+00
 0.00000000000000E+00
 0.00000000000000E+00
 0.00000000000000E+00
 0.00000000000000E+00
 0.00000000000000E+00
 0.00000000000000E+00
 0.00000000000000E+00
 0.00000000000000E+00
-0.66662663615582E-17
 0.52216075955706E-16
 0.74061464503345E-16
 0.89911962332371E-16
 0.73564677456244E-16
 0.26979136038148E-16
 0.58360663009380E-16
 0.12199349946054E-15
 0.34682029693382E-15
 0.87692495886903E-15
 0.22241572431595E-14
 0.52284885594187E-14
 0.11492563991680E-13
 0.23764895782779E-13
 0.46452441054058E-13
 0.86417870976485E-13
 0.15374551179064E-12
 0.26280789096925E-12
 0.43331620036703E-12
 0.69150885159717E-12
 0.10713304439731E-11
 0.16155948625786E-11
 0.23770940647598E-11
 0.34195694291196E-11
 0.48185369178679E-11
 0.66619219310905E-11
 0.90504868093231E-11
 0.12098020404364E-10
 0.15931296426155E-10
 0.20689817980578E-10
 0.26525319916739E-10
 0.33601079100987E-10
 0.42091047707058E-10
 0.52178810617710E-10
 0.64056434526758E-10
 0.77923196217159E-10
 0.93984253827491E-10
 0.11244925674102E-09
 0.13353094632636E-09
 0.15744375905865E-09
 0.18440245188690E-09
 0.21462077584104E-09
 0.24831021294042E-09
 0.28567878174503E-09
 0.32692993641736E-09
 0.37226155356572E-09
 0.42186502591313E-09
 0.47592444987908E-09
 0.53461592821092E-09
 0.59810697042860E-09
 0.66655599970035E-09
 0.74011195856209E-09
 0.81891401011419E-09
 0.90309133151835E-09
 0.99276299073926E-09
 0.10880379043868E-08
 0.11890148649921E-08
 0.12957826374393E-08
 0.14084201102415E-08
 0.15269965020044E-08
 0.16515716106550E-08
 0.17821961029576E-08
 0.19189118347183E-08
 0.20617521982799E-08
 0.22107424897900E-08
 0.23659002924765E-08
 0.25272358692825E-08
 0.26947525620325E-08
 0.28684471910301E-08
 0.30483104544649E-08
 0.32343273201821E-08
 0.34264774110110E-08
 0.36247353783022E-08
 0.38290712632020E-08
 0.40394508431458E-08
 0.42558359630520E-08
 0.44781848488431E-08
 0.47064524047845E-08
 0.49405904918977E-08
 0.51805481892752E-08
 0.54262720376644E-08
 0.56777062659224E-08
 0.59347929683941E-08
 0.61974724590798E-08
 0.64656831314416E-08
 0.67393619429949E-08
 0.70184444086419E-08
 0.73028647741792E-08
 0.75925561473110E-08
 0.78874506202247E-08
 0.81874793843735E-08
 0.84925728386810E-08
 0.88026606923964E-08
 0.91176720638254E-08
 0.94375355757130E-08
 0.97621794482451E-08
 0.10091531590358E-07
 0.10425519690062E-07
 0.10764071304445E-07
 0.11107113949056E-07
 0.11454575188108E-07
 0.11806382724070E-07
 0.12162464487965E-07
 0.12522748728836E-07
 0.12887164103218E-07
 0.13255639762988E-07
 0.13628105441286E-07
 0.14004491535612E-07
 0.00000000000000E+00
