-0.00000000000000E+00
-0.00000000000000E+00
-0.00000000000000E+00
-0.00000000000000E+00
-0.00000000000000E+00
-0.00000000000000E+00
-0.00000000000000E+00
-0.00000000000000E+00
-0.00000000000000E+00
-0.00000000000000E+00
-0.00000000000000E+00
-0.00000000000000E+00
 0.12832914176347E-16
 0.10673395394174E-16
-0.74853072303071E-17
-0.92682810945046E-18
 0.27682720932763E-17
-0.45679889758727E-17
-0.30018409396100E-16
-0.97405029996291E-16
-0.30845766276521E-15
-0.86795605835095E-15
-0.22132212567803E-14
-0.52190125559772E-14
-0.11491888481515E-13
-0.23756911155600E-13
-0.46460913078611E-13
-0.86419400587979E-13
-0.15372612568617E-12
-0.26280466467405E-12
-0.43331561718212E-12
-0.69150507393538E-12
-0.10713266048707E-11
-0.16155987649772E-11
-0.23770894170873E-11
-0.34195837197070E-11
-0.48185421915877E-11
-0.66619496009034E-11
-0.90505481100503E-11
-0.12098128325701E-10
-0.15931487273350E-10
-0.20690163938650E-10
-0.26525917599113E-10
-0.33602081796171E-10
-0.42092688494805E-10
-0.52181427596674E-10
-0.64060546311143E-10
-0.77929517357752E-10
-0.93993793278985E-10
-0.11246341765818E-09
-0.13355163414223E-09
-0.15747353846784E-09
-0.18444470879283E-09
-0.21467994232114E-09
-0.24839201664818E-09
-0.28579054648636E-09
-0.32708091982149E-09
-0.37246334210822E-09
-0.42213198479749E-09
-0.47627423382192E-09
-0.53507004229725E-09
-0.59869139931854E-09
-0.66730190511817E-09
-0.74105642244895E-09
-0.82010086731224E-09
-0.90457204214451E-09
-0.99459757912369E-09
-0.10902959602048E-08
-0.11917765952902E-08
-0.12991399592522E-08
-0.14124777945272E-08
-0.15318733477917E-08
-0.16574016496361E-08
-0.17891298180627E-08
-0.19271173877790E-08
-0.20714166570422E-08
-0.22220730425816E-08
-0.23791254340994E-08
-0.25426065495536E-08
-0.27125432871880E-08
-0.28889570583942E-08
-0.30718641076055E-08
-0.32612758243443E-08
-0.34571990145827E-08
-0.36596361702175E-08
-0.38685857015409E-08
-0.40840421476718E-08
-0.43059963677069E-08
-0.45344356980146E-08
-0.47693440975691E-08
-0.50107022544276E-08
-0.52584876951406E-08
-0.55126748521311E-08
-0.57732351298723E-08
-0.60401362368861E-08
-0.63133457998171E-08
-0.65928242372946E-08
-0.68785319380201E-08
-0.71704257076090E-08
-0.74684594989152E-08
-0.77725844416230E-08
-0.80827488668364E-08
-0.83988983424700E-08
-0.87209757176366E-08
-0.90489211736974E-08
-0.93826722863809E-08
-0.97221641045327E-08
-0.10067329231368E-07
-0.10418097921006E-07
-0.10774398186126E-07
-0.11136155910933E-07
-0.11503294975625E-07
-0.11875737379819E-07
-0.12253403370768E-07
-0.12636211570197E-07
-0.13024079097146E-07
-0.13416921674362E-07
-0.13814653726149E-07
-0.14217188450589E-07
-0.14624437867019E-07
