 0.00000000000000E+00
 0.00000000000000E+00
 0.00000000000000E+00
 0.00000000000000E+00
 0.00000000000000E+00
 0.00000000000000E+00
 0.00000000000000E+00
 0.00000000000000E+00
 0.00000000000000E+00
 0.00000000000000E+00
 0.00000000000000E+00
 0.00000000000000E+00
 0.35227679194311E-15
 0.12823064859470E-14
 0.30891949663471E-14
 0.19141780636825E-14
-0.12725487924331E-14
-0.37381927949094E-14
-0.30666112328394E-14
-0.87275434966695E-15
 0.59424716765861E-14
 0.21312928074602E-13
-0.54866912160165E-14
 0.19721958943218E-13
 0.14230140998830E-14
 0.43179121930611E-13
 0.68160009130646E-13
 0.82176492200825E-13
 0.14932485985108E-12
 0.24495390120083E-12
 0.50465893301604E-12
 0.61321981606262E-12
 0.11078344141356E-11
 0.16540310868494E-11
 0.24007040470408E-11
 0.34550900161054E-11
 0.47562786125926E-11
 0.66516766881135E-11
 0.90475417505429E-11
 0.12057822040286E-10
 0.16002216237541E-10
 0.20718323052933E-10
 0.26445910258516E-10
 0.33633358768277E-10
 0.42177402591245E-10
 0.52462260082126E-10
 0.64230674708536E-10
 0.78376518918228E-10
 0.94519353108515E-10
 0.11334136460926E-09
 0.13482615949221E-09
 0.15930265472389E-09
 0.18701737781812E-09
 0.21860115188445E-09
 0.25346649019835E-09
 0.29271826817211E-09
 0.33604668914642E-09
 0.38526807655311E-09
 0.43862539845985E-09
 0.49786727573886E-09
 0.56308791348843E-09
 0.63479067494410E-09
 0.71316971660939E-09
 0.79932630791789E-09
 0.89303330690718E-09
 0.99558268616196E-09
 0.11071195404759E-08
 0.12283604089728E-08
 0.13605448536555E-08
 0.15035691617917E-08
 0.16587754302486E-08
 0.18266067504146E-08
 0.20087411778502E-08
 0.22050060245785E-08
 0.24167034947341E-08
 0.26444602302234E-08
 0.28899076227168E-08
 0.31532004023518E-08
 0.34356348541237E-08
 0.37373684695344E-08
 0.40610941503171E-08
 0.44044152645326E-08
 0.47703017246442E-08
 0.51587908101575E-08
 0.55701646892682E-08
 0.60059064360294E-08
 0.64647417820776E-08
 0.69476006542571E-08
 0.74550227675749E-08
 0.79859557127029E-08
 0.85412164799487E-08
 0.91195988937010E-08
 0.97225957823153E-08
 0.10347281551543E-07
 0.12916278609698E-07
 0.11665046637889E-07
 0.12355241814700E-07
 0.13065919861728E-07
 0.13796123465431E-07
 0.14543794020429E-07
 0.15307603200681E-07
 0.16087943453298E-07
 0.16881464580023E-07
 0.17685736716958E-07
 0.18499894881049E-07
 0.19319698614882E-07
 0.20142269701715E-07
 0.20964082410763E-07
 0.21778161019148E-07
 0.22581131797784E-07
 0.23361874491882E-07
 0.24114303795045E-07
 0.24823325843666E-07
 0.25477607857747E-07
 0.26057212307865E-07
 0.26543320611185E-07
 0.26908354532368E-07
 0.27123973686144E-07
 0.27149842395350E-07
 0.26944332388767E-07
