3.971889227456797e-12
3.971889227456797e-12
3.971889227456797e-12
3.971889227456797e-12
3.971889227456797e-12
3.971889227456797e-12
3.971889227456797e-12
3.971889227456797e-12
3.971889227456797e-12
3.971889227456797e-12
3.971889227456797e-12
3.971889227456797e-12
3.971889227456797e-12
3.971889227456797e-12
3.971889227456797e-12
3.971889227456797e-12
3.971889227456797e-12
3.971889227456797e-12
3.971889227456797e-12
5.9578338411851955e-12
5.9578338411851955e-12
3.971889227456797e-12
3.971889227456797e-12
5.9578338411851955e-12
5.9578338411851955e-12
3.971889227456797e-12
8.067899993271618e-12
6.454319994617295e-12
7.32317076312347e-12
1.1791546144012365e-11
1.4273976911172864e-11
2.805146766891363e-11
6.839096763527172e-11
1.4596692910903729e-10
3.131586412772968e-10
6.518863194563468e-10
1.3032761527592614e-9
2.526245670200881e-9
4.75472376988086e-9
8.671254791229979e-9
1.540782716407342e-8
2.6662051168533898e-8
4.5062324500880943e-8
7.44816115225e-8
1.2055664365484407e-7
1.9135209373118745e-7
2.9821602163898927e-7
4.568291978051723e-7
6.88593650845734e-7
1.022263624579771e-6
1.496036157100044e-6
2.159949233015592e-6
3.078919782224583e-6
4.3361699308591515e-6
6.037349449938882e-6
8.315335907623727e-6
0.00001133570669135406
0.00001530305480820849
0.000020468159013810184
0.00002713608001203088
0.000035675223437357185
0.00004652750069226365
0.000060219531164292604
0.00007737503476868698
0.0000987284622310035
0.00012513977262510495
0.0001576106453837714
0.00019730190162545934
0.00024555240649925685
0.00030389926053201426
0.00037409943500545253
0.00045815294768156216
0.0005583273204552506
0.0006771836241491004
0.0008176039901764679
0.000982820508518044
0.0011764457133370111
0.0014025043698844097
0.0016654669351834485
0.001970284280285131
0.0023224239343780633
0.002727907724272598
0.0031933507990813416
0.003726002061196699
0.004333785935919201
0.005025345469186299
0.00581008678132896
0.006698224752982779
0.007700830026315029
0.00882987725255608
0.010098294550832913
0.011520014200770715
0.013110024519586328
0.014884422903938205
0.016860470084195556
0.019056645497414926
0.021492703808937464
0.024189732640944064
0.02717021134574148
0.030458071006734568
0.034078755622525034
0.038059284311165134
0.04242831484387712
0.04721620832851055
0.05245509505812843
0.05817894169427232
0.06442361964514538
0.07122697482253762
0.07862889867794758
0.08667140072121172
0.09539868241725533
0.10485721257900428
0.11509580436642966
0.1261656938691349
0.13812062035452985
0.15101690833090997
0.16491355133557675
0.17987229779342928
0.19595773870262523
0.213237397514462