3.971889227456797e-12
3.971889227456797e-12
3.971889227456797e-12
3.971889227456797e-12
3.971889227456797e-12
3.971889227456797e-12
3.971889227456797e-12
3.971889227456797e-12
3.971889227456797e-12
3.971889227456797e-12
3.971889227456797e-12
3.971889227456797e-12
3.971889227456797e-12
3.971889227456797e-12
3.971889227456797e-12
3.971889227456797e-12
3.971889227456797e-12
3.971889227456797e-12
3.971889227456797e-12
5.9578338411851955e-12
5.9578338411851955e-12
3.971889227456797e-12
1.9859446137283985e-12
3.971889227456797e-12
5.9578338411851955e-12
3.971889227456797e-12
7.943778454913594e-12
6.08195537954322e-12
6.206076917901245e-12
8.812629223419768e-12
6.454319994617295e-12
8.564386146703719e-12
2.2341876904444482e-11
4.0960107658148216e-11
9.222230300001251e-11
1.9760148906597564e-10
4.0587743043074146e-10
8.087759439408903e-10
1.5676550294618546e-9
2.9537202483059185e-9
5.4115749508715275e-9
9.633693199658103e-9
1.6754545855257992e-8
2.8438106260898877e-8
4.7230851897533995e-8
7.685754600974932e-8
1.2266298616077976e-7
1.9226674534734774e-7
2.9628146334214113e-7
4.493085496745212e-7
6.711633873356549e-7
9.883728591388042e-7
1.4360279858008583e-6
2.0600251885604636e-6
2.9197191388173516e-6
4.091123231998898e-6
5.67061325014319e-6
7.779306990379989e-6
0.000010568071576031168
0.000014223306899690505
0.000018973546530755107
0.000025096914937449942
0.00003292952132998086
0.00004287487911995905
0.00005541433957691537
0.00007111869979868919
0.0000906608956281839
0.0001148300373169245
0.0001445465940575741
0.00018087897637321555
0.00022506141123245491
0.00027851329743799154
0.00034285982109704544
0.00041995421073730646
0.0005119013120830793
0.0006210827101305253
0.000750183359920204
0.0009022196641943857
0.0010805691668685524
0.0012890016408842583
0.0015317117668036287
0.0018133533109161604
0.0021390747626424526
0.0025145564822488123
0.002946049319898579
0.003440414669920795
0.004005166022356994
0.004648511802889559
0.005379399789237735
0.006207562760825251
0.007143565580438128
0.008198853597280387
0.009385802371179405
0.010717768700191553
0.012209142957565934
0.013875402620026657
0.01573316720408983
0.017800254257786006
0.020095736795171373
0.022640001807841554
0.025454810074011965
0.028563357240961002
0.03199033609072391
0.0357620000753017
0.03990622812225402
0.04445259076119348
0.049432417495343044
0.054878865520929285
0.0608269898676431
0.0673138148891704
0.0743784071839753
0.08206195008510363
0.09040781960915929
0.09946166206726806
0.10927147327460253
0.11988767957245408
0.13136322058192426
0.1437536338414088
0.1571171414677593
0.17151473877062123