23.65228736564532
24.072551259613878
24.514352214671778
24.977378007124837
25.461327985408065
25.96591582776808
26.49086811443696
27.035928876057834
27.60085614681771
28.185424847009344
28.789424824723028
29.41267384995284
30.054988871629863
30.716215069635947
31.396210746294894
32.09485467341786
32.812035835162824
33.54766364516257
34.30166209784765
35.07396963969849
35.864541770566696
36.67334758259972
37.50037013912668
38.34560707233586
39.2090679767719
40.090784498137644
40.990786013503765
41.909124907704715
42.845862966297084
43.801073212549724
44.7748384998938
45.76723972343825
46.778429478618015
47.808473806553614
48.85751392907166
49.92568229996369
51.01310020502422
52.11998250848806
53.24642208996278
54.39260637220524
55.55870738323622
56.74489695727597
57.95137944513173
59.178334107892475
60.425956294246824
61.69445108344574
62.984027121698794
64.29489504741738
65.62727244247937
66.98137935441747
68.35744006663514
69.75568214240828
71.17633588956153
72.61963540384767
74.08581764610173
75.57511847845767
77.08778135477793
78.62404384133072
80.1841539629737
81.76835242375999
83.37688459440737
85.00999767666895
86.66793847978306
88.35095725776293
90.05921273985363
91.79318167309307
93.55288851256904
95.33864542894766
97.15069480441618
98.98929080996093
100.85465662655348
102.74703651748554
104.66666466323295
106.61377730373354
108.58860138589793
110.59136684827588
112.62230060897683
114.6816219403533
116.76955132354571
118.88630377742554
121.03209151939002
123.20712293008326
125.41160260291745
127.64573122831098
129.90970548918378
132.20371796795007
134.52795706522593
136.88260693042486
139.26784740435193
141.68385397388334
144.13079773876794
146.60884539052293
149.11815920337992
151.65889703716505
154.23121235199324
156.83525423453005
159.47116743568048
162.13909241932384
164.83916542195942
167.5715185227659
170.33627972382416
173.13357304010003
175.96351859878462
178.8262327475843