 0.53386139563669E+01
 0.10554794881591E+01
 0.33437586758389E+00
 0.13717910674117E+00
 0.66283902857600E-01
 0.35860539433825E-01
 0.21076300257854E-01
 0.13197067802388E-01
 0.86873360797780E-02
 0.59552360915532E-02
 0.42215265147811E-02
 0.30781172057609E-02
 0.22990429654211E-02
 0.17531887583407E-02
 0.13613791432642E-02
 0.10741288433277E-02
 0.85956667865618E-03
 0.69661671888554E-03
 0.57101149407033E-03
 0.47288822640649E-03
 0.39529994906640E-03
 0.33326940293953E-03
 0.28317519205555E-03
 0.24234508630186E-03
 0.20878163656916E-03
 0.18097399017140E-03
 0.15776675873008E-03
 0.13826739831145E-03
 0.12177989191233E-03
 0.10775671140978E-03
 0.95763711806443E-04
 0.85453606049454E-04
 0.76547214685999E-04
 0.68818069501574E-04
 0.62081539291044E-04
 0.56186135388406E-04
 0.51006867206893E-04
 0.46440054003828E-04
 0.42399250578048E-04
 0.38812045155014E-04
 0.35617493873346E-04
 0.32764077217298E-04
 0.30208083377028E-04
 0.27912253474449E-04
 0.25844723010654E-04
 0.23978140522141E-04
 0.22288943384294E-04
 0.20756769657092E-04
 0.19363964461864E-04
 0.18095177820782E-04
 0.16937022956105E-04
 0.15877787912575E-04
 0.14907204613149E-04
 0.14016245571510E-04
 0.13196952417415E-04
 0.12442294140477E-04
 0.11746044100524E-04
 0.11102675683751E-04
 0.10507272207214E-04
 0.99554522832058E-05
 0.94433011405113E-05
 0.89673166050558E-05
 0.85243581003428E-05
 0.81116045243742E-05
 0.77265161546008E-05
 0.73668055118902E-05
 0.70304067949849E-05
 0.67154513928654E-05
 0.64202452851218E-05
 0.61432519748602E-05
 0.58830926941650E-05
 0.56384672286121E-05
 0.54082336659235E-05
 0.51913439770847E-05
 0.49868319395933E-05
 0.47938111857083E-05
 0.46114757706073E-05
 0.44390851735244E-05
 0.42759595548482E-05
 0.41214738182678E-05
 0.39750528979186E-05
 0.38361669970308E-05
 0.37043275515168E-05
 0.35790832684664E-05
 0.34600178784353E-05
 0.33467451101635E-05
 0.32389079034387E-05
 0.31361763971216E-05
 0.30382424856232E-05
 0.29448214819157E-05
 0.28556485343831E-05
 0.27704771870283E-05
 0.26890781009153E-05
 0.26112374736558E-05
 0.25367561584300E-05
 0.24654478817840E-05
 0.23971394465245E-05
 0.23316681367090E-05
 0.22688822805110E-05
 0.22086393666643E-05
 0.21508072011620E-05
 0.20952602119237E-05
 0.20418816344823E-05
 0.19905616317014E-05
 0.19411970356419E-05
 0.18936909520137E-05
 0.18479523365751E-05
 0.18038949424618E-05
 0.17614384909949E-05
 0.17205067912186E-05
 0.16810280667919E-05
 0.16429346620046E-05
 0.16061628422695E-05
 0.15706522427208E-05
 0.15363459399300E-05
 0.15031901260042E-05
 0.14711338957729E-05
 0.14401290828874E-05
 0.14101300903974E-05
*********************
