 0.13817050593800E-09
-0.11126655977810E-08
-0.15690160243960E-08
 0.21301172975359E-08
 0.24815835997564E-07
-0.46846256344937E-07
 0.56699510551898E-09
 0.21679195235134E-08
-0.15700055399213E-07
-0.15353670265839E-08
 0.89253684958845E-07
 0.50567342434320E-08
 0.18024618566393E-07
-0.58797889187481E-08
-0.85829381168217E-08
 0.40217993223548E-07
-0.14764296584766E-07
-0.17543772039830E-09
-0.10417331223281E-07
-0.46121330491794E-07
-0.54276967010978E-07
-0.36249841959302E-07
-0.57587137129885E-08
 0.10752271723743E-08
 0.29274850462914E-07
 0.30018839288023E-07
-0.36672366599528E-07
 0.65745623672646E-09
 0.84558384085337E-09
-0.55895598196006E-06
-0.19306623534701E-05
-0.15353620105529E-05
 0.14971125548230E-05
-0.21505833051237E-07
-0.93358556032701E-09
 0.13253253723143E-07
-0.87799078641723E-08
-0.48552970145029E-07
 0.92340077372674E-07
 0.73443589331454E-07
-0.12487721683811E-06
 0.11404646400136E-07
-0.13545696143691E-07
-0.17582200271431E-06
-0.23555286908042E-07
-0.73341175128815E-06
 0.32737611919726E-07
 0.29472392821703E-07
-0.20271578274641E-06
 0.38817057598600E-06
 0.14737207606453E-05
-0.31284715183413E-08
 0.13016013471819E-06
-0.43849605522052E-07
 0.25570094022493E-07
-0.23280860634318E-07
 0.36870469042198E-07
-0.20410889220196E-08
 0.75757846067833E-07
-0.12378447134760E-07
 0.37292389789332E-06
 0.78574411350782E-07
 0.38560266688206E-07
-0.83242592975205E-07
-0.12707635462010E-05
-0.17855485745595E-07
 0.31874592276067E-06
 0.25970079068617E-08
-0.39501911396600E-05
-0.15327265021290E-05
-0.82635674900500E-05
-0.48919417106737E-05
-0.12714951800465E-04
 0.43276249254652E-05
 0.11239159995851E-04
 0.28406274377486E-07
 0.23174819457568E-06
 0.46100762671311E-07
-0.14701812377717E-06
 0.11498188472573E-06
-0.10725471075157E-06
 0.77086532318854E-07
-0.17525239673952E-06
 0.57566961971731E-06
-0.17564513002479E-05
-0.12778930122015E-06
 0.70818350266218E-06
-0.11873923920153E-05
-0.48166447886770E-06
-0.12274952254425E-06
 0.18070858543249E-06
 0.95451209248004E-07
 0.57668420463843E-07
 0.23126282183694E-06
 0.37528674109790E-06
 0.73922434874158E-06
 0.38269889384015E-05
-0.82243088090752E-06
-0.38676037691370E-06
 0.62108494377606E-06
 0.88313321545680E-06
 0.53463195232204E-06
 0.10268890817969E-06
-0.62775827992620E-07
-0.10691555121636E-05
-0.13138012076738E-06
-0.13015845244247E-05
 0.90728723774462E-05
-0.24923270939500E-06
 0.14026321787090E-08
-0.34724083368230E-07
 0.48525980701363E-07
 0.87638674016553E-06
-0.97689783094245E-09
-0.95188031030572E-07
 0.17215925843251E-07
 0.79632558520504E-07
 0.80389430697789E-08
 0.85393629583046E-08
 0.90576414299685E-08
