 0.20435193307165E-14
 0.93090069294673E-11
-0.30193960455260E-09
 0.13149477473908E-08
 0.59468940105534E-09
 0.60879381653032E-07
-0.47226602803931E-08
 0.67493605156187E-09
 0.41030856570086E-07
 0.53835017402595E-07
-0.10565305287150E-05
-0.29817800079722E-07
-0.90960911475039E-07
-0.95623219259052E-07
 0.80218469741848E-07
-0.37801715938618E-06
 0.45058838856180E-07
-0.64789969008460E-08
 0.56296136702262E-06
 0.19058346864631E-05
 0.72411330338078E-05
 0.72396488905986E-05
 0.26031091962515E-06
-0.19736625475989E-06
-0.13926542809218E-06
 0.87605892113100E-06
-0.27430139512212E-05
 0.16173918231902E-06
 0.63301004441620E-06
-0.23987183211077E-03
-0.48442909417454E-03
 0.15773560643068E-04
 0.26760333649035E-03
 0.27527179970128E-05
-0.44459197511668E-05
 0.60243248308673E-05
 0.38141093495414E-05
-0.11256656593619E-04
 0.39118783806941E-05
 0.94938513527276E-05
-0.14554699195465E-04
 0.38654616296916E-03
 0.56840058908160E-05
 0.58416062795575E-04
 0.31068138766968E-05
-0.15887716550461E-03
-0.13632666608396E-04
-0.55344282870543E-06
 0.14666023234082E-04
 0.27145443912092E-03
-0.22391928789686E-03
 0.18689215646646E-04
-0.46629209450029E-04
-0.26493510620364E-04
-0.25206970171372E-04
 0.23291051143915E-04
-0.16916689393890E-04
 0.25345913626378E-04
 0.46523377900719E-04
-0.48891039882600E-04
 0.25188717885173E-03
-0.24044798800710E-03
-0.10591764790556E-03
-0.17920037680725E-04
 0.19360123266520E-03
 0.21826228281610E-05
-0.13976852225696E-03
-0.38450409138194E-04
-0.67969253962751E-02
 0.10947157496941E-01
-0.13521647683702E-01
 0.11907795943555E-01
-0.46935291121753E-02
 0.13045595823876E-01
-0.28358374238249E-01
-0.13348997358536E-03
 0.47708166377827E-03
-0.25154004062632E-03
 0.44344132870823E-04
 0.22735241726988E-03
 0.12423821139232E-03
-0.32530228765070E-03
-0.54652227418429E-03
 0.12635894293437E-02
-0.21129683282463E-03
 0.17063752202552E-02
 0.61679525189019E-03
-0.82814306434253E-03
 0.20962611870855E-02
 0.26187998954560E-02
-0.43859300222428E-04
 0.24918097573331E-03
-0.75395811061097E-03
-0.24654939357998E-03
-0.78979749586211E-03
 0.18965349829944E-02
-0.11092482857749E-01
-0.58697680721935E-04
-0.21878336488003E-02
 0.15093394990475E-02
-0.49853049708394E-02
-0.27069990467089E-02
-0.35550125409700E-03
 0.45057476924509E-03
-0.63170374135280E-02
 0.71921645651978E-03
 0.42346336934212E-02
-0.10062438342266E-01
 0.82548764705937E-03
-0.89660369555072E-03
 0.15906377724849E-03
 0.43553651581107E-03
 0.20278774036803E-02
 0.21465818483583E-04
-0.74066005623470E-04
-0.49308507900974E-03
-0.86546774081182E-04
-0.35444211803485E-07
-0.30371590632042E-07
-0.23135467468635E-07
