0.
0.
0.
0.
0.
0.
0.
0.
0.
0.
0.
0.
0.
0.
0.
1.9859446137283985e-12
3.971889227456797e-12
1.9859446137283985e-12
8.067899993271618e-12
6.454319994617295e-12
6.08195537954322e-12
1.439809844953089e-11
3.33886938183087e-11
9.76836506877656e-11
2.770392736151116e-10
7.393920039987543e-10
1.8531345676853117e-9
4.361754979439353e-9
9.727280839580053e-9
2.0644390745860134e-8
4.184335652510392e-8
8.135794474753458e-8
1.5232083477912294e-7
2.7549582228562955e-7
4.827573183173952e-7
8.217127595193321e-7
1.36170574633361e-6
2.201487995285565e-6
3.4787667677142e-6
5.381902704154735e-6
8.164016485416077e-6
0.000012159724636083778
0.000017804738563669855
0.000025658455919809326
0.00003642984056161555
0.00005100650522108983
0.00007048733387256187
0.00009621851371878902
0.00012983307361051397
0.0001732939138807751
0.000228940262057797
0.0002995374990982549
0.00038833019304521224
0.0004990982427994443
0.0006362160160746323
0.0008047141387127377
0.0010103439917107365
0.001259644448268755
0.0015600108663748034
0.0019197659181400294
0.0023482322337908678
0.002855806444883288
0.0034540345907438995
0.004155688589377369
0.00497484359993885
0.005926956102504777
0.0070289425145452005
0.008299258205453885
0.009757976788365935
0.011426869505066559
0.01332948465943138
0.01549122699563263
0.017939436919207505
0.020703469548328236
0.023814773546990627
0.02730696959266467
0.03121592871771353
0.03557985028539874
0.04043933965396799
0.04583748566833802
0.05181993789770086
0.05843498365517251
0.06573362488376278
0.07376965490134312
0.08259973513891174
0.09228347180091061
0.1028834925615375
0.11446552336867152
0.12709846534498578
0.14085447181156802
0.1558090255837398
0.17204101644734834
0.18963281884159666
0.2086703699422897
0.22924324790693526
0.2514447504990356
0.2753719740082855
0.30112589239381626
0.32881143689748815
0.3585375757772082
0.39041739442961765
0.4245681757611462
0.4611114808398292
0.5001732298178344
0.5418837830682216
0.5863780226851313
0.6337954341784706
0.6842801884960327
0.7379812244280342
0.7950523313236944
0.8556522322912676
0.9199446679192623
0.9880984805756937
1.0602876994574029
1.1366916264543587
1.2174949230526073
1.3028876983755422
1.3930655985883988
1.4882298978597324
1.5885875911323362