0.
0.
0.
0.
0.
0.
0.
0.
0.
0.
0.
0.
0.
0.
0.
0.
1.9859446137283985e-12
0.
7.943778454913594e-12
1.241215383580249e-13
2.358309228802473e-12
5.337226149395071e-12
7.447292301481495e-12
2.0480053829074108e-11
6.13160399488643e-11
1.660746183230373e-10
4.3777666578875383e-10
1.0829604221737673e-9
2.5395266748051894e-9
5.628291156844639e-9
1.1893946413157737e-8
2.4054257647631794e-8
4.673076621948951e-8
8.749575481933891e-8
1.5843357230017896e-7
2.781466859803419e-7
4.746222685718719e-7
7.889124017928405e-7
1.2798601280618667e-6
2.030158815757679e-6
3.153734784199113e-6
4.8048478948375195e-6
7.189004565152283e-6
0.00001057583475764777
0.000015314217182274565
0.000021849628508575002
0.000030744150888815706
0.0000426988755232966
0.00005857911546843758
0.00007944236972288442
0.00010656907235269235
0.0001414961365853104
0.0001860533776544049
0.00024240272353855588
0.00031308012459868383
0.0004010401472196217
0.0005097031898915493
0.0006430050901204996
0.0008054491570460893
0.001002160339446195
0.0012389415653720653
0.001522331856100822
0.0018596663758874753
0.002259137935676639
0.002729860044361585
0.0032819312592234405
0.0039265005815978605
0.004675834005630789
0.00554338181958311
0.006543846698906591
0.0076932524184380605
0.00900901301701659
0.010510002473109048
0.012216624609936392
0.014150883319468174
0.016336452898871166
0.01879874859610279
0.021564997205649625
0.02466430771105976
0.02812774199834853
0.031988385585291816
0.03628141838125322
0.041044185489957336
0.04631626803981798
0.05213955413516078
0.058558309883904654
0.0656192505221822
0.0733716118055732
0.08186722153960237
0.09116057138144283
0.10130888894534483
0.11237221028675938
0.12441345272903734
0.1374984881161135
0.15169621660003058
0.16707864089627705
0.1837209410898525
0.20170155003947443
0.22110222939209087
0.24200814623810818
0.26450795043538594
0.28869385261999597
0.3146617029455752
0.3425110705006301
0.37234532355906896
0.40427171046065113
0.438401441410308
0.4748497709619943
0.5137360814094952
0.5551839669520003
0.599321318780039
0.6462804111026291
0.6961979880630115
0.749215351773217
0.8054784513710215
0.8651379733388456
0.9283494329968429
0.9952732674659611
1.0660749301331207
1.1409249867772646