0.
0.
0.
0.
0.
0.
0.
0.
0.
0.
0.
0.
0.
0.
0.
0.
1.9859446137283985e-12
1.9859446137283985e-12
7.943778454913594e-12
2.1100661520864233e-12
4.5924969192469216e-12
8.440264608345693e-12
1.3032761527592615e-11
3.413342304845685e-11
9.594594915075325e-11
2.622688105505066e-10
6.803101517403345e-10
1.6519335540069535e-9
3.805566366057043e-9
8.336871366893458e-9
1.7399233125489573e-8
3.476631877254442e-8
6.679116512737514e-8
1.2376617839370587e-7
2.2189406006725486e-7
3.859260102335342e-7
6.527318353756416e-7
1.075908084607341e-6
1.731629759598951e-6
2.7260909043157545e-6
4.2044849224397425e-6
6.362009317081972e-6
9.45688939143786e-6
0.00001382573518612053
0.000019901336411750587
0.000028233073615331406
0.000039510117364619006
0.00005458743295162345
0.00007451474018169545
0.00010056847702796282
0.0001342867462986982
0.00017750725921923053
0.0002324082945466309
0.00030155252166477444
0.00038793371111874904
0.0004950260973782957
0.0006268364699167837
0.0007879586253300882
0.0009836302271650688
0.0012197917737041342
0.0015031476548394195
0.0018412289331192514
0.0022424578632408818
0.00271621386153103
0.0032729008051404673
0.003924015456400345
0.004682216950403624
0.005561397011924656
0.006576750986700188
0.007744849338166127
0.009083709727441417
0.010612869299601913
0.012353457303841197
0.014328267888270383
0.016561832930837316
0.019080495002311057
0.021912480254545234
0.025087971344115997
0.02863918024449887
0.032600421046950497
0.03700818271645844
0.041901201714384426
0.04732053467658988
0.053309631055442154
0.05991440577758418
0.06718331195395925
0.07516741372835546
0.08392045920067134
0.09349895360897482
0.10396223267440978
0.11537253625206205
0.12779508235890674
0.14129814141127273
0.15595311098870643
0.1718345910428116
0.1890204594811841
0.20759194831883054
0.22763372035499335
0.24923394636867957
0.2724843828996714
0.2974804506454272
0.32432131336539205
0.3531099574739337
0.38395327227374676
0.41696213065309806
0.452251470649441
0.48994037745974306
0.5301521662595892
0.573014465632343
0.6186593017246663
0.6672231832020032
0.7188471869196236
0.7736770445234619
0.8318632299390454
0.8935610478690336
0.9589307233640375
1.0281374926777231
1.101351695444059
1.1787488683116252
1.260509840304951