 0.00000000000000E+00
 0.00000000000000E+00
 0.00000000000000E+00
 0.00000000000000E+00
 0.00000000000000E+00
 0.00000000000000E+00
 0.00000000000000E+00
 0.00000000000000E+00
 0.00000000000000E+00
 0.00000000000000E+00
 0.00000000000000E+00
 0.00000000000000E+00
 0.00000000000000E+00
 0.00000000000000E+00
 0.00000000000000E+00
 0.00000000000000E+00
 0.00000000000000E+00
 0.00000000000000E+00
 0.37522751936944E-08
 0.12592465010186E-07
-0.13885172220565E-07
-0.28159004350151E-08
-0.75677464703799E-08
-0.39674394441038E-08
-0.50283011219085E-07
-0.13522767264981E-07
-0.12376124609590E-07
-0.13550531170895E-07
-0.23291417902540E-07
-0.24301512578358E-07
 0.75403515878345E-08
 0.47433208640330E-08
 0.86491322760351E-07
 0.14165774556932E-06
 0.28008689504685E-07
 0.23985275856121E-06
-0.12918344226844E-06
-0.19592676796727E-06
-0.47639088394685E-07
-0.21862671713679E-06
-0.83664187793091E-06
-0.51853121443781E-06
-0.11137132527599E-05
-0.13590884712662E-05
-0.21831160186972E-05
-0.26733026080821E-05
-0.38111110691498E-05
-0.51653588782705E-05
-0.64111216113544E-05
-0.88588036348206E-05
-0.10994332041232E-04
-0.14423233357789E-04
-0.18615586791512E-04
-0.23424153431589E-04
-0.29422037071742E-04
-0.36290990893076E-04
-0.44330863112394E-04
-0.54193117291750E-04
-0.65834317370553E-04
-0.79022951266996E-04
-0.94403141294941E-04
-0.11283501994377E-03
-0.13294147821507E-03
-0.15612779220176E-03
-0.18254115870738E-03
-0.21242117745521E-03
-0.24589104852792E-03
-0.28296508302308E-03
-0.32515188489403E-03
-0.37207473870732E-03
-0.42306798209449E-03
-0.47921131053951E-03
-0.54184669287897E-03
-0.60986988330986E-03
-0.68503017768589E-03
-0.76660605348234E-03
-0.85486392032376E-03
-0.95062270942078E-03
-0.10545163763449E-02
-0.11674637548266E-02
-0.12872876409234E-02
-0.14179488113796E-02
-0.15564478021006E-02
-0.17059516984697E-02
-0.18656354068134E-02
-0.20361860609214E-02
-0.22172474777805E-02
-0.24105803819131E-02
-0.26162417016683E-02
-0.28341356384745E-02
-0.30654571230033E-02
-0.33105024632319E-02
-0.35695156839163E-02
-0.38440457123789E-02
-0.41343268700476E-02
-0.44387652189846E-02
-0.47613925232066E-02
-0.50995574568751E-02
-0.54562913509978E-02
-0.58314894608416E-02
-0.62257082108531E-02
-0.66396193571332E-02
-0.70743880200028E-02
-0.75295398880970E-02
-0.80065919268422E-02
-0.85067583959188E-02
-0.90276839838520E-02
-0.95752610330838E-02
-0.10147016326133E-01
-0.10740730108527E-01
-0.11364105338438E-01
-0.12013811958765E-01
-0.12687177236328E-01
-0.13391603362234E-01
-0.14122731960680E-01
-0.14883274497066E-01
-0.15672695398225E-01
-0.16491852863254E-01
-0.17341262651978E-01
-0.18221479829155E-01
