 0.00000000000000E+00
 0.00000000000000E+00
 0.00000000000000E+00
 0.00000000000000E+00
 0.00000000000000E+00
 0.00000000000000E+00
 0.00000000000000E+00
 0.00000000000000E+00
 0.00000000000000E+00
 0.00000000000000E+00
 0.00000000000000E+00
 0.00000000000000E+00
 0.00000000000000E+00
 0.00000000000000E+00
 0.00000000000000E+00
 0.00000000000000E+00
 0.00000000000000E+00
 0.00000000000000E+00
 0.11464828636057E-06
-0.21127860137893E-06
 0.11128968843072E-06
-0.16185736890263E-06
-0.85472969442126E-08
-0.65858702107917E-06
 0.11683621446038E-06
 0.48070518871714E-06
-0.78315201393894E-06
-0.52857299161906E-06
-0.43719267899833E-06
 0.50939110771229E-06
 0.89648879677996E-07
-0.85173604164650E-06
 0.10556281932285E-05
-0.64959370883339E-05
-0.57297385820159E-05
 0.12510705575280E-04
 0.20446279644798E-05
 0.11091280949314E-05
-0.14895361263303E-04
-0.10687382843354E-04
 0.20814425501023E-05
-0.23102919917480E-04
-0.20381557819169E-04
 0.16176324722276E-04
 0.12588686199554E-04
 0.12921927053845E-04
-0.17843603314094E-05
-0.16190807534577E-04
-0.24989049637087E-04
 0.63646285982667E-04
 0.41534696297893E-04
 0.43805673851842E-04
 0.59289608706869E-04
 0.97201281712426E-04
 0.20394505837972E-04
-0.39421283335313E-05
 0.40955930641007E-04
 0.42729639155975E-04
 0.16296522128452E-03
 0.11188565146445E-03
 0.60860241813137E-04
-0.86313039679996E-05
 0.22624648846678E-03
 0.21305588441575E-03
 0.21087366014753E-03
 0.27262829270244E-03
 0.23237765085619E-03
 0.47215592745178E-03
 0.30772214076130E-03
 0.66118149186688E-04
 0.26237286036599E-03
 0.47344259074094E-03
 0.68418378086521E-03
 0.56604690560006E-03
 0.68306120149983E-03
 0.68494331085605E-03
 0.86396996361518E-03
 0.12665311470312E-02
 0.11300979928237E-02
 0.10264270425193E-02
 0.15809148877821E-02
 0.15675534289236E-02
 0.17403616104689E-02
 0.24262236524890E-02
 0.24127164888718E-02
 0.23254356823268E-02
 0.20788194650850E-02
 0.25610362670072E-02
 0.35200612652290E-02
 0.37759824245147E-02
 0.35005721694463E-02
 0.46951600156920E-02
 0.46669825917711E-02
 0.54566395148370E-02
 0.56341742154970E-02
 0.66644166042646E-02
 0.58546942145537E-02
 0.74009507118347E-02
 0.75014010799781E-02
 0.87999208476157E-02
 0.10281754653574E-01
 0.10604381223978E-01
 0.11442791948676E-01
 0.13286544671281E-01
 0.13558927197476E-01
 0.17651211100317E-01
 0.13503056652472E-01
 0.13015874730968E-01
 0.20911967960420E-01
 0.20933925813439E-01
 0.17476046135892E-01
 0.21199376471927E-01
 0.26607378381131E-01
 0.19112256193155E-01
 0.27671912032807E-01
 0.27233410093676E-01
 0.29723923924242E-01
 0.33569395220215E-01
 0.34096977594595E-01
 0.36246101307138E-01
