0.
0.
0.
0.
0.
0.
0.
1.9859446137283985e-12
1.241215383580249e-13
1.7377015370123486e-12
2.3458970749666705e-11
2.1150310136207445e-10
1.3371613327310022e-9
6.6817106528891966e-9
2.727645278340612e-8
9.444879515507875e-8
2.852451967590373e-7
7.683582474053666e-7
1.8787562321193287e-6
4.229501246131187e-6
8.86772491247382e-6
0.00001747972395717014
0.00003264754549454218
0.00005815639462113012
0.00009934960116297778
0.0001635256765330615
0.0002603702563124115
0.00040241469830396004
0.0006055129101926069
0.0008893278495002832
0.0012778200545417464
0.0017997312532166516
0.002489057463672184
0.0033855070242526262
0.004534940389374334
0.0059897896209788574
0.0078094567229733645
0.01006069079470291
0.012817944668745985
0.016163712602177863
0.02018885055271324
0.024992881260634894
0.03068428605431023
0.037380785509966055
0.04520961069262451
0.054307766397405914
0.06482228763948866
0.07691048972301386
0.09074021216671836
0.10649005578103796
0.12434961196552069
0.14451968256220474
0.16721248818071183
0.192651862589457
0.22107343020448333
0.2527247637194717
0.2878655186857598
0.326767541757991
0.36971494960996776
0.41700417551436225
0.46894398101212653
0.5258554302655075
0.5880718253316437
0.6559386006856952
0.7298131760197744
0.8100647663979358
0.8970741493937441
0.9912333887908887
1.0929455146172211
1.202624159204765
1.3206931484434647
1.4475860474444717
1.583745658537162
1.7296234694061574
1.8856790476337852
2.0523793772184487
2.230198131351746
2.4196148747322916
2.621114187830668
2.8351847050028622
3.0623180584501943
3.303007720914435
3.5577477419437957
3.8270313758682186
4.111349604410985
4.411189563149957
4.727032888891548
5.0593540138366455
5.40861844183406
5.775281050717492
6.159784472157392
6.562557604734587
6.984014316482314
7.424552388987157
7.884552746319237
8.364378998602188
8.864377314040375
9.384876615444009
9.926189080318785
10.488610908916316
11.07242331364092
11.677893676706761
12.305276820975086
12.954816340837109
13.62674594529881
14.321290772622508
15.038668644212093
15.77909123390046
16.54276513674258
17.329892828351745
18.140673511605797
18.975303852037346
19.833978606660537
20.71689115307906
21.62423392739727
22.556198779971353
23.51297725835146
24.494760826598128
25.50174102967073
26.534109611058792