0.
0.
0.
0.
5.9578338411851955e-12
5.9578338411851955e-12
6.82668460969137e-12
3.351281535666672e-11
4.887906180539021e-10
4.671314096104267e-9
3.051453547609027e-8
1.4859818160068904e-7
5.766183979883487e-7
1.8695361118854796e-6
5.245134422253411e-6
0.00001307414675151964
0.00002954638151906384
0.00006150421527594276
0.00011941754268850636
0.0002184624125661752
0.000379660421134001
0.0006310366400021855
0.0010087589149821506
0.0015582290423615786
0.0023351055858628106
0.0034062465805955256
0.004850568624521052
0.006759825101010787
0.009239311310326698
0.012408507436691146
0.016401671983787995
0.021368398722006823
0.027474149435338463
0.03490077304977945
0.043847019462863894
0.05452905361721829
0.06718097201186334
0.08205532080251969
0.09942361123416951
0.11957682497211071
0.142825899128217
0.16950217845456853
0.1999578200389972
0.23456613465632162
0.2737218482908149
0.3178412669678701
0.3673623286605099
0.42274452680941904
0.48446869080742483
0.5530366103400759
0.6289704908797207
0.7128122285172105
0.8051224917245368
0.9064795968769954
1.0174781618313942
1.138727518882991
1.2708498639774435
1.4144781142517906
1.57025344155864
1.7388224460406254
1.9208339340618754
2.116935270162801
2.3277682866084857
2.553964759004951
2.796141494882742
3.0548951338514745
3.33079682041301
3.6243869762579166
3.936170455852096
4.266612402935504
4.616135121033515
4.9851162203039845
5.373888206219698
5.782739547199904
6.211917120297384
6.661629812747859
7.1320529735115095
7.6233333733521125
8.135594342938724
8.668940804959366
9.223463983252355
9.799245644063713
10.396361791323983
11.014885792100047
11.654890948072808
12.316452554851399
12.99964950519984
13.704565497821571
14.431289912955107
15.17991841201984
15.950553312429813
16.74330378205383
17.558285890877432
18.39562255124732
19.255443372410603
20.137884450210816
21.04308810871964
21.971202607161246
22.922381822747763
23.89678491775018
24.89457599730791
25.91592376309597
26.961001166760123
28.029985066178785
29.123055886854505
30.24039729026122
31.38219585047563
32.54864074014745
33.739923426560665
34.9562373784207
36.19777778378391
37.46474127949009
38.757325692340686
40.07572979225501
41.42015305753836
42.790795452411466
44.18785721690779
45.61153866920757
47.06204002053043
48.539561202610926