0.
0.
0.
0.
0.
0.
0.
0.
0.
0.
0.
0.
0.
0.
0.
0.
1.9859446137283985e-12
5.9578338411851955e-12
5.9578338411851955e-12
4.096010765814822e-12
6.33019845625927e-12
3.5995246123827223e-12
1.216391075908644e-11
2.6934373823691405e-11
7.07492768640742e-11
1.904024398412102e-10
4.896594688224083e-10
1.2129156728346193e-9
2.817310677650449e-9
6.2292876455741955e-9
1.3119274239828159e-8
2.64393771287196e-8
5.122831016189255e-8
9.566655156790934e-8
1.7278102916205976e-7
3.026161301737813e-7
5.152011989857226e-7
8.545113795442868e-7
1.3834527087047045e-6
2.190213042984199e-6
3.3960793571693125e-6
5.164955507998739e-6
7.714829202484531e-6
0.000011331190280937827
0.00001638285832317566
0.00002334007447983048
0.00003279524702214977
0.000045486290411339675
0.0000623227300440263
0.00008441465074628231
0.00011310451098573123
0.00015000173579253086
0.00019702033303278801
0.0002564191701030266
0.0003308451294996161
0.00042337894168978265
0.000537583507736558
0.0006775548252488739
0.0008479752295707116
0.001054168706434605
0.0013021584800111843
0.001598726336798436
0.0019514737434395523
0.0023688845339335167
0.002860389049067685
0.003436429481691111
0.00410852640511438
0.004889346178800469
0.005792769252199067
0.006833959157579543
0.008029432030008101
0.009397126647145928
0.01095647479573523
0.012728472004740303
0.014735748379275283
0.01700263966006073
0.01955525836380747
0.02242156495276898
0.025631439096019594
0.02921675089573045
0.033211432134670205
0.0376515475199821
0.04257536597611317
0.04802343194730082
0.05403863678297252
0.060666290177759104
0.06795419178465748
0.07595270294188876
0.08471481866227341
0.09429623984205328
0.10475544572403866
0.11615376678574753
0.1285554579357385
0.14202777218446047
0.15664103474878294
0.17246871765822555
0.189587514936615
0.20807741832143667
0.22802179357561816
0.24950745747863012
0.27262475539959286
0.2974676395803582
0.324133748064396
0.35272448440392196
0.38334509798577215
0.41610476516059175
0.4511166710684695
0.48849809228886376
0.5283704802103091
0.5708595452889573
0.6160953420620253
0.664212355138577
0.7153495861050791
0.769650641364229
0.8272638211844622
0.8883422097271663
0.9530437665226411
1.0215314191734968
1.0939731576624467
1.1705421303136478