0.
0.
0.
0.
0.
0.
0.
0.
0.
0.
0.
0.
0.
0.
0.
1.9859446137283985e-12
3.971889227456797e-12
5.9578338411851955e-12
5.9578338411851955e-12
4.2201323041728465e-12
6.82668460969137e-12
7.695535378197545e-12
1.9362959983851884e-11
4.989685841992601e-11
1.3777490757740764e-10
3.709992781521364e-10
9.4704733767173e-10
2.277257864254683e-9
5.188528546442157e-9
1.1251865695231673e-8
2.3254790819067755e-8
4.605318674159306e-8
8.771805649453813e-8
1.6125634432551715e-7
2.86932753194553e-7
4.954985183513848e-7
8.324202281473255e-7
1.3633286354476412e-6
2.1809502249411542e-6
3.4137008919700014e-6
5.236191713657792e-6
7.881842303759093e-6
0.000011657846891268482
0.000016962626181078304
0.00002430600715780646
0.000034332231495361816
0.000047845939283905646
0.00006584118144647047
0.00008953360383324865
0.00012039575917864748
0.00016019555176185105
0.0002110378907332701
0.00027540931590359246
0.000356225690948411
0.00045688279149949066
0.0005813095668139717
0.0007340241544592941
0.0009201922194221695
0.0011456876970793884
0.0014171555994409587
0.0017420767202045368
0.002128834139448045
0.002586781275000779
0.003126311250495791
0.0037589275485766837
0.004497315575901226
0.0053554152017543126
0.006348493907711259
0.007493220533332721
0.008807739487935997
0.010311745224262769
0.012026556965478904
0.01397519353159562
0.016182448245576655
0.01867496378247368
0.02148130705306747
0.024632043844106756
0.028159813476296473
0.03209940330105208
0.03648782300337608
0.04136437886849104
0.04677074790511225
0.05275105186520296
0.059351931307296345
0.06662261952427673
0.0746150165940411
0.0833837634976828
0.09298631629042682
0.10348302050976138
0.114937185743438
0.1274151604803447
0.14098640723779762
0.15572357803264958
0.17170259022463896
0.18900270273533032
0.20770659269626748
0.22790043262613247
0.249673967961899
0.2731205951184958
0.2983374400887706
0.32542543747974156
0.35448941008828083
0.38563814899339205
0.4189844941397607
0.4546454154870506
0.492742094602935
0.5334000069251422
0.5767490044348409
0.6229233989905993
0.6720620463056672
0.7243084304506636
0.7798107491719918
0.8387219999301588
0.9012000667816253
0.9674078082322788
1.03751314608723
1.111689155570621
1.1901141567068816
1.2729718072259477
1.360451197186076