0.
0.
0.
0.
0.
0.
0.
0.
0.
0.
0.
0.
0.
0.
0.
1.9859446137283985e-12
3.971889227456797e-12
5.9578338411851955e-12
6.08195537954322e-12
6.57844153297532e-12
8.564386146703719e-12
1.625992152490126e-11
4.207720150337044e-11
1.19653162977136e-10
3.3463166741323516e-10
8.849865684927176e-10
2.1917381243260037e-9
5.151664449549824e-9
1.142178808124381e-8
2.4100058495285905e-8
4.8596312941010625e-8
9.405334393387009e-8
1.7532167293071018e-7
3.157884043104883e-7
5.512093537495391e-7
9.34776806511194e-7
1.543684802095691e-6
2.4874689845239886e-6
3.918373233221427e-6
6.044007329256406e-6
9.142481963363143e-6
0.00001358043490695741
0.00001983396026181293
0.000028512757174199696
0.00004038760066199644
0.000056421261158746397
0.00007780296400398703
0.00010598647973681975
0.00014273168929606768
0.00019014982681749319
0.0002507521632041804
0.0003275020728776887
0.0004238703967007789
0.0005438939224608184
0.0006922367977245296
0.000874254660457943
0.0010960613866248645
0.001364598093818424
0.0016877042898369278
0.002074190808237501
0.0025339145457620974
0.0030778544630725344
0.00371818888938228
0.004468373805538332
0.005343221929797084
0.0063589824425778745
0.007533421130871447
0.008885900917921678
0.010437462473710421
0.012210904929952679
0.014230866555248774
0.016523905248150218
0.019118578881652092
0.02204552536257827
0.02533754241566505
0.02902966702581408
0.03315925461559405
0.037766057844792277
0.04289230515253825
0.0485827789557346
0.05488489368563363
0.061848773524660255
0.06952733002519546
0.07797633956563634
0.08725452074700195
0.09742361178507078
0.10854844785435909
0.1206970385455463
0.1339406454007246
0.14835385961571615
0.16401467988537832
0.18100459047667186
0.19940863951074986
0.21931551751774167
0.24081763618144275
0.26401120745140433
0.2889963227421564
0.3158770325870877
0.3447614263808248
0.3757617123954226
0.4089942980848902
0.44457987049360514
0.4826434769399064
0.5233146058521079
0.5667272678160152
0.6130200768195474
0.662336331684534
0.7148240977609052
0.770636288897921
0.8299307497163951
0.8928703382553939
0.9596230091763646
1.0303618974360709
1.1052654027385156
1.1845172747853367
1.2683066995030394
1.3568283864763193
1.4502826577603722
1.5488755382285921
1.6528188478347148