0.
0.
0.
0.
0.
0.
0.
0.
0.
0.
0.
0.
0.
0.
0.
1.9859446137283985e-12
3.971889227456797e-12
5.9578338411851955e-12
6.08195537954322e-12
6.57844153297532e-12
8.936750761777794e-12
1.7625258446839536e-11
4.629733380754329e-11
1.326859245047286e-10
3.706269135370624e-10
9.7720887149273e-10
2.416894594907461e-9
5.641323918372232e-9
1.2488116217277602e-8
2.627429548270343e-8
5.2843503740545524e-8
1.0199476407955488e-7
1.8965646939567847e-7
3.4082917994498966e-7
5.936106365895623e-7
1.0046147830406436e-6
1.6557865348006634e-6
2.663192935360517e-6
4.187856359945918e-6
6.448935105797171e-6
9.739584511191331e-6
0.000014445606588945114
0.000021067255201787478
0.000030244222472760324
0.00004278408682120246
0.0000596942972213614
0.00008221769306302527
0.00011187173313608548
0.0001504913206643087
0.00020027527229923194
0.00026383626189652404
0.00034425422207016255
0.0004451330092742189
0.0005706602205787453
0.0007256698960231858
0.0009157079950861692
0.0011471004463189133
0.0014270233506114432
0.0017635754105785968
0.0021658520756780582
0.0026440213959854856
0.0032094011561591886
0.0038745372323743194
0.004653282878803268
0.005560878831436385
0.006614033858367881
0.007831005841197785
0.009231683058131405
0.010837665619624157
0.012672346872003042
0.014760994734062484
0.017130832848719087
0.019811121550470018
0.02283323844497159
0.026230758740374758
0.030039535257806466
0.034297778015369346
0.039046133523558874
0.04432776380004171
0.050188424979177235
0.05667654578612246
0.06384330563261452
0.07174271271349784
0.08043168182323322
0.08997011213690805
0.1004209649936048
0.11185034160194555
0.12432756088080456
0.13792523735959936
0.1527193591933943
0.16878936639620953
0.18621822920751277
0.20509252665631214
0.22550252545218544
0.24754225896642157
0.2713096065397257
0.2969063729870294
0.32443836831901696
0.35401548766386015
0.38575179142887916
0.41976558557974725
0.4561795021403834
0.49512057981634555
0.5367203448041584
0.581114891671266
0.628444964523698
0.6788560381953337
0.7324983997518132
0.7895272301566763
0.8501026862908748
0.9143899832900363
0.9825594773569893
1.0547867491098728
1.1312526876558597
1.2121435754641003
1.2976511742151284
1.3879728118706312
1.4833114711177406
1.5838758793868144
1.6898806007960783