-0.44925086651056E-14
-0.89850173302113E-14
-0.13477525995317E-13
-0.19743810844248E-13
-0.19168506956622E-12
-0.96100610537114E-12
-0.95101127664796E-11
-0.50719184100640E-10
-0.19721446617146E-09
-0.56700643230275E-09
-0.13305360537232E-08
-0.26762940573142E-08
-0.48159201952691E-08
-0.79513256575866E-08
-0.12289843668989E-07
-0.18072392220739E-07
-0.25604281387641E-07
-0.35256135056868E-07
-0.47743486363390E-07
-0.63383268787429E-07
-0.83516573266080E-07
-0.10926439521241E-06
-0.14221337180178E-06
-0.18433763131929E-06
-0.23809077634387E-06
-0.30643467402554E-06
-0.39293162868665E-06
-0.50181054920944E-06
-0.63801038232238E-06
-0.80721477798798E-06
-0.10158092146157E-05
-0.12707634349619E-05
-0.15792236452443E-05
-0.19477586982089E-05
-0.23807513277505E-05
-0.28775129037976E-05
-0.34272061263994E-05
-0.40004811667291E-05
-0.45369183291291E-05
-0.49283518721293E-05
-0.50013999444858E-05
-0.45093261634928E-05
-0.31555668578083E-05
-0.68601447610609E-06
 0.29199441685914E-05
 0.72131520216545E-05
 0.11201127515420E-04
 0.13667524585711E-04
 0.13801712257679E-04
 0.11670764222396E-04
 0.81374861731978E-05
 0.43306497728387E-05
 0.11145157192873E-05
-0.11279853626534E-05
-0.24129591509200E-05
-0.29589208749681E-05
-0.30237339136413E-05
-0.28209038218160E-05
-0.24973755963811E-05
-0.21418357788026E-05
-0.18016122618295E-05
-0.14981150943888E-05
-0.12380267236828E-05
-0.10204329494169E-05
-0.84100997043176E-06
-0.69429917001882E-06
-0.57484714351032E-06
-0.47774558355786E-06
-0.39878767474264E-06
-0.33446922170356E-06
-0.28194333151229E-06
-0.23889801073127E-06
-0.20349806314293E-06
-0.17426097291022E-06
-0.15000700899565E-06
-0.12980361630902E-06
-0.11289980189788E-06
-0.98688231963357E-07
-0.86688520798641E-07
-0.76509677076432E-07
-0.67841152696103E-07
-0.60424968925751E-07
-0.54053739015725E-07
-0.48556788569621E-07
-0.43794975512209E-07
-0.39653429265081E-07
-0.36039069812909E-07
-0.32870565033650E-07
-0.30081937159582E-07
-0.27621262074268E-07
-0.25442723858633E-07
-0.23506021716975E-07
-0.21779927101847E-07
-0.20232206515305E-07
-0.18844607114414E-07
-0.17595724818424E-07
-0.16467978184275E-07
-0.15449016381713E-07
-0.14516132620506E-07
-0.13672592292545E-07
-0.12902334641010E-07
-0.12198151210961E-07
-0.11546441858176E-07
-0.10952095171096E-07
-0.10400325736067E-07
-0.98907015657181E-08
-0.94176917625765E-08
-0.89807429056980E-08
-0.85698992420217E-08
-0.81896821116416E-08
-0.78345323565644E-08
-0.74982516018457E-08
-0.71853051641967E-08
-0.68902879133420E-08
-0.66119610935149E-08
-0.63504812594607E-08
-0.61021638179613E-08
-0.58679893235766E-08
-0.56440948843398E-08
-0.54305388158679E-08
