0.00003051943403025842
0.00006103886806051684
0.00006103886806051684
0.00006103886806051684
0.00006103886806051684
0.00006103886806051684
0.00006103886806051684
0.00006103886806051684
0.00006103886806051684
0.00006103886806051684
0.00003051943403025842
0.00006103886806051684
0.00003051943403025842
0.00003051943403025842
0.00009251203440422082
0.000038149292537823016
0.00010967921604624119
0.00025846145694375094
0.0011845355332994049
0.00445774483304462
0.014981227179603101
0.04530419235329173
0.12449258633867787
0.31530581028973415
0.7426084061473823
1.6399350831111597
3.4214832013196586
6.784880289821228
12.856591028814197
23.38633748920739
40.99975617470423
69.51716588039031
114.34505001036261
182.94647741147807
285.39201630689223
434.99611027474134
649.0362000423384
949.555684073116
1364.2453646468384
1927.399890680282
2680.9437991634895
3675.5192687990984
4971.629177717327
6640.827128692474
8766.94673951875
11447.36163498303
14794.269983138676
18935.99282827102
24018.284567736366
30205.643596657927
37682.622997447135
46655.13251411908
57351.730055580934
70024.8996082348
84952.31113162354
102438.06293496766
122813.90407587144
146440.4357463988
173708.29235609566
205039.30062003742
240887.61864329543
281740.8527967924
328121.15402782784
380586.29365391453
439730.7150414929
506186.56507315027
580624.6999298758
663755.6654162913
756330.6486081065
859142.3983478147
973026.1113077914
1.098860278461103e6
1.2375674887745597e6
1.3901151856519636e6
1.5575163693255298e6
1.7408302424535027e6
1.9411627923651505e6
2.1596673049698854e6
2.3975448068722743e6
2.656044430191816e6
2.9364636973340604e6
3.2401487214126834e6
3.5684943214336447e6
3.9229440494317356e6
4.304990129332523e6
4.716173307411888e6
5.15808261621104e6
5.632355052344759e6
6.140675172339203e6
6.684774610111077e6
7.266431519401416e6
7.887469948117645e6
8.549759149367852e6
9.255212836134247e6
1.000578838724427e7
1.0803486011057034e7
1.16503478761926e7
1.2548457216612509e7
1.3499937419912733e7
1.4506951106302477e7
1.557169920827157e7
1.6696420057292575e7
1.7883388486254744e7
1.913491495499447e7
2.045334470501666e7
2.184105694983418e7
2.3300464106037367e7
2.4834011068209525e7
2.6444174532179452e7
2.8133462365436975e7
2.9904413026787817e7
3.175959503184288e7
3.370160646045366e7
3.5733074499835394e7
3.785665501443469e7
4.007503213096539e7
4.2390917823901296e7
4.4807051483918875e7
4.732619944783226e7
4.9951154465336636e7