0.00006103886806051684
0.00006103886806051684
0.00006103886806051684
0.00006103886806051684
0.00006103886806051684
0.00006103886806051684
0.00006103886806051684
0.00006103886806051684
0.00006103886806051684
0.00006103886806051684
0.00006103886806051684
0.00006103886806051684
0.00006103886806051684
0.00006103886806051684
0.00006103886806051684
0.00006103886806051684
0.00006294633268740798
0.00007248365582186374
0.0000896508374638841
0.000328083915825278
0.001098699625089303
0.003565051387659561
0.011041358992759428
0.031049709196534155
0.08041680120510404
0.1940797571246074
0.439509415737438
0.940379107325024
1.9121684346610648
3.7143887007634966
6.923808568456218
12.432804843996223
21.580056230914305
36.3162314299007
59.41140874979785
94.70717998494275
147.41909800640678
224.49015570813114
334.999788387154
490.62791410818227
706.1758355886906
1000.142326943141
1395.3542290901137
1919.6489749301713
2606.606576035232
3496.3271815290746
4636.250715637514
6082.013915851248
7898.340828018263
10159.961477549967
12952.554962850678
16373.711566169455
20533.91033875869
25557.507256247947
31583.731130722703
38767.68319371875
47281.33643887612
57314.53455544169
69075.98479603449
82794.24572954443
98718.70682722132
117120.55832164802
138293.75213591786
162555.9512278258
190249.4683199726
221742.19289133142
257428.506646775
297730.1874874514
343097.30135540833
394009.0812753134
450974.79633716086
514534.60441974975
585260.3939214426
663756.6106432199
750661.0668598311
846645.7355842487
952417.5248418957
1.0687190307395875e6
1.1963292672481465e6
1.336064370742581e6
1.488778274686633e6
1.655363354050624e6
1.8367510343630058e6
2.0339123642063008e6
2.247858546429789e6
2.479641426843851e6
2.7303539367365018e6
3.0011304874400804e6
3.2931473136510374e6
3.6076227656210912e6
3.945817546843531e6
4.309034897784027e6
4.698620723829542e6
5.11596366853402e6
5.562495132453641e6
6.03968923722641e6
6.549062738948457e6
7.092174889920052e6
7.670627253014008e6
8.2860634719578065e6
8.94016899889424e6
9.634670784736963e6
1.0371336936277013e7
1.1151976343474712e7
1.1978438283167688e7
1.2852612003310338e7
1.3776426292871073e7
1.4751849044460224e7
1.5780886812815879e7
1.686558437707031e7
1.800802431109834e7
1.9210326568127826e7
2.0474648084934045e7
2.1803182411013346e7
2.319815936724805e7
2.4661844740392637e7
2.6196540014834583e7
2.780458214803241e7
2.9488343390903063e7
3.1250231156033296e7