 0.00000000000000E+00
 0.00000000000000E+00
 0.00000000000000E+00
 0.00000000000000E+00
 0.00000000000000E+00
 0.00000000000000E+00
 0.00000000000000E+00
 0.00000000000000E+00
 0.00000000000000E+00
-0.11100037840672E-15
 0.00000000000000E+00
 0.00000000000000E+00
 0.00000000000000E+00
 0.00000000000000E+00
 0.00000000000000E+00
 0.00000000000000E+00
 0.00000000000000E+00
 0.12458383204962E-15
-0.88707293417382E-16
-0.11100037840672E-15
 0.25347863553986E-15
 0.26073221795641E-15
 0.95037598161476E-16
 0.11671650638542E-15
 0.26377285639717E-16
 0.11942873405988E-30
 0.36721373379021E-16
 0.46244828259906E-16
-0.10069358293197E-17
-0.21114322271715E-16
 0.14151569933890E-15
 0.12208048547535E-15
 0.45890829114771E-16
-0.34395466608350E-16
-0.66357944460251E-16
-0.88842302624090E-16
-0.54245390319559E-16
-0.37230712774037E-15
-0.65617281147913E-15
-0.11839821424253E-14
-0.22256940001110E-14
-0.26949809019306E-14
-0.46529577724705E-14
-0.71885382920629E-14
-0.10162927558566E-13
-0.15111843604107E-13
-0.22780932272787E-13
-0.31623213970366E-13
-0.45618845625501E-13
-0.62498772264672E-13
-0.85213235615382E-13
-0.11535757586838E-12
-0.15313856083644E-12
-0.20202624628038E-12
-0.26374727368177E-12
-0.34017270019152E-12
-0.43534665473518E-12
-0.55123220070493E-12
-0.69282789047931E-12
-0.86279326186675E-12
-0.10661080543409E-11
-0.13090172142129E-11
-0.15944482998979E-11
-0.19307885962758E-11
-0.23221498000496E-11
-0.27760784510775E-11
-0.32998371360896E-11
-0.39008946029875E-11
-0.45863482945713E-11
-0.53660468467792E-11
-0.62480686195236E-11
-0.72411349827137E-11
-0.83556320392463E-11
-0.96002416598206E-11
-0.10986132036235E-10
-0.12522934379834E-10
-0.14222208109744E-10
-0.16093471240841E-10
-0.18149025658717E-10
-0.20398885005556E-10
-0.22855251441785E-10
-0.25529600618479E-10
-0.28433289297118E-10
-0.31577352436320E-10
-0.34973796992708E-10
-0.38634537528930E-10
-0.42570406689554E-10
-0.46793621123883E-10
-0.51315092726325E-10
-0.56146346618727E-10
-0.61298652169990E-10
-0.66783461876940E-10
-0.72610930667944E-10
-0.78793061333444E-10
-0.85339684601308E-10
-0.92261602725890E-10
-0.99569425052078E-10
-0.10727304222998E-09
-0.11538283896583E-09
-0.12390868273065E-09
-0.13286027828722E-09
-0.14224730383649E-09
-0.15207934411901E-09
-0.16236532628153E-09
-0.17311472852405E-09
-0.18433656457699E-09
-0.19604003502756E-09
-0.20823376750632E-09
-0.22092656226551E-09
-0.23412690208011E-09
-0.24784414798731E-09
-0.26208646876638E-09
-0.27686215172365E-09
-0.29218023157435E-09
-0.30804890646056E-09
-0.32447700132936E-09
-0.34147268209791E-09
-0.35904487912551E-09
-0.37720145804141E-09
-0.39595162328387E-09
