-0.00000000000000E+00
-0.00000000000000E+00
-0.00000000000000E+00
-0.00000000000000E+00
-0.00000000000000E+00
-0.00000000000000E+00
-0.00000000000000E+00
-0.00000000000000E+00
-0.00000000000000E+00
-0.00000000000000E+00
 0.48444575039156E-17
-0.85699850738297E-16
 0.35188171683884E-16
-0.10902620572202E-15
-0.25372251795153E-17
 0.88887464057977E-18
-0.21291382495357E-16
-0.10758770743344E-15
-0.38952267444899E-15
-0.11838820718699E-14
-0.33091840469977E-14
-0.83525586220354E-14
-0.19441945183157E-13
-0.41926127538040E-13
-0.84938852398716E-13
-0.16255475547276E-12
-0.29597122884157E-12
-0.51536311765329E-12
-0.86211484872253E-12
-0.13914019937478E-11
-0.21741026895047E-11
-0.32990068841432E-11
-0.48746970368730E-11
-0.70307851214821E-11
-0.99190919120252E-11
-0.13714003601188E-10
-0.18612659107871E-10
-0.24834328049945E-10
-0.32619482531398E-10
-0.42228515060572E-10
-0.53939845932894E-10
-0.68047912428478E-10
-0.84860812173664E-10
-0.10469779197694E-09
-0.12788660669901E-09
-0.15476083045453E-09
-0.18565720679882E-09
-0.22091298935045E-09
-0.26086347144862E-09
-0.30583961610387E-09
-0.35616586817954E-09
-0.41215815246138E-09
-0.47412214587424E-09
-0.54235170157221E-09
-0.61712756387374E-09
-0.69871627550144E-09
-0.78736933678923E-09
-0.88332256627192E-09
-0.98679566996632E-09
-0.10979920075023E-08
-0.12170985286012E-08
-0.13442858748039E-08
-0.14797086017917E-08
-0.16235055550443E-08
-0.17758003160304E-08
-0.19367017638539E-08
-0.21063046813560E-08
-0.22846904230786E-08
-0.24719276194575E-08
-0.26680728897216E-08
-0.28731715804306E-08
-0.30872584754010E-08
-0.33103585057079E-08
-0.35424874256520E-08
-0.37836524532955E-08
-0.40338528741692E-08
-0.42930805827182E-08
-0.45613205974298E-08
-0.48385514943363E-08
-0.51247458115232E-08
-0.54198703814253E-08
-0.57238866126949E-08
-0.60367507285585E-08
-0.63584139504035E-08
-0.66888226436024E-08
-0.70279184156719E-08
-0.73756381970500E-08
-0.77319142746610E-08
-0.80966743278193E-08
-0.84698414305558E-08
-0.88513321576625E-08
-0.92410660671550E-08
-0.96389467326045E-08
-0.10044880718846E-07
-0.10458768122114E-07
-0.10880504499905E-07
-0.11309980924104E-07
-0.11747084060336E-07
-0.12191696259616E-07
-0.12643695677603E-07
-0.13102956412800E-07
-0.13569348663809E-07
-0.14042738900719E-07
-0.14522990051953E-07
-0.15009961694623E-07
-0.15503510248920E-07
-0.16003489166445E-07
-0.16509749103587E-07
-0.17022138073026E-07
-0.17540501564578E-07
-0.18064682618317E-07
-0.18594521844676E-07
-0.19129857372573E-07
-0.19670524714492E-07
-0.20216356532491E-07
-0.20767182289835E-07
-0.21322827764581E-07
-0.21883114422726E-07
-0.22447858616104E-07
-0.23016870605963E-07
