 0.00000000000000E+00
 0.00000000000000E+00
 0.00000000000000E+00
 0.00000000000000E+00
 0.00000000000000E+00
 0.00000000000000E+00
 0.00000000000000E+00
 0.00000000000000E+00
 0.00000000000000E+00
 0.00000000000000E+00
 0.31924737805509E-16
-0.49254578713502E-16
-0.38342792542461E-16
 0.81363224358217E-16
 0.15874766294829E-17
 0.40395620744862E-16
-0.56256752807398E-17
 0.14480207169412E-15
 0.40432498877729E-15
 0.11822484506289E-14
 0.33411616928619E-14
 0.84895108427611E-14
 0.19302611855244E-13
 0.41948551395795E-13
 0.84882045291138E-13
 0.16247378550302E-12
 0.29602918469055E-12
 0.51540617386537E-12
 0.86216418180579E-12
 0.13914160432434E-11
 0.21741079487611E-11
 0.32990411464709E-11
 0.48747214045953E-11
 0.70307952463371E-11
 0.99191571977724E-11
 0.13714192809751E-10
 0.18613104499630E-10
 0.24835220421826E-10
 0.32621008218623E-10
 0.42231214424797E-10
 0.53944396246921E-10
 0.68055457328806E-10
 0.84873081519436E-10
 0.10471731354481E-09
 0.12791688486137E-09
 0.15480697119265E-09
 0.18572624219669E-09
 0.22101449765602E-09
 0.26101042275425E-09
 0.30604900904296E-09
 0.35645999640893E-09
 0.41256586804907E-09
 0.47468011183931E-09
 0.54310615522358E-09
 0.61813627581257E-09
 0.70005035856624E-09
 0.78911592198551E-09
 0.88558719330149E-09
 0.98970514126077E-09
 0.11016974378374E-08
 0.12217786309462E-08
 0.13501504133445E-08
 0.14870019963560E-08
 0.16325108133246E-08
 0.17868428611017E-08
 0.19501535370305E-08
 0.21225882132224E-08
 0.23042828348148E-08
 0.24953648026242E-08
 0.26959533828407E-08
 0.29061603571007E-08
 0.31260905569293E-08
 0.33558422813049E-08
 0.35955076480448E-08
 0.38451727991462E-08
 0.41049181702147E-08
 0.43748184352642E-08
 0.46549425619220E-08
 0.49453535505381E-08
 0.52461083847191E-08
 0.55572575568184E-08
 0.58788447634220E-08
 0.62109065191374E-08
 0.65534715742777E-08
 0.69065604813600E-08
 0.72701850710421E-08
 0.76443478563212E-08
 0.80290416173179E-08
 0.84242488821993E-08
 0.88299414932582E-08
 0.92461141498217E-08
 0.96726144822263E-08
 0.10109482078266E-07
 0.10556670586550E-07
 0.11013909589606E-07
 0.11481286004466E-07
 0.11958628853507E-07
 0.12445817067133E-07
 0.12942718123924E-07
 0.13449188361643E-07
 0.13965073223060E-07
 0.14490207561416E-07
 0.15024415954951E-07
 0.15567512932784E-07
 0.16119303224841E-07
 0.16679581793411E-07
 0.17248133846505E-07
 0.17824734642078E-07
 0.18409149003177E-07
 0.19001130695856E-07
 0.19600421396610E-07
 0.20206749312053E-07
 0.20819827346900E-07
 0.21439350834235E-07
 0.22064994679686E-07
 0.22696409840281E-07
 0.23333219242795E-07
 0.23975012883363E-07
 0.24621342239306E-07
 0.25271713876991E-07
