30.73102217062032
31.168723793729473
31.62913401259018
32.11195081720726
32.61686228077558
33.143578685739556
33.69181837135188
34.26131315410633
34.85180917741209
35.46306840030867
36.09486793745361
36.74700165207905
37.419279414514165
38.111531385755924
38.82359863402021
39.555345800113514
40.306649463123236
41.07740504491454
41.86752770963322
42.67694316381839
43.50559603856143
44.3534478001231
45.22047302480537
46.10666239934324
47.0120205936496
47.9365666049021
48.88033105485749
49.84336339901166
50.82571666215169
51.827465111207516
52.84868660022672
53.889475436487274
54.949935004816574
56.030178051881705
57.13032751927254
58.2505171545663
59.39088645137382
60.551586398378944
61.732772287277285
62.934612882917726
64.15727615199606
65.40128063613984
66.66580227914825
67.95203910773643
69.25985310029147
70.5894462639474
71.9410249435308
73.31480127653296
74.71098969826085
76.12981134756275
77.57148981186131
79.03624981822472
80.5243207602081
82.03593371109955
83.57132457607938
85.13072739651173
86.71438114170935
88.32252222908738
89.95539457985875
91.61323358754538
93.29629210696024
95.00479789795081
96.73899973591595
98.49913526086775
100.28544255574207
102.09818126326394
103.93757024981534
105.80384997714407
107.69725717597274
109.61802793875549
111.56639408576879
113.5425835371158
115.54682412066423
117.57934210393029
119.6403575794048
121.7300911500485
123.84875300102284
125.99655912875478
128.17371951180945
130.38044484331203
132.61692073601603
134.88335378057434
137.179932834696
139.5068491634355
141.86428635702939
144.25242441753642
146.67143893361302
149.12150103017262
151.60277733073275
154.11542993240178
156.6596163934432
159.23548973329028
161.84319844483528
164.48288651878562
167.15469347981255
169.85875443422572
172.59520012878397
175.3641570203416
178.16574735584078
181.00008926237612
183.86729684671366
186.76748030392403
189.70074603461634
192.6671967702981