25.84797009426651
26.274033911774666
26.722023855222346
27.191627570490823
27.682543304608473
28.19453089388975
28.727162345465086
29.28033008079073
29.853734271615853
30.447146432753513
31.060351440591756
31.693155568710242
32.34537242323242
33.016850044433646
33.70743243927493
34.41699260641712
35.14541822167329
35.89261071070441
36.65849392142104
37.44299772985596
38.24607770612662
39.067696330459874
39.907835299273444
40.766488946030854
41.64366670047114
42.539390152499244
43.45369595264109
44.38663105772049
45.338255142821154
46.30864103246466
47.29787102547438
48.30603940847125
49.33325222984521
50.379621529561504
51.44527107673746
52.530336010144744
53.634957118071554
54.75928338046892
55.903468547908886
57.06800729804553
58.252111074500704
59.45690845816958
60.682281135424944
61.92840571724416
63.19548554754277
64.48372136040872
65.79332437546792
67.1245024434213
68.47747299609699
69.85245552796782
71.2496804698076
72.66936672071492
74.11174818143584
75.57705496419345
77.06552967699342
78.57739583496655
80.11291544509733
81.67231599796335
83.25583640285319
84.86372485732436
86.49622587794667
88.15358277329231
89.8360405972766
91.54384100924922
93.27722465351644
95.03646470166726
96.82177016471945
98.63339212739893
100.47157720607295
102.33655541331102
104.22857926062528
106.14786354919319
108.09465683148005
110.0691898563854
112.07168151188941
114.10234783028808
116.16145159325922
118.24916919501615
120.36571885907993
122.51135961469569
124.68624868343605
126.89060879901572
129.12464093609168
131.3885420723819
133.68250508917765
136.00671868366948
138.36136729327205
140.74663103209443
143.16268563964184
145.60970244179964
148.087848324094
150.59728571719359
153.13817259454243
155.71066248199585
158.3149044792744
160.9510432930269
163.61921928120694
166.31956850846848
169.0522228123487
171.81730987971136
174.61495333320818
177.44527282728205
180.30838415332414
183.20439935352005