 0.00000000000000E+00
 0.00000000000000E+00
 0.00000000000000E+00
-0.52624123957589E-15
 0.00000000000000E+00
 0.00000000000000E+00
-0.49969174163005E-16
 0.00000000000000E+00
-0.49969174163005E-16
 0.00000000000000E+00
 0.00000000000000E+00
 0.00000000000000E+00
-0.28810520686945E-15
 0.00000000000000E+00
 0.00000000000000E+00
-0.24984587081502E-16
-0.19626571504377E-15
-0.30949118518131E-15
-0.24984587081503E-16
-0.52283592050212E-15
-0.26312061978794E-15
-0.24606987816018E-30
-0.24147097620110E-15
-0.43643172111697E-15
 0.38437864421223E-15
-0.54203119679358E-30
-0.98055740159946E-16
 0.16445038736746E-16
-0.29042755960865E-15
-0.30783701720456E-15
 0.18938813880970E-15
-0.53214754609033E-15
-0.51352624927447E-15
-0.30875595704620E-15
-0.22185177973650E-15
 0.27763874474341E-15
 0.11905074697285E-15
 0.31962636745862E-15
 0.52070468098918E-15
 0.71596777850248E-15
 0.21382323624376E-15
 0.19141823924711E-14
 0.25121901502604E-14
 0.56056388194653E-14
 0.60644458970494E-14
 0.10884035082093E-13
 0.14210160693152E-13
 0.23772445779116E-13
 0.32851181380111E-13
 0.45196577518966E-13
 0.63665010155026E-13
 0.86495759929036E-13
 0.11986414535232E-12
 0.15739993461345E-12
 0.21095534149847E-12
 0.28300706954104E-12
 0.36532442320423E-12
 0.47732819793364E-12
 0.60868693283690E-12
 0.77419339168652E-12
 0.98162957755209E-12
 0.12240401483815E-11
 0.15197144696977E-11
 0.18736480741560E-11
 0.22958235217377E-11
 0.27947157982531E-11
 0.33781749002677E-11
 0.40645459504161E-11
 0.48616365998071E-11
 0.57851877014459E-11
 0.68424648768747E-11
 0.80623641083185E-11
 0.94480627770241E-11
 0.11027572939346E-10
 0.12812926589020E-10
 0.14825151398933E-10
 0.17086167226477E-10
 0.19618162948471E-10
 0.22443703124533E-10
 0.25582176170322E-10
 0.29064975959194E-10
 0.32910779341382E-10
 0.37152564712751E-10
 0.41812431426867E-10
 0.46919329111664E-10
 0.52505701300116E-10
 0.58595560137219E-10
 0.65219934971670E-10
 0.72414886316292E-10
 0.80208968678100E-10
 0.88628851762292E-10
 0.97715883790967E-10
 0.10749789724651E-09
 0.11801247297917E-09
 0.12929110824100E-09
 0.14136976948042E-09
 0.15428401789590E-09
 0.16806821800742E-09
 0.18275637721625E-09
 0.19838926572357E-09
 0.21500028737325E-09
 0.23263160200780E-09
 0.25131585151396E-09
 0.27109408554977E-09
 0.29200029669226E-09
 0.31407562455436E-09
 0.33736016406467E-09
 0.36189682332648E-09
 0.38771531171122E-09
 0.41486564376613E-09
 0.44338836163555E-09
 0.47331481629410E-09
 0.50469921085788E-09
 0.53757861554100E-09
 0.57199326792080E-09
 0.60798864959073E-09
 0.64560995424279E-09
 0.68490219453891E-09
 0.72590215183095E-09
 0.76867083468422E-09
