 0.00000000000000E+00
 0.00000000000000E+00
 0.00000000000000E+00
-0.52920787721154E-16
 0.00000000000000E+00
 0.00000000000000E+00
 0.18712283049062E-15
 0.00000000000000E+00
 0.51133398202790E-15
 0.00000000000000E+00
 0.00000000000000E+00
 0.00000000000000E+00
-0.18391349573476E-14
 0.00000000000000E+00
 0.00000000000000E+00
 0.25537863013398E-14
-0.70238777962236E-14
-0.14987292615776E-13
 0.50783078701309E-14
-0.45815084889390E-13
-0.20101733821871E-13
-0.36728810181923E-28
 0.96893545670313E-15
-0.87685958603846E-13
 0.10299523633714E-12
-0.17341819483646E-27
-0.47787846724782E-13
 0.39707128537025E-14
-0.19163477664536E-12
-0.18377602719600E-12
 0.11823632252369E-12
-0.40216404466546E-12
-0.48504329774659E-12
-0.21159768711751E-12
-0.15785847770902E-12
 0.17068883753498E-12
-0.17392577964742E-12
 0.12474894922758E-12
 0.52089089360399E-13
 0.67573480897813E-12
-0.11314860888573E-11
 0.72795793066712E-13
-0.24232639336229E-13
 0.35242842871508E-11
-0.13774715214266E-11
 0.34240943378997E-11
-0.26845534824572E-11
 0.47099809801018E-11
 0.48767421961728E-11
 0.20337137914837E-11
 0.45437357851198E-11
 0.78829774530136E-12
 0.53628959420611E-11
-0.11016437906346E-10
-0.98468195096165E-11
 0.10107436251492E-10
-0.14452523997231E-10
 0.75933604637279E-11
-0.90847081990870E-11
-0.47628404010299E-11
 0.23382062762439E-10
 0.35165355772914E-11
 0.27741202144372E-11
-0.40514967400707E-11
 0.77605416913501E-11
 0.10254288752270E-10
-0.11909218577227E-10
 0.38758800577567E-11
 0.58412848072439E-11
 0.33766685938143E-10
-0.12816388838663E-10
 0.30372051012789E-10
 0.73469798216131E-11
 0.25240887341748E-10
 0.29253446973867E-10
 0.88605044872319E-11
 0.54859669624384E-12
 0.19653719199339E-10
 0.44177175609291E-10
 0.19322675344460E-10
 0.49696270219513E-10
 0.11493573081612E-10
 0.48041071659436E-10
 0.57927427641668E-10
 0.20857957712000E-10
 0.10280706649283E-09
 0.11328333210198E-09
 0.50093730693343E-10
 0.91060292735496E-10
 0.15459713839514E-09
 0.84977056146665E-10
 0.89059654498948E-10
 0.72359430652858E-10
 0.99052195937041E-10
 0.11219754304588E-09
 0.14963821523419E-09
 0.17668986300774E-09
 0.24028646580287E-09
 0.21316853364180E-09
 0.20275170067927E-09
 0.15326568062924E-09
 0.24750851418169E-09
 0.27941053832600E-09
 0.40829262698991E-09
 0.36483078220819E-09
 0.31278273455509E-09
 0.25298850702242E-09
 0.51079214557856E-09
 0.30806221085245E-09
 0.37414346947374E-09
 0.60631849109480E-09
 0.36939246159002E-09
 0.50474236328933E-09
 0.60421844962218E-09
 0.72191431030693E-09
 0.75305697379378E-09
 0.76883854204214E-09
 0.10768635467340E-08
 0.64454567043445E-09
 0.10703856234585E-08
