0.
0.
0.
0.
0.
0.
0.
0.
0.
0.00001525971701512921
0.000045779151045387627
0.00003147316634370399
0.00005245527723950665
0.00008678964052354738
0.0004215496825429444
0.0018902974452491307
0.00803805593771931
0.029369232860243052
0.09491925476335746
0.27467299880769885
0.7227593292399529
1.7516877132068314
3.9509648623106117
8.366702555609521
16.757706210565633
31.945162743234324
58.27070961482135
102.17529216827319
172.90849345281137
283.37391110178294
451.11198897272135
699.4176741096304
1058.5879129149557
1567.2878354930353
2274.0253736351942
3238.719190066924
4534.345387891617
6248.646119168904
8485.885075158598
11368.633087801232
15039.57009915257
19663.289148915675
25428.09084181704
32547.757371730582
41263.29774499322
51844.65699555698
64592.384170293146
79839.25538492094
97951.85022811996
119332.07931356625
144418.66558453455
173688.57816364185
207658.42274100977
246885.78928385908
291970.5618533661
343556.19170473225
402330.93794128054
469029.0774268983
544432.0870431038
629369.7993942053
724721.5334216714
831417.2002510248
950438.3837171455
1.082819394618062e6
1.229648296481713e6
1.392067900023584e6
1.5712767231431352e6
1.7685299117475809e6
1.9851401180411153e6
2.2224783296702215e6
2.4819746465481776e6
2.7651189983078185e6
3.073461799153217e6
3.408614534260092e6
3.772250273640097e6
4.166104110261609e6
4.591973518420363e6
5.051718631316564e6
5.547262435391204e6
6.080590880600404e6
6.653752907860965e6
7.268860393402001e6
7.928088011984462e6
8.633673021020014e6
9.387914967862e6
1.0193175322776832e7
1.105187703987709e7
1.1966504048275784e7
1.2939600674157942e7
1.397377099453827e7
1.507167812109594e7
1.6236043410738867e7
1.746964559780459e7
1.8775319839472465e7
2.0155956662478853e7
2.161450079698196e7
2.3153949877100594e7
2.4777352985738974e7
2.6487809014550544e7
2.828846480718331e7
3.0182513047906253e7
3.2173189854536857e7
3.42637720322833e7
3.645757394151876e7
3.875794393477007e7
4.1168260319202565e7
4.3691926808356546e7
4.633236743427912e7
4.909302090665919e7
5.197733442241709e7
5.4988756951507285e7
5.813073205077529e7
6.140669028551098e7
6.482004136875739e7
6.83741661557865e7
7.207240865602084e7
7.591806824388255e7
7.991439225833714e7
8.406456918161586e7
8.837172257397698e7