0.
0.
0.
0.
0.
0.
0.
0.
0.
0.00003051943403025842
0.000045779151045387627
0.00003147316634370399
0.000055316474179843384
0.00010681801910590446
0.000543627418663978
0.002472074156450932
0.010368023979466852
0.037406335065648916
0.11935483036614654
0.3414714563091135
0.8893630121465068
2.135229255594343
4.7747988346649
10.031810449401764
19.94749922097996
37.771844391186114
68.47289671216166
119.37458406982263
200.93373341307313
327.65915683350033
519.1742514686674
801.4180174372544
1207.9777547335186
1781.5414859539912
2575.457056844631
3655.3827083604274
5101.011473328455
7007.85372217009
9489.060023841828
12677.268635005654
16726.462316701425
21813.82092503137
28141.557878999858
35938.73049418024
45463.015130335574
57002.442123962486
70877.08431317449
87440.69717020764
107082.30894404715
130227.76024856495
157341.19418246995
188926.49970969863
225528.70863214508
267735.3516377373
316177.77524548885
371532.4223752001
434522.08087938325
505917.1017293331
586536.5887694831
677249.5626771188
778976.0982013704
892688.436313326
1.0194120687131656e6
1.1602267941297088e6
1.3162677428950104e6
1.4887263668517414e6
1.6788513902777133e6
1.8879497172706174e6
2.1173872902949904e6
2.368589894714555e6
2.643043903689579e6
2.9422969581298437e6
3.2679585768649126e6
3.62170069088683e6
4.0052581000209916e6
4.420428845846928e6
4.869074499425986e6
5.353120362416777e6
5.874555578958458e6
6.435433159805892e6
7.037869917686618e6
7.684046316987872e6
8.376206237891912e6
9.116656658415971e6
9.907767256541831e6
1.0751969934764065e7
1.165175826929531e7
1.2609686885247624e7
1.362837075823147e7
1.4710484441311816e7
1.585876121426555e7
1.707599214999772e7
1.836502508977428e7
1.9728763516317755e7
2.1170165309570894e7
2.269224136538521e7
2.4298054054381102e7
2.5990715492262755e7
2.777338558808889e7
2.9649269834143076e7
3.162161679432645e7
3.369371524838175e7
3.586889094420974e7
3.8150502913122505e7
4.054193930551814e7
4.30466127087905e7
4.5667954922152124e7
4.8409411174330756e7
5.127443379068856e7
5.426647533771601e7
5.738898130112402e7
6.0645382380863786e7
6.403908651863035e7
6.757347080020419e7
7.125187340088417e7
7.507758575963335e7
7.90538451764442e7
8.318382802545756e7
8.747064376215301e7
9.191732987740506e7