 0.61247280491690E-09
 0.74798570529659E-09
-0.73469372432025E-10
 0.42819980977743E-09
 0.46489977620836E-07
-0.12259886281104E-08
-0.68496807233106E-08
 0.62832445768881E-07
 0.79935124446744E-06
-0.43642218044058E-08
-0.37694835430762E-08
 0.51568546633969E-09
-0.43283002229468E-09
 0.72805582908674E-08
-0.13979950953856E-07
 0.14264698155935E-08
 0.23152350864975E-06
 0.26906749907973E-08
 0.96999004165367E-09
-0.50163262884291E-06
 0.17223183252119E-06
 0.21169651022058E-06
-0.63277540250394E-09
 0.34029470113241E-07
 0.38660573033417E-08
 0.17756746650905E-07
 0.25713754225828E-07
-0.41045700160208E-08
-0.24286338709115E-08
 0.77981243825486E-08
 0.45499406276931E-08
-0.80627749054408E-08
-0.22992898842115E-08
 0.10199510264548E-06
-0.47830677378386E-08
 0.58701017269116E-07
-0.26990845634491E-08
-0.17546817124487E-06
 0.97103023744288E-07
 0.16607360372689E-06
-0.13708719883384E-08
-0.18267978502148E-07
-0.76715359130060E-08
 0.92314702817907E-08
-0.75790995005778E-08
 0.68748884397737E-08
-0.66066570198410E-09
 0.25919864528535E-06
 0.91992263305660E-08
 0.43144151596443E-07
-0.33050654375215E-08
-0.42869845021159E-07
-0.21183029332232E-08
 0.80657508748635E-08
 0.32455010995918E-08
-0.10790302742293E-08
-0.37402821270898E-06
 0.49549879858416E-06
-0.71643478473387E-06
 0.22996913743640E-06
 0.12904921480548E-06
-0.95484565087901E-06
 0.74734348255617E-06
-0.13548103428313E-06
 0.13997345418282E-07
-0.14474876853632E-05
 0.12061872200328E-07
-0.55141633416216E-08
-0.23551816781308E-07
 0.34279300077409E-07
-0.19540904024588E-07
 0.20503006757964E-07
-0.66673660275186E-08
 0.22630906862680E-07
-0.29740789853627E-07
 0.17378843653347E-07
 0.19075136155082E-07
-0.11669346995015E-07
 0.12511709710080E-07
 0.44260727841862E-07
-0.41434767408212E-07
 0.95206272580261E-08
-0.84323931697097E-07
 0.39384292961017E-07
-0.39485143689382E-07
-0.82709039368932E-08
-0.30977060971145E-06
-0.78918107072958E-06
 0.34400946664533E-07
 0.41118554297995E-07
 0.15869360312041E-07
 0.52145233271967E-06
 0.16773525445874E-05
 0.23051902987063E-06
 0.10023999283470E-07
-0.50043946408899E-06
-0.24686302600000E-08
 0.77371991037389E-07
-0.33058118374159E-07
 0.28837608943352E-07
-0.16675573331543E-06
 0.54516878056974E-07
 0.13819942397079E-06
 0.17511496800536E-07
