 0.11291726035240E-09
-0.13555569677451E-08
 0.83403061946826E-09
 0.68791607290181E-09
-0.26098642302216E-07
-0.85674162736796E-08
-0.20602889891586E-07
 0.21110062633004E-09
-0.30027679552743E-05
 0.20595827375583E-08
 0.11184209405335E-07
-0.25506403112947E-09
-0.61498723770518E-09
-0.10624061874462E-07
 0.28756803143868E-07
 0.37488435054103E-08
-0.89838633342231E-07
 0.96767502683546E-08
-0.61426756348732E-08
 0.36079536473373E-06
-0.35277692416180E-06
 0.21312222695923E-06
 0.35720344730752E-08
-0.52716901332271E-07
-0.18034071259006E-07
 0.22366938720938E-07
-0.38450130685244E-07
-0.14111339105937E-08
-0.96367119662563E-09
 0.82993534277652E-08
 0.26660349913511E-07
-0.22892185589574E-07
 0.13536421307431E-08
-0.18941634556586E-06
-0.15151296035770E-07
 0.26980103836454E-06
-0.22519537509121E-06
 0.36039153465161E-06
-0.32114771206159E-06
 0.77334018438509E-06
-0.60500674421079E-10
 0.15368249045005E-07
 0.94745310723841E-07
 0.22161882054562E-07
-0.53119906850837E-07
-0.17368904967734E-07
 0.12990233986252E-06
-0.16212429391855E-05
 0.11917993617328E-07
 0.16104480004570E-06
 0.24687113298011E-07
-0.25611274398346E-06
-0.57067104718937E-07
-0.19460711910370E-07
 0.16257416797297E-07
-0.14054532901737E-07
 0.10084252938388E-05
-0.11431245033359E-05
 0.59892071620168E-06
 0.13550195193881E-05
-0.87076534180856E-06
 0.51025450336941E-06
 0.22181987920383E-05
 0.26924003364339E-05
-0.13290294509187E-06
 0.10560666570228E-04
-0.22280109954723E-06
-0.86985841715869E-07
 0.19528849393899E-06
 0.24654439018399E-06
-0.12269354612584E-06
-0.52645112728120E-07
-0.41833852490465E-07
 0.18692691740900E-07
-0.29686931151691E-06
-0.38930662143910E-07
 0.41653476438506E-07
-0.43442926212843E-07
-0.13554179966064E-06
-0.13441703166087E-06
-0.36450863991943E-06
 0.34080229760229E-07
-0.10834974117641E-06
-0.12974091027360E-06
 0.30882089488890E-06
-0.68016647939463E-07
 0.17260655042396E-05
 0.42493617668500E-05
-0.59455989857511E-06
-0.11330295278371E-06
 0.46241766288664E-06
 0.70988980351967E-07
-0.12032824658777E-04
 0.89347527671809E-06
-0.54474072995066E-06
 0.71087722755926E-05
-0.11735723836788E-06
-0.69741672343642E-06
 0.42866956445103E-06
-0.10346785221542E-07
 0.90164607693462E-06
 0.27171998295250E-06
 0.12314357719148E-06
-0.95298649548185E-07
