0.
0.
0.
0.
0.
0.
0.
0.
0.
0.
0.
1.9859446137283985e-12
1.9859446137283985e-12
1.9859446137283985e-12
6.08195537954322e-12
5.337226149395071e-12
1.1667424605654342e-11
4.120835073486427e-11
1.555242875626052e-10
5.611534749166306e-10
1.7774204292869167e-9
5.157870526467725e-9
1.370301783472595e-8
3.375857600261561e-8
7.769797294597151e-8
1.68382037721113e-7
3.4586417014848296e-7
6.771548581137351e-7
1.2698245293210052e-6
2.290347969932997e-6
3.987986177401834e-6
6.725103294456085e-6
0.000011014586025755712
0.000017565081842612798
0.00002733445974314236
0.000041591887033119796
0.00006198878749939403
0.00009063849193875336
0.0001302046779811656
0.0001839980373091882
0.0002560809678313194
0.00035137963259277246
0.0004758026877365059
0.0006363660757873471
0.0008413229941836578
0.0011002983792264434
0.0014244269729207885
0.0018264941621959738
0.002321079042631802
0.0029246986224894986
0.0036559528373803782
0.004535669503742592
0.005587048802145491
0.0068358067293922435
0.008310317185906144
0.010041752284703515
0.012064220638923243
0.014414903501929564
0.017134188456138608
0.02026580084854253
0.023856932558985876
0.027958368574717937
0.032624611003697096
0.03791400090894163
0.04388883796479567
0.05061549800226029
0.058164548694735585
0.06661086343940797
0.07603373347424991
0.08651697863775047
0.09814905641564467
0.11102316972607136
0.12523737332363094
0.14089467880074535
0.15810315817241918
0.17697604614084386
0.19763184068386475
0.22019440207405547
0.24479305012062003
0.271562659370861
0.30064375221734496
0.33218258964489683
0.36633125941014033
0.4032477614209806
0.4430960901740338
0.48604631404085935
0.5322746511302996
0.581963541738718
0.6353017171606218
0.6924842647978562
0.7537126894727895
0.8191949711276995
0.8891456186075053
0.9637857199695777
1.0433429891731731
1.1280518093774947
1.2181532731171032
1.3138952194028382
1.415532268160083
1.5233258520536523
1.6375442461303726
1.75846259533807
1.8863629402281594
2.0215342408964583
2.16427239934492
2.314880280153086
2.473667729390109
2.6409515915311554
2.817055723842596
3.0023110077269597
3.1970553559964583
3.401633715128771
3.6163980607651554
3.8417073849233225
4.077927672471317
4.3254318643164185
4.584599804306696
4.85581816614973
5.139480356448996
5.435986389277559