0.
0.
0.
0.
0.
0.
0.
0.
0.
0.
0.
0.
0.
1.9859446137283985e-12
5.9578338411851955e-12
3.971889227456797e-12
4.2201323041728465e-12
3.475403074024697e-12
9.060872300135818e-12
3.3636936895024747e-11
1.1357120759759279e-10
3.651655658493093e-10
1.0842016375573475e-9
2.9581886236868074e-9
7.493961999904112e-9
1.7762288625186796e-8
3.965037718539434e-8
8.387426069466683e-8
1.69032062217494e-7
3.260741079511411e-7
6.046114044126957e-7
1.0814914437673e-6
1.872158551747908e-6
3.145278259669242e-6
5.14115433416782e-6
8.194346700407705e-6
0.00001276097085734851
0.000019451109238570677
0.00002906646360505792
0.000042643706106048765
0.0000615035138651295
0.00008730545949638531
0.00012210864882014207
0.00016843809473148164
0.00022935664389401897
0.00030854209866478844
0.00041036943619422446
0.0005399975811730202
0.0007034604550624679
0.0009077618487646683
0.0011609736947334312
0.0014723372123746682
0.0018523665855261677
0.002312954660760136
0.002867480204155774
0.0035309164033832485
0.004319940108931424
0.005253041536571231
0.006350634112062317
0.007635164054211496
0.009131219631739797
0.010865639678275066
0.012867621331709097
0.015168826794235798
0.017803488957049675
0.020808515936746635
0.024223594355366616
0.028091291407024013
0.03245715567575135
0.03736981678250447
0.04288108385251657
0.0490460428679168
0.05592315301906034
0.0635743420049214
0.07206510053662601
0.08146457595972187
0.09184566507263703
0.10328510637070419
0.11586357154111153
0.12966575640762265
0.14478047129689028
0.1613007308417545
0.17932384322003644
0.19895149881194654
0.22028985827685232
0.24344963989040572
0.26854620630785697
0.29569965037361806
0.32503488014972987
0.35668170299368196
0.3907749085249726
0.4274543504883522
0.46686502736443236
0.5091571617042013
0.5544862779734602
0.6030132790552573
0.6549045211676628
0.7103318873282044
0.7694728592216031
0.8325105875605496
0.899633961039936
0.9710376738077096
1.046922291657773
1.1274943170490659
1.2129662530323773
1.3035566663594444
1.3994902498824517
1.5009978844111143
1.6083167003844512
1.7216901394876964
1.8413680164237398
1.9676065811579693
2.1006685816831805
2.2408233277310403
2.388346755290708
2.5435214922681384
2.7066369251698803
2.877989266824658
3.057881624949349
3.2466240713153396