150.73451981186957
151.3066025420734
151.91046340719845
152.54598660894456
153.21305708462017
153.91157410296518
154.64144230052304
155.40253932081313
156.194897016875
157.01834125892842
157.87285471226508
158.75839304787598
159.67492297763835
160.62242250617462
161.6008826220995
162.61030013786322
163.6506874439554
164.7220619262795
165.8244558774019
166.95790682557666
168.1224639529518
169.3181846006241
170.5451345548981
171.80338671924224
173.092965485343
174.4141379003372
175.766817477596
177.1511766341229
178.5673150866774
180.0153519726243
181.49540694184427
183.00760428208432
184.55208331730427
186.1289715409269
187.7384069473499
189.38053076048175
191.05551067388777
192.76347023555093
194.50456972634112
196.27895003266846
198.0868052408308
199.92825345565316
201.80346170907595
203.7125970544312
205.65580034902354
207.63324755286985
209.64508257032242
211.691463706925
213.7725459215428
215.88847826426093
218.03941048083976
220.22547203541137
222.4468488673588
224.7036527641316
226.99601334975907
229.32406587664866
231.6879482921587
234.0877672288644
236.52365315099277
238.99571018795453
241.5040441683992
244.04875539207916
246.63006780100358
249.24768837895897
251.90208404948442
254.59319342355352
257.3210926067537
260.0858350127837
262.8874959786111
265.7261113825968
268.60172339028094
271.51437422717777
274.4640907546755
277.4508993039254
280.47481812710924
283.53585771713784
286.63402618180567
289.76931030597734
292.94174333055474
296.15127510105845
299.3979100293608
302.68161985728074
306.0023864687594
309.36017644056295
312.7549556024553
316.18669333633005
319.65534402857816
323.1608569781477
326.70320649230786
330.28232814932693
333.89816227834655
337.55066419519767
341.2397735940912
344.9654346280785
348.72758319471615
352.526156820117
356.3610946906935
360.2323270284321
364.1397940627144
368.0834273924397
372.0631205427225
376.0789262242527
380.1306555837167
384.2182846838938