173.23147235791183
173.8187514418022
174.43889352039318
175.09183170417123
175.77751108230095
176.4958723993824
177.24688374217806
178.03051202672737
178.84673371162378
179.69553298827725
180.57691346727435
181.4908720081798
182.43742467162903
183.41659344726884
184.42840807242513
185.4729067101897
186.55013475402475
187.6601447202615
188.80300449974524
189.9787740669271
191.18753051627408
192.42935458410446
193.70433671716236
195.01256721567665
196.35414988010845
197.72918552003617
199.13778600277234
200.5800615590411
202.05614731859694
203.56615103857288
205.11020752459245
206.6884469578256
208.30100310380027
209.9480168609396
211.62962238517068
213.34596753484973
215.09720154755857
216.88345767284613
218.70488849245888
220.5618050823318
222.45385592442784
224.38168366153542
226.34528963291976
228.3447903715659
230.38034152141702
232.45208293672138
234.56015345877944
236.70469252634624
238.88582993292923
241.10369334290104
243.35841705830026
245.65011319396513
247.9788986205173
250.34489520449605
252.74819639748765
255.1889132056949
257.6671333940269
260.18294466239587
262.7364384859129
265.3276811162083
267.956742518304
270.6236883100302
273.3285710511029
276.07143824873475
278.85232984319157
281.67128605356373
284.5283242564751
287.4234677805858
290.35673467575754
293.3281212060716
296.33762954072245
299.3852530150144
302.47097620477683
305.5947788393687
308.7566332373203
311.95650808155
315.19436500688727
318.4701560372802
321.78384334642203
325.13536261459575
328.5246589411115
331.9516752776898
335.41633675993353
338.91858324632886
342.4583335702221
346.035514234598
349.6500125945609
353.30184805926643
356.99083650399825
360.7169236258816
364.48013790191186
368.2800422594129
372.11689797980534
375.99049106831416
379.9007203243732
383.84753155397345
387.83079051180636
391.850418509375
395.90632374637545
399.99840829204555
404.12658240550905
408.29075237156223
412.490830599985
416.7267239948238