176.52459646842118
177.11400298903064
177.7364277332734
178.39181335005756
179.08010796869416
179.80127066289643
180.5552687899581
181.34207877644226
182.16168907511573
183.0140869572472
183.89928178891685
184.81728359290472
185.76811195950924
186.75179526997465
187.76836955988855
188.81787733285637
189.90037207619528
191.015909834962
192.1645557954863
193.3463848498307
194.56147217686055
195.80990611995333
197.0917638022494
198.4071686041164
199.75620087204013
201.13897531498753
202.5556000114411
204.00619539588004
205.49088139216332
207.00978284128237
208.56302519589838
210.1507540724709
211.77309057581888
213.43017637103245
215.12215212917874
216.84916090073094
218.6113447796384
220.40884959411096
222.24181949945415
224.11040282639598
226.0147414771927
227.95498449481798
229.93128043463716
231.94375241350593
233.9925619345724
236.07784167441145
238.1997270322519
240.35835019597857
242.55384640918106
244.78633563478374
247.0559402420409
249.36278294326212
251.706950122631
254.08861172886353
256.5078094961451
258.9646591349783
261.4592488301137
263.9916614758933
266.5619773432972
269.17022017041944
271.8165818947701
274.50099153197556
277.22353753855595
279.9842674515693
282.78489651694684
285.6203951794075
288.49584120344355
291.4095611022351
294.36156247481364
297.3518290180291
300.38039138634724
303.44720071051813
306.5522437305703
309.695494129969
312.8769191895399
316.0964754217969
319.35411449576947
322.6498174236482
325.9834958961323
329.35509802115786
332.7645592521627
336.2118123810182
339.69678860336876
343.2194109511646
346.77960176071895
350.3772673814131
354.01233673262055
357.68471570242815
361.3943224653332
365.1410569973163
368.92483172438074
372.7455500856387
376.603119646848
380.4974403030398
384.42841524560623
388.39595694136153
392.39995252297086
396.4403193029104
400.51695063854106
404.6297513922682
408.7786269691144
412.96348452309684
417.1842237796301
421.4407543971448