179.2780317204365
179.86920068630025
180.4935181132939
181.15093182794803
181.84139840641572
182.56488314304184
183.32136062759284
184.11081378076005
184.9332352143107
185.78862532801597
186.67699350287845
187.59835701909296
188.55274195197504
189.5401809754132
190.5607150861449
191.6143928634541
192.70126876181646
193.82140503864449
194.97487384580276
196.16174591562682
197.38210569315675
198.6369814551858
199.92364043537358
201.24500750503404
202.60024500441784
203.9894618974131
205.41277134288399
206.87029316234643
208.36214848033595
209.88846188533805
211.4493647962533
213.04498988049937
214.67547165071989
216.34094911298712
218.04156107661598
219.7774511588756
221.54876035435802
223.35563582033078
225.19821844162715
227.07665439523362
228.9910899999442
230.94166221600645
232.9285284465905
234.95181604659783
237.01166820525177
239.1082352017686
241.24161113952283
243.411966224404
245.6194135871894
247.86407942409173
250.14607370384604
252.46554135767542
254.82252883879835
257.21719955899096
259.64962548355066
262.11990326102864
264.62811444642307
267.17434072939847
269.75865198380865
272.3811157601571
275.04178962773744
277.7407229168192
280.4779482465981
283.2535401557592
286.0678124707683
288.91982922402144
291.81057510435716
294.73973294454714
297.70730377152387
300.71328186603074
303.7576521923612
306.8403917826663
309.9614805131703
313.1208805993132
316.31855262121206
319.55445313863015
322.8285327202676
326.1407339306739
329.4909974247389
332.8792559589416
336.30544404582207
339.7694820528152
343.2713022455024
346.8108175663503
350.3879397553467
354.00259152406915
357.6546777728268
361.34410944871416
365.0707904772207
368.83462631498236
372.6355233823191
376.4733767417532
380.3480938213346
384.25956995324566
388.2077082379019
392.19226914453674
396.21356231399227
400.27107629760263
404.36484876253854
408.4947806061061
412.6607654435839
416.8627231486414
421.1005356367065
425.3741246451556