0.
0.
0.
0.
0.
0.
0.
0.
0.
1.9859446137283985e-12
1.9859446137283985e-12
3.971889227456797e-12
4.096010765814822e-12
3.2271599973086477e-12
1.3032761527592615e-11
5.5854692261111206e-11
2.496084136379881e-10
9.757194130324339e-10
3.377967666413648e-9
1.0425340371305586e-8
2.9098556966501927e-8
7.438119719796836e-8
1.7613516549310867e-7
3.9001370485627897e-7
8.139057629996891e-7
1.6115033211960555e-6
3.0445250833378826e-6
5.515310519526554e-6
9.620962425833335e-6
0.00001622039104912192
0.000026514934749858128
0.000042143223487324614
0.00006529024156058071
0.00009881048770138431
0.00014636465125791176
0.00021256883508006104
0.00030315545265604534
0.0004251441864167643
0.0005870218573460217
0.0007989294957500342
0.001072855166797944
0.0014228309334055702
0.0018651325839264274
0.0024184806643601105
0.0031042415881366438
0.003946627679945056
0.00497289518309988
0.006213539464863913
0.007702486653773251
0.009477281317609363
0.011579269716810678
0.014053778520248993
0.016950288754242305
0.020322605143059058
0.024229020787293262
0.028732477403901693
0.03390072141474794
0.03980645601609109
0.0465274895836342
0.05414688060365919
0.06275307956492167
0.07244006775954724
0.08330749340538485
0.09546080513462528
0.1090113828759915
0.12407666619504396
0.14078027994402745
0.15925215718538835
0.17962865901225356
0.20205269112077257
0.22667381677101966
0.2536483655719507
0.28313953800427477
0.3153175048302632
0.35035950120307213
0.38844991494607667
0.4297803684389529
0.47454979387889656
0.5229645013868561
0.5752382397536063
0.6315922494957485
0.6922553081538654
0.7574637675745356
0.8274615833075271
0.9025003360968205
0.9828392456134165
1.06874517658483
1.1604926376475855
1.2583637730981012
1.3626483479010394
1.4736437262497952
1.5916548438996803
1.7169941745042998
1.849981689993972
1.9909448151425282
2.1402183758860835
2.2981445411492567
2.4650727574893487
2.641359675521684
2.827369066790703
3.023471729420586
3.230045380228565
3.4474745306886563
3.676150343420972
3.916470465559301
4.16883883453131
4.433665451498259
4.7113661171559755
5.002362124242612
5.307079900994063
5.62595059982753
5.959409625808516
6.307896100332949
6.671852256504733
7.051722764288312
7.447953985774095
7.860993163394314
8.291287547050084
8.739283469392673
9.205425382024588