0.
0.
0.
0.
0.
0.
0.
0.
0.
0.
1.9859446137283985e-12
3.971889227456797e-12
3.971889227456797e-12
2.358309228802473e-12
6.82668460969137e-12
2.147302613593831e-11
9.17258168465804e-11
3.7248873661243276e-10
1.3602479388655948e-9
4.381490304038279e-9
1.273387686322649e-8
3.3795564221046304e-8
8.281922761862362e-8
1.89246868319097e-7
4.065247242532785e-7
8.266721597059654e-7
1.600882117037221e-6
2.9674204113452623e-6
5.288220483620555e-6
9.095263151254829e-6
0.000015147756297724158
0.000024500926504550055
0.00003858684066687976
0.000059307517006700885
0.00008914031964997816
0.000131255152321348
0.00018964295901447128
0.00026925474148033137
0.0003761500921209054
0.0005176539918878325
0.0007025210053282806
0.000941105204956904
0.001245534909433422
0.0016298907659468057
0.0021103860959557166
0.002705548355416239
0.0034364006837565102
0.004326642668030868
0.005402829478102923
0.006694548703221865
0.008234594440672037
0.010059138094953483
0.012207895585878172
0.01472429089979744
0.017655615693268033
0.02105318507749841
0.02497248956917722
0.029473343342479943
0.03462002893616436
0.04048143862117608
0.04713121260625785
0.054647874397948465
0.06311496333805795
0.07262116470289917
0.08326043741255927
0.09513213944677744
0.10834115115857613
0.12299799638870701
0.13921896136043124
0.15712621137809335
0.17684790503147294
0.19851830575783672
0.22227789062478562
0.24827345584436078
0.27665821883607467
0.3075919164547103
0.34124089901958604
0.3777782197366762
0.41738371921880063
0.46024410473151706
0.5065530238381537
0.5565111322393046
0.6103261554539114
0.6682129443624104
0.7303935243582408
0.7970971381011367
0.8685602819184987
0.9450267359649416
1.0267475881801102
1.113981252339922
1.2069934804044267
1.30605736939054
1.4114533630939812
1.5234692488950055
1.6424001499042415
1.7685485126735423
1.9022240905599745
2.043743922710553
2.1934323086673473
2.3516207781581593
2.5186480556109214
2.694860018570747
2.880609649050741
3.0762569761535916
3.282169008439359
3.4987196534581013
3.7262896219381005
3.9652663133527564
4.216043678958673
4.479022058203972
4.754607983705668
5.043213949504341
5.345258137220984
5.661164094431169
5.991360359552994
6.3362800280779386
6.696360255411096
7.0720416928739525
7.463767854685781
7.871984415978024