0.
0.
0.
0.
0.
0.
0.
0.
0.
0.
1.9859446137283985e-12
3.971889227456797e-12
3.971889227456797e-12
2.482430767160498e-12
8.067899993271618e-12
2.879619689906178e-11
1.2573511835667923e-10
5.067882411158157e-10
1.8171393215614846e-9
5.781829499793516e-9
1.6587230021551376e-8
4.3524458640625014e-8
1.0548866126279492e-7
2.386320977579112e-7
5.078777799795225e-7
1.0239801013337244e-6
1.9673189356823934e-6
3.6199102097211058e-6
6.406953477878335e-6
0.000010949117127376464
0.000018126497213975364
0.00002915492912145645
0.00004567517385179446
0.00006985495610765388
0.00010450362243229795
0.0001531991077377274
0.00022042621104266513
0.0003117254711899167
0.00043385134671424587
0.0005949385497505918
0.0008046751784513055
0.0010744812736387355
0.0014176915466862301
0.001849740923592725
0.002388351633501631
0.0030537208370242934
0.0038687076358175825
0.004859018706894838
0.006053391654962333
0.007483775626510474
0.009185508528560333
0.011197490552560209
0.013562353796521638
0.0163266278087699
0.01954090094259261
0.023259977697418346
0.027543032056951557
0.032453756982891074
0.038060510373294824
0.04443645754740331
0.051659710643063926
0.059813465026053385
0.06898613302346386
0.0792714750794572
0.0907687285357052
0.10358273405873379
0.11782405981768845
0.13360912335418373
0.15106031103203107
0.17030609498641397
0.1914811473217853
0.21472645130614754
0.24018940928405566
0.26802394688136544
0.2983906132775629
0.3314566770076082
0.36739621696846847
0.4063902082338943
0.4486266022931608
0.4943004013715692
0.5436137265510781
0.5967758794059559
0.6540033970371542
0.7155201002300992
0.7815571348482316
0.8523530063854646
0.9281536076725927
1.0092122400783685
1.095789628146038
1.1881539281736142
1.2865807306825316
1.3913530574143997
1.5027613528070813
1.6211034704272163
1.7466846544447077
1.8798175163202162
2.0208220067005676
2.170025382299278
2.327762167621321
2.4943741107758584
2.670210132669943
2.8556262683649414
3.050985599169763
3.2566581734547944
3.47302091385876
3.700457508002442
3.939358279376831
4.190120034408016
4.4531458813014275
4.7288450158107915
5.0176324685165
5.3199288080765825
5.636159794750615
5.966755978454336
6.312152236475187
6.67278724611725
7.049102889377117
7.441543588039209
7.850555569851362
8.276586069077117