120.65945048772758
120.7076076843851
120.78785505212966
120.90016953453602
121.04451920291105
121.2208627504203
121.42914899430542
121.6693168174494
121.94129397399207
122.244995810997
122.58033018503548
122.94718599519108
123.34544274114825
123.77496667128266
124.23561311550687
124.7272270689127
125.24964773432434
125.80270725472356
126.38623695862515
127.00006890526903
127.6440367635596
128.31797997056643
129.02174692165983
129.7551919273869
130.51817896544438
131.31059217027027
132.13231410697918
132.98329697862442
133.86331133187718
134.7724301284509
135.71054674431906
136.67761568387496
137.67359907236477
138.69849341023038
139.75227697727647
140.8349582156814
141.94655582586768
143.08709702113308
144.2566220554074
145.45518066148378
146.6828317674626
147.93964555089036
149.22570076149657
150.54108162533308
151.8858926409628
153.26022917186873
154.66420519002307
156.09793778906345
157.56155482543886
159.05518241752546
160.57895944983045
162.13302745963225
163.7175306763699
165.33262685961864
166.9784633985443
168.65520218217543
170.3630070140587
172.10204053848508
173.8724674046604
175.6744605916391
177.50818685305302
179.37382009984327
181.27152952228352
183.20149565943626
185.1638828650864
187.15886363260847
189.1866146669136
191.24730262803268
193.34109048649694
195.46815762877083
197.62865743244078
199.82275532338625
202.05060307109366
204.3123682319609
206.60819452799436
208.93823009798717
211.30261860820622
213.7014971114932
216.13500388908574
218.60326239667432
221.10640435856584
223.64454395514244
226.21779451351085
228.82626341267704
231.47002607773683
234.14926475535825
236.86398174816784
239.61429042681962
242.40027291281035
245.22200237893585
248.07954001440768
250.97294955330506
253.90228342815735
256.8675978378779
259.86893246207916
262.90632446834786
265.9798079023271
269.08940961147437
272.2351476347498
275.417055170714
278.63513004597394
281.8893873497192
285.1798273430153
288.50649430709416
291.86850629103395
295.2682362761349
298.7033758008247
302.1744232616926
305.68208159474455
309.2256092957415
312.80522019588824
316.4208964700309
320.0726040543612
323.76031699304826
327.4839989318621
331.24362623563906
335.0391583248201
338.8705611200428
342.7377951348958
346.6408266620504