113.57775114246374
113.62544202089391
113.70491135703631
113.8161357933846
113.95908261574522
114.1337092348319
114.33996299163245
114.57778078972567
114.8470883146868
115.14779962698545
115.4798155511601
115.84302444327034
116.23729938924275
116.66250085810817
117.11847714593524
117.60506440109856
118.12209192003904
118.66938075018719
119.24675020282895
119.8540177512205
120.49100510908274
121.15782054454989
121.8534432053315
122.57856640126344
123.33275594078881
124.11587408488532
124.92779490184469
125.76840603276558
126.63760748957121
127.53531447540301
128.46145376213425
129.41597231918
130.39882165362454
131.40997173254232
132.4494058276856
133.51712048690104
134.61312271629043
135.73743198625456
136.89008186112696
138.07111312986757
139.28057724644918
140.51854692863535
141.78508827460448
143.08028424830346
144.40422828382347
145.7570212070517
147.13876907259575
148.54958983339654
149.98960414054204
151.45894156554925
152.95773424108387
154.48613522588218
156.0442788277105
157.63231862479748
159.2504117683473
160.898717676503
162.5773998398222
164.286623963673
166.02655977585715
167.7973784698655
169.5992525681393
171.43236199572243
173.29697449930197
175.19297627982334
177.12083780631363
179.08064022932444
181.07255488319205
183.09676289427907
185.15343746683388
187.2427519614334
189.36487730329324
191.5199815267241
193.7082322712133
195.9297909662403
198.1848252925487
200.47390206763274
202.79592061310586
205.15228791495812
207.54272610658825
209.96737151981645
212.42638047044485
214.91985730684806
217.44793613050953
220.01074357770304
222.60838488849993
225.2409706849401
227.90860957356696
230.61139202345117
233.34941335139885
236.12275658991038
238.93150343823032
241.77572853418576
244.6554985301591
247.5708797534199
250.52192341316382
253.50868822107103
256.53120982727467
259.58954667754153
262.6837197897446
265.8137633267834
268.9797052703088
272.1815628871075
275.419357032629
278.69309772942586
282.00279361495745
285.3484525822482
288.7300712535946
292.1476480271689
295.60116954729074
299.0906499316277
302.6160523590487
306.17736615090786
309.7745885100881
313.40768288619137
317.0766462129606
320.781440824414
324.5220487308854
328.29843731558486
332.11058467915734
335.9584609749807