154.1939632902705
154.24411890967338
154.32769810182384
154.44468056326224
154.59503773005832
154.7787326347728
154.99571850413884
155.2459442470561
155.52934272748035
155.8458420052397
156.19536000617288
156.57780504383237
156.99307957006158
157.441077974436
157.92170825840034
158.43481188954183
158.98032457716542
159.55812421108877
160.16810453310453
160.81016604086494
161.48421619283118
162.1901727439601
162.9279582274859
163.6975067003808
164.49876168803823
165.33167733400555
166.19622944184238
167.09235482864568
168.02007481867565
168.97937198817476
169.97024962131007
170.99272216802953
172.04681289754515
173.13255349743903
174.24998596469985
175.39916132832934
176.5801367242567
177.79297783536182
179.0377602316614
180.3145645363421
181.62347732067644
182.96460053549848
184.33802784895457
185.74387074784877
187.1822416446625
188.65325952844543
190.1570478735337
191.69373457599426
193.26345004725465
194.86634424660508
196.50253149220194
198.1721718668643
199.87541561410163
201.6123959996714
203.38327783599533
205.18820038555455
207.02732140557188
208.90079450805547
210.8087708954432
212.7514042252811
214.7288501498772
216.74125749592704
218.78876294069224
220.87155829885185
222.9897477283621
225.14348746720069
227.33291822763627
229.55818086972448
231.8194064706801
234.11672610401212
236.45026187215674
238.82013895983002
241.22646917435378
243.66934648703162
246.14892721678564
248.66526010912335
251.21845339572104
253.8085935340161
256.43576307685174
259.1000335698118
261.8014739222267
264.5401423314144
267.31609705052284
270.1293815740315
272.9800343645565
275.8680976933165
278.79359240679656
281.7565384091174
284.75695256213584
287.7948343674056
290.8702099510476
293.98305007450307
297.1333536606998
300.32110651270096
303.5462839693677
306.80886434408797
310.10881488302755
313.44610050862065
316.82068027400385
320.23251133300374
323.681505616308
327.1677295437591
330.69101256358465
334.2513298487419
337.848633629825
341.48284669552663
345.1539103266224
348.8617525397661
352.60631033461794
356.3875055316719
360.20527153177414
364.05952788317376
367.9502076488915
371.87722853779917
375.84051897592667
379.8400000692448
383.8755966198525
387.94723157442587
392.05482318180685
396.1983103974515