160.43874055312136
160.48923649699026
160.573383174737
160.69116047821532
160.84254062419666
161.02748352726002
161.2459554469251
161.49789168935783
161.78323369206691
162.10190997095168
162.45384054228396
162.83893767726155
163.257107579487
163.70825132473297
164.1922670196727
164.7090551969923
165.25851429063871
165.8405456711343
166.45506383418132
167.10197855414577
167.78121360996622
168.49269990416974
169.23637685070224
170.0121941907125
170.82010973261956
171.66009214331828
172.5321189049252
173.43617781364782
174.3722657562156
175.34038944117648
176.3405645769892
177.37281895523006
178.43716420436485
179.53368785139304
180.66234496419088
181.82336893412403
183.01667024116512
184.24236567161162
185.5005389160286
186.79127748413353
188.11467393094492
189.4708299585083
190.85984900415875
192.2818423597948
193.7369270660358
195.2252067747679
196.74685745845161
198.3019594927388
199.89066157181236
201.51309825563865
203.1694190333653
204.8597582444875
206.5842650844731
208.343081871323
210.1363614669915
211.96425158633662
213.82689285262683
215.72446602626013
217.65709049687706
219.62492667250064
221.62812397696595
223.66682854562657
225.74118683692524
227.85134742329453
229.99743418022643
232.1796013905029
234.39801316860877
236.6526822853269
238.943880898595
241.27165326395777
243.63613030853725
246.03742552579996
248.47564533267123
250.95088887625303
253.4632532413528
256.01282040072647
258.59968806288015
261.22391820087864
263.8855813209354
266.5847543908347
269.3214718672426
272.0957927101136
274.90776454576326
277.75741769682986
280.64477597455704
283.5698660659382
286.5327031600548
289.5332902554443
292.57163908145986
295.6477340619728
298.7615704423455
301.9131298609652
305.10239101092765
308.32932555650814
311.5938998497741
314.8960779626252
318.23581237296764
321.61306360648723
325.02777426024545
328.47989086930096
331.9693152769165
335.496096516022
339.060058722757
342.6611768576171
346.299372095757
349.9745705197489
353.68668473400663
357.435668480394
361.22143749733385
365.04387143389965
368.90294711064644
372.798538633283
376.7305754707176
380.6989771913682
384.70365648058475
388.74453080707724
392.821523421446
396.9345387397002
401.08350053684126
405.268323132784