10.585388422113285
10.95780664373831
11.348686907198358
11.757752849306979
12.184755920247758
12.629469964110084
13.091685246228487
13.571213743259605
14.067885952441943
14.58154983654354
15.112069405145347
15.65932558757386
NaN
16.803645698113574
17.4005432762741
18.013844181071345
18.643497604739277
19.28946618665389
19.951722689635446
20.6302527114777
21.325052352748358
22.036128405150116
22.763499001165325
23.507191588483977
24.267244767507762
25.0437065591033
25.836634415888646
26.64609621490136
27.4721685916483
28.314935682040716
29.17449609546
30.050948903778924
30.944408302383504
31.854992508290568
32.78282938100614
33.728060769465884
34.69082194208765
35.67126550907498
36.66954951217552
37.685838670055645
38.72030397973347
39.77311796041544
40.84447238320006
41.93454496767916
43.043539980488184
44.17165318461296
NaN
46.486051153093825
47.67275988684037
48.879430449733626
50.106284374395706
51.35355012917697
52.621453228616296
53.91022946449509
55.2201060404279
56.55132862745512
57.9041349255133
59.27877014132301
60.67547330226306
62.09449615533314
63.536084523377255
NaN
66.4879521245795
67.99873288623297
69.53308280787661
71.091252335115
72.67349250246427
74.28005520209715
75.91119195926748
77.5671539742768
79.24819137224728
80.95455326853872
82.68648755654695
84.44424069977163
86.22805752854904
88.03818104186993
89.87485221470591
91.73830981127156
93.62879020466717
95.54652720333345
97.4917518847599
99.46469243687555
101.46557400753542
103.49461856251851
105.55204475241608
107.6380677887824
109.75289932989011
111.89674737640063
114.0698161772437
116.2723061459603
118.50441378771936
120.766331637121
123.05824820722577
125.38034794937948
127.73281122444057
130.11581428515015
132.52952926966947
134.97412420628888
137.44976302917757
139.9566056050802
142.4948077707856
145.06452138118945
147.6658943677369
150.29907080698527