12.219560492844
12.599948238276976
12.999285238944806
13.417285487591652
13.853685424247805
14.308243712314674
14.780741240705016
15.270959432613004
15.778728756610274
16.303877487685643
16.84625405960098
17.40572508841196
17.982173190594526
18.575494677991713
19.185601822587767
19.81241927564792
20.455886285956716
NaN
21.792588827209567
22.485762247729
23.195473779699043
23.921712934196815
24.66449459120726
25.42384338315582
26.19979040113717
26.992381410591435
27.801668899896356
28.62771983428126
29.470605594190218
30.33041108883004
31.20723019381168
32.10116446041159
33.012324114003285
33.94082694442963
34.88680579181741
35.85039201905853
36.83172965781137
37.83096776189006
38.848268594592525
39.883793276152794
40.937715469075805
42.010210252953925
43.101462183765925
44.21166344569324
45.34100357325399
46.48969095541102
47.65792373673477
48.84591771325607
50.053883148446666
51.28203851369076
52.53060926855913
53.799820803270535
55.089900529040364
56.401086616102944
57.73360414719221
59.087712243150136
60.46363198856463
61.86161363887295
63.281902285890276
64.72474288798362
66.1903855129963
67.67907782335553
69.19106922619461
70.72661588816511
72.28596198411036
73.8693649193971
75.47707255172132
77.10933450240168
78.76640939912504
80.44853908928027
82.15597609348636
83.88896812800671
85.64776187084999
87.43260244283756
89.2437332043547
91.08139555752349
92.94582875425105
94.83726971057416
96.75595282773979
98.70210982046646
100.675969552818
102.67775788210413
104.70769751125145
106.76600785000039
108.85290488534461
110.9686010615445
113.11330517004994
115.28722224963686
117.49055349701564
119.72349618814305
121.98624361045677
124.27898500614825
126.60190552664922
128.95518619834564
131.33900389963162
133.7535313492196
136.19893710577497
138.67538557868443
141.1830370499163
143.7220477068065
146.29256968556447
148.89475112532423
151.52873623246055
154.19466535492026