119.52827830075182
120.07672412253359
120.65532776098351
121.26391140140385
121.90229671231042
122.57033354873562
123.26779345922691
123.99458222684292
124.75053271226099
125.53550983804831
126.34939065963985
127.1920655533276
128.06343742464568
128.9634241947659
129.89195514371124
130.84898021213257
131.83445166976153
132.8483439940577
133.89064118610554
134.96133988155174
136.06045167872745
137.18799799818692
138.34401071661833
139.5285351539773
140.74162587867414
141.98334526580348
143.25376418171507
144.55299060286075
145.88109034404454
147.23817150783145
148.62434553406447
150.03972610754843
151.48443756940114
152.95860682566655
154.4623773743807
155.99588132982984
157.55926892386685
159.15269156421476
160.77630393466916
162.43026146878276
164.1147387984402
165.82989033894822
167.57589208374395
169.35291025543134
171.16111690983684
173.00069608592614
174.87193152413556
176.77464566338145
178.70937314671096
180.67616899142368
182.67521048085698
184.70666884675106
186.77072763839936
188.86754785325755
190.99730485506626
193.16015067278903
195.35628738485465
197.5858443385722
199.84898751008
202.14587668611964
204.47665523148592
206.84147776905553
209.2404382885785
211.67380818817313
214.14158897677
216.64395126094783
219.1810200494881
221.75291063136623
224.35973414010562
227.00159905426798
229.67860413385893
232.39084632549444
235.13841290456423
237.92139531528588
240.73984456228763
243.59386387455297
246.48349212922884
249.40882532956755
252.3698857820947
255.36673311121868
258.3994057436625
261.4679472520476
264.5723997663188
267.71277510068705
270.8891057530132
274.1014046661368
277.3496908364818
280.6339742126716
283.9542568134124
287.31054359623545
290.7028377484448
294.1311237839387
297.5954000925907
301.0956193024228
304.63187009013575
308.2040326779279
311.812124575006
315.4561223015083
319.13598968204496
322.85173901682725
326.6033081270646
330.39068047719746
334.2138258932331
338.07271537990283