140.2391317234218
140.80365242140797
141.39942567525455
142.02631273181038
142.68417885349936
143.37289829119484
144.09234837887013
144.8424204145584
145.6230068666493
146.4340390274313
147.27541735434488
148.14708366593723
149.04901585403664
149.98107190003552
150.94332072638576
151.93571218730165
152.9582358876424
154.01090065464007
155.09371065383982
156.20670123689948
157.34990545881163
158.52336815552715
159.7271442726692
160.96129900019082
162.2259051812208
163.521042358984
164.84680240796527
166.20331273367265
167.5905790627557
169.00881177037593
170.45809538750743
171.9385500319148
173.4503060056077
174.99349851723926
176.56826258669946
178.17474445197607
179.8130877285511
181.4834450406829
183.18596768219285
184.92081164674406
186.68813657034687
188.4881026249936
190.32086961041654
192.18660166444633
194.08546044959417
196.01760363564003
197.98321706431707
199.98243996087618
202.01552406759225
204.08238309346615
206.18342175158284
208.31871506729834
210.48841547950929
212.69267806576156
214.93164642856777
217.205466937019
219.51427876470572
221.85821818536596
224.23741812135637
226.65200441369063
229.10209582203805
231.58784215418166
234.10927835014607
236.66657911941692
239.25982110950002
241.88909978348767
244.5545028492529
247.256110404329
249.99400295143892
252.76824465542146
255.57890006994026
258.42602745014574
261.3096751938403
264.22989111319833
267.1867109383736
270.18021820156355
273.2102833006057
276.2770887202372
279.3805955555429
282.5208091883116
285.6977376686869
288.9113799094992
292.16173010759593
295.44878181944074
298.7725169336874
302.1329213511277
305.529964126754
308.9636240773537
312.4338821091848
315.9406924427239
319.48401985091243
323.0638299745352
326.68008068354317
330.33271761921833
334.0217284234978
337.74703187668183
341.50858990345296
345.30635472803317
349.1402660060084
353.0102887023613
356.9163536612698
360.8584084844458
364.836403467888
368.850278521309