89.72801343961144
90.24958604372901
90.7995182097273
91.37758053002418
91.98354124382122
92.61717264141062
93.27825213366195
93.9665641209953
94.68190398830387
95.42407751670703
96.19290353942198
96.98821800314082
97.80986698143786
98.6577141157147
99.5316405759171
100.43154073298125
101.35732577425682
102.30892435335794
103.2862790461569
104.28934897412795
105.31810609046438
106.37253973251417
107.45265025524527
108.55845125991748
109.68998049336119
110.8472701645727
112.03037398758167
113.23936055836653
114.47430209670304
115.73527682785131
117.02240537464105
118.33576741910146
119.67548715734262
121.04168053948749
122.43448538564303
123.85403941900356
125.30047988199226
126.7739574413241
128.2746394489236
129.8026772834311
131.35824418970506
132.94150974473698
134.55263863319843
136.19184902620884
137.85928604344272
139.55515033712675
141.2796292140048
143.0329193895748
144.81521169729527
146.6266989889473
148.46756935196004
150.3380486553332
152.2383018585303
154.16854501610905
156.12896671690226
158.1199992041911
160.14113606247884
162.19327210171423
164.27636442256832
166.39060828644816
168.5361873010497
170.71328446047076
172.9220849931782
175.16276617231574
177.43550312356248
179.74047362308332
182.07783838749103
184.44776147078073
186.85040910282075
189.28597089290705
191.7544743427331
194.25619072870973
196.7912183982832
199.35969242244582
201.96174429262214
204.59749899947727
207.2670749866826
209.97058706482926
212.70803126179644
215.47985588143078
218.2858124473659
221.12611198012414
224.00077520992744
226.91008163282976
229.85391358484486
232.83240690911353
235.84562511910903
238.89364253875314
241.97652367191446
245.09430146228823
248.24703485754563
251.43476996181462
254.65754695307854
257.91538943379834
261.2083726425529
264.5364840486496
267.89976872398813
271.29824579698624
274.73193727184696
278.20086126876504
281.70503307276033
285.2444656473812
288.8191697639681
292.42915419244406