100.79066611057979
101.32285358627858
101.88410982054945
102.47422208262677
103.09297885434353
103.74017120828412
104.41559677033196
105.11906073669692
105.85037787950431
106.60937608434375
107.39589340572108
108.20978367904885
109.05091560476096
109.91917074790885
110.81444624722506
111.73665670399485
112.68572935631386
113.66160739182959
114.66424853610297
115.69362637029502
116.74972694502802
117.83254946065139
118.9421081554497
120.07842862173062
121.24154626580446
122.43151722847503
123.64840033505497
124.89226405454045
126.16319083830625
127.46127423055749
128.78661304853617
130.13931541407126
131.51950409690807
132.92729698100723
134.36282792938027
135.82624363224897
137.31768000488114
138.83729129583796
140.38523398876868
141.96166938936582
143.56676471204446
145.20069183658347
146.86361837942533
148.55572714016145
150.2772671897831
152.02820832124974
153.80894957798057
155.61960472013735
157.4603083275675
159.33140765648182
161.2329350136519
163.16512588671864
165.12818386869776
167.12228161693923
169.1476155225607
171.20436601003414
173.2927246166481
175.41286735604137
177.56497882846938
179.7492333607938
181.96580826637572
184.21487366305314
186.49659827577133
188.81114590286643
191.1586778775571
193.53935038819685
195.95331424811093
198.40071505315973
200.88170038973317
203.39640188885951
205.94495842127418
208.52748478585775
211.14412899613714
213.7949807878129
216.4801613338043
219.1997741676421
221.9539238265483
224.74269949884652
227.56619519024574
230.42449398744958
233.31766963203285
236.2458007123293
239.20895279195966
242.20718677010515
245.24056247903724
248.30913097651543
251.4129384387654
254.55203649240036
257.72645073544453
260.93622848409007
264.1813919815502
267.4619704004618
270.7779514376217
274.12945259436754
277.5163928048893
280.93881680116414
284.3967337397043
287.89014920148384
291.41906627816394
294.9834899925488
298.58341712676025
302.21884514019297
305.889769664556
309.59618449902877