136.30197328317794
136.86356360613613
137.45620614793566
138.07975283500903
138.73406119213428
139.4189956122744
140.13442661415493
140.88023349155335
141.656308188447
142.46255332584744
143.2988800891678
144.1652156012844
145.0614964804467
145.98767154824714
146.94370517002656
147.92957155862578
148.9452506521649
149.99074837191972
151.0660691277816
152.1712352238599
153.3062761750359
154.47123318623306
155.66615734234207
156.89110847998566
158.14615791586448
159.4313828589499
160.74686573019102
162.09271148937077
163.46901253567992
164.87588045144727
166.31343165327732
167.78178677054717
169.2810737248918
170.8114246655535
172.37297927054502
173.96587788385048
175.59026917756788
177.24630357004315
178.93408296572636
180.65391572038806
182.40580835452107
184.18997875094928
186.00658376111141
187.85578916937848
189.73775917325347
191.65266438810139
193.60066555623212
195.5819291229363
197.59661847895197
199.6449052100976
201.7269407146895
203.84289138179355
205.9929123900019
208.1771599051896
210.39579377640277
212.64894095533356
214.93676566059926
217.2594063279978
219.6169985740007
222.00967903715647
224.4375680324524
226.90250008065877
229.39946355605454
231.9337029625303
234.50361206075408
237.10929123822848
239.75083708921747
242.42833656142025
245.1418741168487
247.89152284566774
250.67735825826927
253.49944034044046
256.3578310813163
259.25257535058734
262.1837300222833
265.1513263511202
268.15540346013177
271.1959761403315
274.2730932955945
277.3867564603252
280.53697567177693
283.7237597181298
286.9471143426839
290.20688725742457
293.5035113411365
296.83653465283453
300.2060944466558
303.6121620720959
307.0547237311948
310.5337254538258
314.0491996060353
317.60106390253577
321.18929145209853
324.813831667065
328.47469249086544
332.1717875760136
335.9050825128769
339.67454582461096
343.48011916218934
347.3217571955875
351.19941355719965
355.11303656868387
359.0625786880382
363.0479870383123