141.8594904850963
142.42520108439163
143.02224684874818
143.6504922162985
144.3098058133592
145.00006382805836
145.72115015944516
146.47295824933613
147.25539105144534
148.06836319819453
148.9117999405875
149.78563851691897
150.68982817833142
151.62432879396354
152.58911401693555
153.584167174351
154.60948325702478
155.66506890307406
156.75094091953298
157.86738387846958
159.0136651081958
160.19060231779807
161.3979948777799
162.63590993445632
163.90442107827008
165.20361012982843
166.53356839748162
167.89438587209142
169.2861871968816
170.70906905358777
172.1631436140698
173.64855131688753
175.1654074562369
176.71385017875068
178.29400316036987
179.90605418504103
181.5501005917661
183.22631983387086
184.93485247405548
186.67585843907932
188.44949542788748
190.25592315891996
192.0953020104972
193.96779513525814
195.87356283231685
197.81276918486358
199.78557542753953
201.79214316761932
203.83263787224888
205.9072088908559
208.01601943010178
210.15922957970946
212.33698107461075
214.54942917774312
216.79671685946673
219.0789896944928
221.39638377047436
223.7490343648087
226.13707047901366
228.56061494561928
231.01979165353876
233.51524893197035
236.04548334163158
238.61221240716924
241.21499415709116
243.85391810641866
246.5290727192735
249.24053590322677
251.9883740131166
254.7726693851403
257.5934673046533
260.45081146570476
263.34479189302635
266.2754086942144
269.2427071025994
272.246791178019
275.287481905769
278.36498962374264
281.4792693494175
284.6303246895699
287.81815494411234
291.0427579501591
294.304122173639
297.6022451876169
300.9371020983748
304.30867167254706
307.7169296102382
311.1618471003387
314.6433911732044
318.16152703995226
321.71621889916037
325.30742220278586
328.9350941898937
332.59918949334804
336.299659263031
340.03645763094596
343.80952903483427
347.618820871998
351.46428169597164
355.3458562884119
359.26348559746066
363.21711750281366
367.20669020135983
371.23215641008596