154.21414355341025
154.78866161192414
155.3951308984861
156.03343360088144
156.7034735325202
157.40515827722894
158.1383935369082
158.90330134751397
159.6992234313679
160.52669271211062
161.38546558865477
162.27550598198988
163.19678781205624
164.1492963366175
165.13302719383108
166.14798507556137
167.19418722450067
168.2716515051802
169.38043058570534
170.52055144396047
171.69207066883092
172.89505232917276
174.12956370952924
175.39568237570205
176.69349255121543
178.02308783925778
179.38456402999782
180.77802791123594
182.20364448830352
183.6613673529138
185.15148107497308
186.67405990261236
188.22923399570703
189.8171378909333
191.43791507491576
193.09170453494337
194.77865441552262
196.49891315852963
198.25263150729901
200.03996176299654
201.86105895291
203.71607605739277
205.6051718666756
207.52849840787061
209.48621618430008
211.47847252757416
213.5054333670287
215.56724019011548
217.66404688289
219.79600223100212
221.9632513495949
224.1659373235067
226.40419666346034
228.67816125231715
230.9879854270392
233.33376817685277
235.71564283692393
238.13372625277253
240.58812919485356
243.0789578413011
245.60631413648463
248.1702911248393
250.7716161869288
253.40845627412236
256.0828046043056
258.79408893911904
261.54237325176433
264.3277107280471
267.1501562134055
270.0097550488644
272.90653203220137
275.8405329817714
278.81176810435727
281.820260466539
284.86602197664655
287.94905561118287
291.06936194811846
294.22693376890754
297.4217594223929
300.6538283609967
303.9231079449556
307.22958287323064
310.5732119875376
313.9539606945516
317.37180583896054
320.82668584075225
324.3185586074721
327.84737632339755
331.41308706238016
335.01562842880287
338.654956001874
342.3309985271336
346.0436908443892
349.79297976215776
353.57878864384736
357.4010605999267
361.2597183142805
365.1546981333907
369.0859255797407
373.0533353897486
377.05685418756485
381.0964067862968
385.17192655476333
389.2833465780861