159.1017713131955
159.67965307641094
160.28972143103275
160.93187799078848
161.60603022166973
162.31209418588142
163.0499943948349
163.8196651360934
164.62105046924952
165.45410364851216
166.31879331029643
167.21508133530773
168.1429640506711
169.10243355878356
170.0934924527029
171.11615519282415
172.1704450954724
173.2563962206451
174.37404586107698
175.52345309322652
176.70466881186763
177.91775975680056
179.16280240814396
180.43987672120545
181.74907358521176
183.09048646123605
184.46421813104624
185.87037418786082
187.30907140546265
188.78042474605857
190.28456048996242
191.82160453882145
193.3916914494684
194.99495912945508
196.63153991939842
198.30158887546975
200.00523790508916
201.7426502062652
203.51396337968555
205.31932956574175
207.15891285663977
209.0328526944542
210.94130839724141
212.88443295442138
214.86237811208605
216.8752967405389
218.92333857953062
221.00664900652228
223.1253818790393
225.2796758546908
227.46967107192722
229.6955064268808
231.95731396936156
234.25522494318128
236.58936004787424
238.9598506735133
241.36680058184035
243.81032450675212
246.29052792064874
248.8075063469344
251.36135226664464
253.95215893088275
256.5799825484071
259.24494918164123
261.9470757032772
264.6864365033109
267.4630930294427
270.27708634437715
273.12845754903225
276.0172402315831
278.94340158430015
281.90714110525
284.908294814167
287.946929212523
291.0230457807499
294.13664219726974
297.28770242382444
300.4762204416946
303.70216710818977
306.965518120142
310.2662468944668
313.6043117407918
316.97967445317676
320.39229134374926
323.8421160850691
327.32909038878506
330.85316901347625
334.41428502969984
338.0123848636831
341.64739964196195
345.31926301570144
349.0279112467633
352.7732734884034
356.5552746576849
360.3738474056396
364.22891226891227
368.12040104800434
372.04823181799986
376.0123315663766
380.01262250947514
384.0490248882502
388.1214732285354
392.2298752063899
396.37417142084246