 0.00000000000000E+00
 0.00000000000000E+00
 0.00000000000000E+00
 0.00000000000000E+00
 0.00000000000000E+00
 0.00000000000000E+00
 0.00000000000000E+00
 0.00000000000000E+00
 0.00000000000000E+00
 0.00000000000000E+00
 0.00000000000000E+00
 0.00000000000000E+00
 0.00000000000000E+00
 0.00000000000000E+00
 0.00000000000000E+00
 0.00000000000000E+00
 0.00000000000000E+00
 0.48523611265294E-18
 0.15631657707646E-16
 0.15833557502012E-16
 0.30207776523895E-16
 0.26103590541315E-16
 0.21844389930957E-16
 0.74845669632990E-17
 0.18853202293488E-16
 0.19548618393107E-16
 0.35556105538810E-16
 0.74760257967126E-16
 0.16107687745835E-15
 0.34163292972533E-15
 0.68816545881892E-15
 0.13400111162716E-14
 0.25025205381427E-14
 0.45074220153572E-14
 0.78412414819431E-14
 0.13219698404894E-13
 0.21646880948981E-13
 0.34502975642649E-13
 0.53645453497154E-13
 0.81516807107578E-13
 0.12126663006534E-12
 0.17688368668129E-12
 0.25333033285189E-12
 0.35668613487633E-12
 0.49430074530123E-12
 0.67492533004656E-12
 0.90886204422668E-12
 0.12080961585522E-11
 0.15864163942473E-11
 0.20595321006364E-11
 0.26451635288669E-11
 0.33631314596434E-11
 0.42354137652513E-11
 0.52861954063244E-11
 0.65418929832428E-11
 0.80311584004891E-11
 0.97848692118699E-11
 0.11836094399889E-10
 0.14220042830857E-10
 0.16973997743567E-10
 0.20137229398096E-10
 0.23750898448254E-10
 0.27857944276822E-10
 0.32502959545672E-10
 0.37732058992847E-10
 0.43592737079003E-10
 0.50133720276112E-10
 0.57404814380342E-10
 0.65456750504910E-10
 0.74341027641433E-10
 0.84109754376029E-10
 0.94815495133800E-10
 0.10651111532718E-09
 0.11924963348205E-09
 0.13308407488534E-09
 0.14806733306526E-09
 0.16425203629220E-09
 0.18169042187655E-09
 0.20043421658526E-09
 0.22053452609491E-09
 0.24204173206297E-09
 0.26500539727573E-09
 0.28947418020339E-09
 0.31549575651231E-09
 0.34311675078744E-09
 0.37238267524405E-09
 0.40333787735181E-09
 0.43602549584704E-09
 0.47048742308103E-09
 0.50676427684341E-09
 0.54489537783791E-09
 0.58491873465057E-09
 0.62687103519849E-09
 0.67078764401442E-09
 0.71670260570836E-09
 0.76464865349510E-09
 0.81465722242093E-09
 0.86675846777629E-09
 0.92098128703506E-09
 0.97735334587893E-09
 0.10359011076253E-08
 0.10966498655417E-08
 0.11596237778585E-08
 0.12248459051591E-08
 0.12923382496718E-08
 0.13621217961808E-08
 0.14342165546225E-08
 0.15086416033081E-08
 0.15854151333094E-08
 0.16645544933471E-08
 0.17460762351357E-08
 0.18299961587394E-08
 0.19163293580771E-08
 0.20050902662193E-08
 0.20962927004079E-08
 0.21899499067472E-08
 0.22860746043455E-08
 0.23846790288832E-08
 0.24857749752668E-08
 0.25893738421361E-08
