0.
0.
0.
0.
0.
0.
0.
0.
0.
0.
0.
0.
0.
0.
0.
0.
0.
0.
0.
1.9859446137283985e-12
3.971889227456797e-12
5.9578338411851955e-12
5.9578338411851955e-12
5.9578338411851955e-12
6.08195537954322e-12
6.454319994617295e-12
7.571413839839519e-12
8.936750761777794e-12
2.1721269212654357e-11
4.2449566118444516e-11
9.681479991925942e-11
2.198192444320621e-10
4.854393365182354e-10
1.0354218729826437e-9
2.1162722290043247e-9
4.181034019590069e-9
7.995909501023964e-9
1.4795659736891643e-8
2.65777726439888e-8
4.64436731012674e-8
7.911370321248314e-8
1.3159650976256023e-7
2.140894218568406e-7
3.4115921911548367e-7
5.332303489183792e-7
8.184810070251043e-7
1.2351711611483667e-6
1.8345165851746848e-6
2.684149988261501e-6
3.872254758550658e-6
5.5124815414242974e-6
7.749622207387823e-6
0.000010766290693872013
0.000014790514030275934
0.00002010441265363046
0.00002705400141763164
0.00003606019743539152
0.00004763107248885407
0.00006237540859024235
0.00008101766815667837
0.00010441430544214629
0.00013357152659193005
0.0001696646022092526
0.00021405859639691093
0.0002683306082198559
0.00033429363245736165
0.0004140218342236385
0.0005098774505735702
0.000624539125339855
0.0007610318455103566
0.0009227583212630663
0.0011135318534735825
0.001337610578847543
0.00159973334414825
0.0019051566936703701
0.0022596934333054173
0.0026697524267617454
0.0031423797082175764
0.0036853008055313936
0.004306964381002464
0.005016586925550854
0.005824198737679496
0.006740690924080624
0.007777863495118319
0.00894847459217534
0.01026629063325111
0.011746137535189929
0.013403952906167237
0.01525683913532637
0.01732311754439919
0.019622383346364968
0.022175561599067497
0.025004964022345783
0.0281343468248934
0.03158896930427097
0.035395653471666004
0.03958284457653394
0.044180672570963295
0.049221014495891585
0.054737557953508695
0.060765865468370546
0.06734343993978933
0.0745097911677509
0.08230650346514386
0.09077730442531196
0.09996813485746602
0.1099272199784541
0.12070514189787808
0.13235491336515387
0.14493205305307227
0.15849466210156565
0.17310350237236607
0.1888220761378876
0.20571670747678006
0.2238566253834767
0.2433140486469707
0.26416427261052916
0.2864857579013402
0.31036022111048156
0.3358727276811359