 0.21205096307583E-04
 0.16562271438160E-04
 0.13023649171383E-04
 0.10333574463081E-04
 0.84055042855229E-05
 0.69551573683438E-05
 0.59654211515401E-05
 0.52718526683319E-05
 0.47928466992256E-05
 0.43893292064537E-05
 0.41028292095210E-05
 0.37755676219902E-05
 0.34971824767080E-05
 0.32297135024671E-05
 0.29967647861827E-05
 0.27427596201366E-05
 0.25307145072801E-05
 0.23407210079929E-05
 0.21856685640333E-05
 0.20189993206696E-05
 0.18822908924370E-05
 0.17590495053253E-05
 0.16468083155792E-05
 0.15449659076408E-05
 0.14520460564089E-05
 0.13671218877683E-05
 0.12892820510032E-05
 0.12180353519103E-05
 0.11519533858982E-05
 0.10911689000623E-05
 0.10350275002134E-05
 0.98303715032613E-06
 0.93490552145881E-06
 0.89026311456075E-06
 0.84857333955530E-06
 0.80978294184449E-06
 0.77359979656627E-06
 0.73996378386893E-06
 0.70820041995358E-06
 0.67858888852719E-06
 0.65081694856580E-06
 0.62474433870494E-06
 0.60021271083107E-06
 0.57714153753529E-06
 0.55540806479397E-06
 0.53490758376963E-06
 0.51555645387994E-06
 0.49723900293544E-06
 0.47996111714449E-06
 0.46357968240480E-06
 0.44805296427995E-06
 0.43333060976732E-06
 0.41928031371955E-06
 0.40606892755749E-06
 0.39345465027083E-06
 0.38142153099964E-06
 0.36998099773109E-06
 0.35906512099407E-06
 0.34866286677561E-06
 0.33872222714839E-06
 0.32924526638579E-06
 0.32018290295771E-06
 0.31150985183589E-06
 0.30321105808976E-06
 0.29526369607120E-06
 0.28764739328683E-06
 0.28034271802266E-06
 0.27333483310245E-06
 0.26660837876558E-06
 0.26014492995853E-06
 0.25393397437596E-06
 0.24795993630216E-06
 0.24221148203355E-06
 0.23667695512557E-06
 0.23134551607988E-06
 0.22620698255067E-06
 0.22125178319386E-06
 0.21647091524482E-06
 0.21185590550640E-06
 0.20739877442347E-06
 0.20309200299549E-06
 0.19892850224505E-06
 0.19490158504543E-06
 0.19100494007669E-06
 0.18723260775004E-06
 0.18357895791258E-06
 0.18003866919099E-06
 0.17660670983999E-06
 0.17327831993699E-06
 0.17004899484880E-06
 0.16691447001876E-06
 0.16387069057730E-06
 0.16091387697728E-06
 0.15804035515927E-06
 0.15524670217412E-06
 0.15252965673547E-06
 0.14988612478240E-06
 0.14731316996110E-06
 0.14480800472554E-06
 0.14236798197269E-06
 0.13999058720079E-06
 0.13767343113348E-06
 0.13541424278967E-06
 0.13321086296203E-06
