-0.00000000000000E+00
-0.00000000000000E+00
-0.00000000000000E+00
-0.00000000000000E+00
-0.00000000000000E+00
-0.00000000000000E+00
-0.00000000000000E+00
-0.00000000000000E+00
-0.00000000000000E+00
-0.00000000000000E+00
-0.00000000000000E+00
-0.12640740679495E-16
-0.22097152261282E-16
-0.53968419123826E-16
-0.41620909017459E-16
-0.38245233656407E-16
-0.15470571328987E-16
-0.48698744094598E-16
-0.82934438379610E-16
-0.26513192693869E-15
-0.81024633684833E-15
-0.21428022462318E-14
-0.52753901915842E-14
-0.11992505269252E-13
-0.25579969435973E-13
-0.51274666416055E-13
-0.97415435947106E-13
-0.17652253112794E-12
-0.30642137406154E-12
-0.51187594261165E-12
-0.82604166035248E-12
-0.12919135725068E-11
-0.19639559102356E-11
-0.29093802054310E-11
-0.42093548567818E-11
-0.59600205967965E-11
-0.82731748965363E-11
-0.11276648350216E-10
-0.15114496509049E-10
-0.19946671067035E-10
-0.25948619548302E-10
-0.33310404139230E-10
-0.42235683264560E-10
-0.52940462374539E-10
-0.65651608559634E-10
-0.80605276702414E-10
-0.98045208661994E-10
-0.11822094650973E-09
-0.14138608941313E-09
-0.16779649617260E-09
-0.19770853587150E-09
-0.23137743884249E-09
-0.26905569784806E-09
-0.31099161182395E-09
-0.35742792192291E-09
-0.40860059643431E-09
-0.46473776064459E-09
-0.52605875823858E-09
-0.59277336478782E-09
-0.66508113840482E-09
-0.74317092320676E-09
-0.82722046893021E-09
-0.91739618083373E-09
-0.10138529953738E-08
-0.11167343470026E-08
-0.12261722616578E-08
-0.13422874800606E-08
-0.14651897271230E-08
-0.15949779922116E-08
-0.17317408843659E-08
-0.18755570292441E-08
-0.20264954900908E-08
-0.21846162313190E-08
-0.23499705708129E-08
-0.25226016565086E-08
-0.27025449404003E-08
-0.28898286289056E-08
-0.30844741359523E-08
-0.32864965095945E-08
-0.34959048263419E-08
-0.37127025708248E-08
-0.39368879793560E-08
-0.41684543439559E-08
-0.44073902937476E-08
-0.46536800396676E-08
-0.49073035801588E-08
-0.51682368809246E-08
-0.54364520206934E-08
-0.57119173116009E-08
-0.59945973934991E-08
-0.62844533046584E-08
-0.65814425367114E-08
-0.68855190701814E-08
-0.71966334066958E-08
-0.75147325842167E-08
-0.78397601944435E-08
-0.81716564024207E-08
-0.85103579611500E-08
-0.88557982418234E-08
-0.92079075242119E-08
-0.95666117432464E-08
-0.99318351477534E-08
-0.10303497769262E-07
-0.10681516810620E-07
-0.11065806482283E-07
-0.11456278117131E-07
-0.11852840297706E-07
-0.12255398988788E-07
-0.12663857683391E-07
-0.13078117551386E-07
-0.13498077588640E-07
-0.13923634762778E-07
-0.14354684149533E-07
-0.14791119054934E-07
-0.15232831114530E-07
-0.15679710362198E-07
-0.16131645261530E-07
-0.16588522689537E-07
-0.17050227862338E-07
-0.17516644190556E-07
