 0.00000000000000E+00
 0.00000000000000E+00
 0.00000000000000E+00
 0.00000000000000E+00
 0.00000000000000E+00
 0.00000000000000E+00
 0.00000000000000E+00
 0.00000000000000E+00
 0.00000000000000E+00
 0.00000000000000E+00
 0.00000000000000E+00
 0.24984587081502E-16
 0.16774892647549E-15
 0.19150180203810E-15
 0.37566891238837E-15
 0.18753864386944E-15
-0.34646192856702E-15
 0.26027760641421E-16
-0.57077801386853E-15
 0.46102783367056E-15
 0.99381116607182E-15
 0.19847497708297E-14
 0.66707977623943E-14
 0.12856266268587E-13
 0.24095835268109E-13
 0.49186025204395E-13
 0.98239866846202E-13
 0.17561962361556E-12
 0.30643001367529E-12
 0.51327098007645E-12
 0.82624953629125E-12
 0.12926083224644E-11
 0.19650043191461E-11
 0.29078347456181E-11
 0.42087524258738E-11
 0.59609200147174E-11
 0.82734766221505E-11
 0.11277241735914E-10
 0.15115278906172E-10
 0.19951739101796E-10
 0.25957878374942E-10
 0.33323485970676E-10
 0.42256232694750E-10
 0.52974502494333E-10
 0.65708466445411E-10
 0.80692906278234E-10
 0.98180789761382E-10
 0.11842471845817E-09
 0.14168578381960E-09
 0.16823605181895E-09
 0.19834305663830E-09
 0.23227831123804E-09
 0.27031651400229E-09
 0.31272986340629E-09
 0.35980076529151E-09
 0.41179854324810E-09
 0.46900359555858E-09
 0.53169138011878E-09
 0.60013905501714E-09
 0.67462184999361E-09
 0.75541966481537E-09
 0.84281110084077E-09
 0.93708358373797E-09
 0.10385195491600E-08
 0.11474148709122E-08
 0.12640624012934E-08
 0.13887664262639E-08
 0.15218371741673E-08
 0.16635841749493E-08
 0.18143316367569E-08
 0.19744105280402E-08
 0.21441521269305E-08
 0.23239093906273E-08
 0.25140162593613E-08
 0.27148320136906E-08
 0.29267116308892E-08
 0.31500095789202E-08
 0.33850788332498E-08
 0.36322757521867E-08
 0.38919393481875E-08
 0.41644104302039E-08
 0.44500132815529E-08
 0.47490606919672E-08
 0.50618416785758E-08
 0.53886355870246E-08
 0.57296833113476E-08
 0.60852110995204E-08
 0.64554097838580E-08
 0.68404426188290E-08
 0.72404389623296E-08
 0.76554915738893E-08
 0.80856610565017E-08
 0.85309640393056E-08
 0.89913823485427E-08
 0.94668641532883E-08
 0.99573152411124E-08
 0.10462609174790E-07
 0.10982573377421E-07
 0.11517010789302E-07
 0.12067026702841E-07
 0.12628289831430E-07
 0.13204548560323E-07
 0.13794103860205E-07
 0.14396561845470E-07
 0.15011494609247E-07
 0.15638422300626E-07
 0.16276823728220E-07
 0.16926105712910E-07
 0.17585617669812E-07
 0.18254614274700E-07
 0.18932262197771E-07
 0.19617596728867E-07
 0.20309512883043E-07
 0.21006730657260E-07
 0.21707759670071E-07
 0.22410850388787E-07
 0.23113957139576E-07
 0.23814660713964E-07
 0.24510132394897E-07
 0.25197040155764E-07
