0.
0.
0.
0.
0.
0.
0.
0.
0.
1.9859446137283985e-12
0.
0.
0.
0.
0.
0.
0.
3.971889227456797e-12
3.971889227456797e-12
3.971889227456797e-12
7.943778454913594e-12
5.9578338411851955e-12
3.971889227456797e-12
5.9578338411851955e-12
5.9578338411851955e-12
5.9578338411851955e-12
4.096010765814822e-12
6.206076917901245e-12
6.702563071333345e-12
5.9578338411851955e-12
1.141918152893829e-11
1.799762306191361e-11
4.021537842800007e-11
8.328555223823471e-11
1.8357575523151884e-10
3.7906717814540804e-10
7.664504993608038e-10
1.5077043264349284e-9
2.8737859776033506e-9
5.316621974027639e-9
9.56666756894477e-9
1.6761248418329327e-8
2.8671454753011964e-8
4.7934124533870564e-8
7.844406751304159e-8
1.2584173875812876e-7
1.9814402431013858e-7
3.065470592935799e-7
4.6649119071557605e-7
6.989200663509682e-7
1.0319253692470982e-6
1.5026766594021983e-6
2.159770498000356e-6
3.066096910218354e-6
4.302141886996761e-6
5.969914218148967e-6
8.197564178925021e-6
0.000011144584843076527
0.000015007922586190006
0.000020028801039622748
0.0000265005515459932
0.00003477730588699833
0.000045283746154373205
0.00005852601056473726
0.00007510353775739211
0.00009572232347110436
0.00012120925583705674
0.0001525277616434873
0.0001907948297287968
0.00023729930426211505
0.00029352163744491503
0.0003611550029570524
0.00044212790357788347
0.0005386281645002375
0.0006531284741917293
0.0007884133496748459
0.0009476076272607397
0.0011342063932169883
0.0013521064936336863
0.0016056393802096553
0.0018996055914640426
0.0022393106080974712
0.0026306021292965614
0.0030799088838012736
0.003594280748220292
0.004181430356542575
0.004849776005477759
0.005608486002337084
0.006467524267038348
0.00743769728951805
0.008530702420457108
0.009759177361144752
0.011136750967168901
0.01267809528475755
0.014398978792712631
0.016316320901819215
0.01844824761081918
0.020814148404469126
0.023434734304315006
0.026332097163909333
0.029529770066475836
0.03305278904322733
0.036927755915355874
0.04118290238369257
0.045848155370877906
0.050955203609712243
0.056537565537016735
0.06263065850591312
0.06927186934941486
0.07650062634733616
0.0843584726680134
0.0928891412071383
0.1021386311114171
0.11215528581874652
0.12298987276012896
0.134695664888905
0.14732852393763354
0.1609469856347269
0.17561234683590898
0.1913887547967699