0.
0.
0.
0.
0.
0.
0.
0.
0.
1.9859446137283985e-12
0.
0.
0.
0.
0.
0.
0.
0.
0.
3.971889227456797e-12
7.943778454913594e-12
0.
1.9859446137283985e-12
3.971889227456797e-12
3.971889227456797e-12
5.9578338411851955e-12
0.
3.971889227456797e-12
6.08195537954322e-12
4.344253842530871e-12
4.964861534320996e-12
2.8547953822345726e-12
1.3281004604308664e-11
2.1845390751012383e-11
4.3939024578740817e-11
9.979371683985202e-11
2.0355932290716084e-10
4.2052377195698836e-10
8.328555223823471e-10
1.6062568278912004e-9
3.0089543328752398e-9
5.474380449280688e-9
9.711269161131868e-9
1.6806676901368363e-8
2.842718356552337e-8
4.7064280793057527e-8
7.6381788153223e-8
1.2163277739240816e-7
1.9027906303208232e-7
2.9274437186355246e-7
4.433356971271947e-7
6.614788043052701e-7
9.731879542576219e-7
1.412885400852466e-6
2.025575379710732e-6
2.8695212856669074e-6
4.019354793183366e-6
5.569724160727328e-6
7.63967646580413e-6
0.000010377534091956224
0.000013966706595675272
0.00001863218635886902
0.00002464793903349822
0.00003234525865880966
0.00004212214864308373
0.00005445365773649809
0.00006990348539496417
0.00008913662132462125
0.00011293333670988321
0.00014220434441813363
0.0001780073839955596
0.00022156509876819996
0.00027428433090744757
0.0003377769004926644
0.0004138817800722522
0.0005046887804044527
0.0006125637612794899
0.0007401753346549672
0.0008905231020576018
0.0010669674411458773
0.0012732608178505256
0.001513580636753234
0.001792563601279743
0.002115341642913313
0.0024875793268338874
0.0029155127348518073
0.0034059899060668304
0.003966512658131024
0.0046052798956118055
0.005331232369087526
0.006154098787043701
0.007084443372792185
0.008133714719329282
0.009314296111806916
0.010639557023200592
0.012123906088637228
0.013782845267814375
0.015633025347932032
0.017692302680516674
0.019979797282341005
0.022515952099983114
0.025322593605961504
0.028422993624293943
0.031841932505505724
0.0356057634625466
0.039742478366004724
0.04428177471723394
0.04925512405483659
0.0546958417304552
0.060639158028427946
0.06712229081002911
0.07418451960198769
0.08186726125253681
0.0902141471450646
0.0992711021305998
0.10908642505774181
0.11971087126160092
0.131197736748611
0.14360294447043195
0.15698513251925353