5.9578338411851955e-12
3.971889227456797e-12
4.716618457604946e-12
5.677319164496059e-10
3.487951761552694e-8
5.923932525413468e-7
4.758210716257952e-6
0.000023757157230379568
0.0000859746466079767
0.0002475598488393073
0.000602305237400942
0.0012894084922964006
0.0024988795252079126
0.004475130029205493
0.007519588926967234
0.01199317746037808
0.01831932109659701
0.026987982470559148
0.038561022855661105
0.053679051863482825
0.07306980358336145
0.09755797117846465
0.1280763310608328
0.16567788011426948
0.21154857722093934
0.26702008556744894
0.33358157011220907
0.41288893320249054
0.5067685036667525
0.6172094780500285
0.7463344522264099
0.8963298997262741
1.0693120729538093
1.2671125773324865
1.4910151685261066
1.7415542806371054
2.0185060890625746
2.3210863206449153
2.6482285592593278
2.998810852250608
3.371786003902588
3.7662350554204926
4.1813770975858
4.616559455594624
5.07124131733433
5.544976789203807
6.037399687759788
6.548210691666667
7.07716678791727
7.624072709027275
8.188774012983396
8.771151485918447
9.371116597616806
9.98860779115052
10.623587432991664
11.276039286865732
11.945966404243647
12.633389347488324
13.338344679761505
14.06088366981128
14.801071170683805
15.558984639898569
16.33471327523816
17.12835724548044
17.940026999533252
18.769842640597457
19.61793335455413
20.48443688379286
21.36949903933804
22.273273245355455
23.19592011126623
24.137607027430242
25.09850778109521
26.078802189884662
27.078675750456394
28.098319300459096
29.13792869211042
30.197704476029177
31.277851594206037
32.37857908104639
33.500099771740324
34.64263001722213
35.80638940513041
36.9916004863084
38.19848850644498
39.427281142522006
40.67820824384024
41.95150157743657
43.24739457776334
44.56612210056408
45.90792018091579
47.27302579547908
48.66167662899396
50.07411084515054
51.51056686195482
52.97128313177382
54.456497926252645
55.96644912632337
57.501374017582506
59.06150909126849
60.647089851154206
62.25835062665187
63.89552439242745
65.55884259485627
67.24853498565291
68.96482946295487
70.70795192026429
72.47812610348211
74.27557347639424
76.10051309490115
77.95316149026894
79.83373256169354
81.74243747839854
83.67948459153567
85.6450793560797
87.63942426291017
89.66271878124176
91.71515931154622
93.79693914906981
95.90824845803726