0.
0.
0.
0.
0.
0.
0.
0.
0.
0.
0.
0.
0.
0.
0.
0.
0.
0.
0.
0.
-0.00001525971701512921
0.
0.
-0.00003051943403025842
0.
0.
0.
0.
9.537323134455756e-7
0.000019074646268911508
9.537323134455754e-6
0.000041964221791605325
0.00008488217589665623
0.00018502406880844163
0.0003652794760496554
0.000896508374638841
0.0018664541374129912
0.0038683382633352545
0.007708064557267141
0.014796203110794659
0.027477981682680477
0.04984395816529267
0.08797799098610055
0.15162245572695068
0.2553503821372915
0.420934525200772
0.6803048890392366
1.0789831169734425
1.6813718909334294
2.5770047393085274
3.8883447060744025
5.781051279147296
8.47610995794643
12.26485639852771
17.526964758747628
24.752350160841534
34.56641017083128
47.76025906659379
65.32571455404745
88.49517331517733
118.7884573855392
158.06508345369812
208.58389115919712
273.06989495906834
354.7889451545265
457.6310440384067
586.2019518838712
745.9244065548348
943.1483520718244
1185.2716649094116
1480.8709717352535
1839.8427321700244
2273.5555784498433
2795.013315908498
3419.0296724880427
4162.413787275243
5044.168182440269
6085.697210971129
7311.028432249595
8747.044736190317
10423.728807722335
12374.41909328229
14636.077418101571
17249.568234259037
20259.949563399365
23716.774702320534
27674.406188790224
32192.340005678598
37335.54118600713
43174.790125550164
49787.03998734323
57255.783857150556
65671.43300323792
75131.70495195843
85742.02215548944
97615.91992412508
110875.46473994509
125651.68256845944
142084.99630319362
160325.67316437815
180534.282115642
202882.16003596922
227551.8885591509
254737.78013106022
284646.3737806913
317496.9413755769
353522.00333727733
392967.8552160653
436095.10440378543
483179.21811506065
534511.0817184024
590397.5695888716
651162.1266873669
717145.3632050931
788705.6615197585
866219.7966022602
950083.5700960748
1.0407124586711616e6
1.1385422776175542e6
1.2440298599571295e6