0.
0.00001525971701512921
0.
0.
0.
0.
0.
0.
0.
0.
0.
0.
0.
0.00001525971701512921
0.
0.
0.
0.
0.000045779151045387627
0.00003051943403025842
0.00003051943403025842
0.000045779151045387627
0.00003051943403025842
0.00003051943403025842
0.00003051943403025842
0.000045779151045387627
0.00001525971701512921
0.000045779151045387627
0.000016213449328574784
0.000047686615672278774
0.00003624182791093187
0.000045779151045387627
0.000055316474179843384
0.00014592104395717305
0.0002689525123916523
0.0005884528373959201
0.0012293609520313469
0.0025111771813022
0.00504619767044054
0.009852054797892796
0.01861208609689041
0.03423422139112893
0.06129637578514715
0.10710890746150536
0.18274178738236638
0.30498261172899926
0.4987152102915125
0.7997770284799369
1.2595122453886152
1.9498532595622398
2.9703268065704234
4.456422006325871
6.590580220532214
9.615273583898288
13.848825515753571
19.704819172626795
27.714858269906326
38.555718887071656
53.08086745945583
72.35722715892878
97.70769241923374
130.7591808311357
173.4980583420848
228.33181140253313
298.1592273582196
386.44774881691643
497.3198808422953
635.6485241285143
807.1614907095197
1018.5558612320891
1277.6222982404956
1593.3804332470631
1976.224125885897
2438.0782145872618
2992.5665890082496
3655.191404918067
4443.523956553391
5377.407269390123
6479.170424776327
7773.855025577531
9289.452833842328
11057.155941464327
13111.618675566478
15491.230568133964
18238.402090400392
21399.861064267207
25026.961146066747
29176.00123914388
33908.55634359554
39291.819503639446
45398.95454169531
52309.459479990364
60109.54094439239
68892.49836879616
78759.11954510924
89818.08511066363
102186.38414851595
115989.73925354118
131363.04183016636
148450.7967786455
167407.5773872236
188398.48993806465
211599.64797544133
237198.65662817127
265395.1065752402
296401.07847672986
330441.65725107887
367755.45660210395
408595.1547685899
453228.0402594566
501936.5693160187
555018.9346473608
612789.6459013899
675580.1223779941
743739.2986223578
817634.2430472131
897650.790152453
984194.1874665571
1.0776897569370605e6
1.1785835720976647e6