0.
0.
0.
0.
0.
0.
0.
0.
0.
0.
0.
0.
0.
0.
0.
0.
0.
0.
0.00001525971701512921
0.00003051943403025842
0.00001525971701512921
0.00001525971701512921
0.
0.00003051943403025842
0.00001525971701512921
0.000045779151045387627
0.
0.000045779151045387627
0.000016213449328574784
0.00003338063097059514
0.000022889575522693813
0.00005245527723950665
0.00007248365582186374
0.00018693153343533281
0.0003462048297807439
0.0007877828909060454
0.0016404195791263898
0.0033151735215368205
0.006620809719939186
0.012780013000170712
0.023882410860990657
0.04349782335162581
0.07718746359177732
0.1335921463412621
0.2260049925848846
0.37423216127596903
0.6072089370721407
0.9667593431149287
1.512054839595123
2.325659079155394
3.520865923309941
5.2515267002022386
7.72326323541421
11.20812290269464
16.06170956377328
22.743664016059775
31.842531608984448
44.10449724487011
60.46689667122957
82.09728612498596
110.4380989405852
147.25773794375957
194.70820281910304
255.3903082331293
332.42621517670926
429.54066320740435
551.1506975855151
702.4642298788176
889.5884048429464
1119.647716353485
1400.9122882170545
1742.9368463216338
2156.7102123617638
2654.816260472426
3251.6052981571074
3963.378262516959
4808.580554898717
5808.009962168897
6985.033606971784
8365.819050421243
9979.575540596868
11858.808263272758
14039.583157139132
16561.804175230645
19469.502039782783
22811.13416720117
26639.89614082165
31014.04433852357
35997.22975525293
41658.842464429494
48074.36720368761
55325.74934199325
63501.77153714657
72698.44026346016
83019.38322533792
94576.2560945411
107489.1600208144
121887.06820392296
137908.26276695196
155700.7811011218
175422.872344963
197243.46298403296
221342.63248294315
247912.09889628744
277155.71393678006
309289.9683360724
344544.5072741225
383162.6558933292
425401.9558273215
471534.7122742119
521848.5520215583
576646.9932422895
636250.0270825777
700994.7110263972
771235.7758707973
847346.2450214883
929718.0680505419
1.0187627683912652e6
1.1149121062718078e6
1.2186187568684332e6