19.632750663396465
20.041201688666547
20.470403917929712
20.920144606979683
21.389840719845896
21.87950324071118
22.38877322011513
22.91740470306626
23.465170305522104
24.031858206407982
24.617274099007922
25.221241691207855
25.843599680607156
26.484204719096333
27.1429304497924
27.81966329292424
28.514307134548666
29.22678424140126
29.95702606682824
30.704982304716665
31.470617219767146
32.25390698487116
33.05484332053487
33.873429959097045
34.70968410588714
35.56363550129858
36.43532756381973
37.324809619324135
38.23214268791347
39.157428530886904
40.10072440994879
41.06213729705335
42.041774355256564
43.039710346700645
44.056194069220176
45.09123721359174
46.14502279084177
47.2177020327839
48.309432454949786
49.42037768283612
50.550713881354746
51.700618149008086
52.87027625705968
54.05987814149914
55.269624533241235
56.49971372752258
57.75035626163438
59.02176259374939
60.31414082365359
61.62773557783001
62.962747709109934
64.31941406663351
65.69796421152034
67.09862931684007
68.5216545635578
69.96727107386936
71.43572166768007
72.92725183917922
74.44209459252131
75.98052334903312
77.542757512124
79.12905383824607
80.73966289998573
82.37482945340692
84.03480299251984
85.71983073314875
87.43016375284856
89.166033509312
90.92771640977986
92.71544476937882
94.52944830745776
96.36996576066932
98.23727140405614
100.1315693833473
102.05310634424589
104.00211598782654
105.97882773876714
107.98346969817305
110.01626650211077
112.07743962851492
114.16720724335764
116.28578405638447
118.43338118681517
120.61020603897217
122.81646218937816
125.05234928356909
127.31806294493788
129.61379469456426
131.9397318826553
134.2960576316513
136.68295079108822
139.10058590427678
141.54913318679024
144.02875851672678
146.5396234366873
149.08188516728765
151.65569663207944
154.26120649373416
156.8985592011295
159.5678950471716
162.26935023701586
165.0030569663648
167.76914350949775
170.56773431666494