23.05811506405066
23.476738069751956
23.916787385278415
24.377952635241225
24.85993269974969
25.362442682802268
25.88521033969473
26.42798077379668
26.990513693793606
27.572587115938934
28.173994236617023
28.79454527191817
29.434068623463347
30.09240725079507
30.76942442108366
31.464995318835918
32.179014515675675
32.91139163016819
33.66205126352705
34.43093452950958
35.21799706932955
36.02320952526793
36.84655534972349
37.688032957764335
38.547656956624174
39.42544990937614
40.321449967167126
41.23570763748847
42.16828540290634
43.11925603267637
44.08870413680764
45.07672561342592
46.08342404278458
47.108916377797435
48.15332696991701
49.21678884545561
50.29944183490457
51.401440889368736
52.52298099433053
53.66410649297411
54.82511192479028
56.00613623722814
57.20735990617652
58.428988588729126
59.671207001093215
60.93421960800507
62.218235615042744
63.5234653109644
64.85012880423106
66.19844384329406
67.56863398004526
68.96092866794324
70.37556106015502
71.8127521892683
73.27276466806293
74.75581100598686
76.26213803142501
77.79199736932057
79.3456218977588
80.92326039170537
82.52515848741723
84.15156132361034
85.8027058702521
87.47886791513253
89.1802639545779
90.90715152152808
92.65977416770984
94.43837655959659
96.24320018920531
98.07449057156492
99.93248397807137
101.81742178301316
103.72953832588846
105.6690689080946
107.63624176747025
109.63128971771273
111.65443586535717
113.7059068878525
115.78591788805683
117.89468837113992
120.03243051960769
122.19935365953552
124.39566335746235
126.62156130337549
128.87724520486032
131.16290869266652
133.47874123790368
135.82492808104752
138.2016501728878
140.6090841275001
143.04740218728935
145.51677220009432
148.01735760830846
150.5493174499226
153.11280637135408
155.70797465186828
158.3349682394114
160.99392879752224
163.68499376317786
166.40829641508034
169.16396595216193
171.95212758189658
174.7729026180207
177.62640858727264