26.64442858523786
27.0725011912662
27.522635241522313
27.994518430245726
28.48784804019016
29.002329469473022
29.53769764212921
30.093677174237218
30.67002495153661
31.266508003617176
31.88291202111456
32.519037571584036
33.17470412598992
33.84974483888265
34.544012741710524
35.25737728296536
35.98972274365076
36.74095099646793
37.51098037424639
38.299744250841584
39.107193242042754
39.9332911308316
40.778017922422585
41.64136709262696
42.52334278511542
43.423978473266075
44.34329848251656
45.28135241710243
46.238199628670756
47.2139133900181
48.208575616465424
49.222249342715216
50.25512857452619
51.30723917571075
52.37872365591482
53.469746985126406
54.58041718516006
55.71089732329273
56.861341878249746
58.03191893298843
59.22279882913043
60.43416370324944
61.66617602634998
62.9190889738939
64.19303842993467
65.48824893582074
66.80492509137306
68.14327996629153
69.50353242418453
70.88589795533626
72.29060326299089
73.71787525892903
75.16794455730562
76.64104277790845
78.13740481987764
79.65726530150428
81.20087703207416
82.76846571998453
84.36027901273724
85.97655877891988
87.61755071789824
89.28349709198052
90.9746435063966
92.69123333187045
94.43350986457105
96.20171832828879
97.99609912338666
99.8168945992457
101.66434217915916
103.5386846693861
105.44015638032107
107.36899000024057
109.32541879195189
111.30967288757876
113.32197913619994
115.36256086584967
117.43164280071696
119.52943747231637
121.65614168395858
123.8120386313333
125.99724493544663
128.21201183682507
130.45653034811602
132.73099609339624
135.0356005694671
137.37053106013238
139.73597056257012
142.1320977259494
144.55908680234313
147.0171076100019
149.50632550895168
152.02690138887712
154.57899166916624
157.16274831097147
159.778318841097
162.42584638748443
165.1054697259899
167.81732333815287
170.56153747969694
173.33823825925217
176.14754772701497
178.98958397288544
181.8644612336707
184.77229000888804