33.71346271569587
34.157582788784076
34.624848353935775
35.11495164170899
35.6275903065873
36.162470412671055
36.719309934189596
37.29783786655337
37.89779814200891
38.518949536305726
39.16106420839516
39.823935666943534
40.507367120405334
41.21118372425938
41.935225935963516
42.67935195362327
43.44343699343752
44.22737542611433
45.03107317796672
45.85445620406955
46.69746932827894
47.56006902150254
48.44222827456953
49.343935913642206
50.26519481925543
51.20602358413569
52.16645218138829
53.14652558535887
54.146272512186215
55.16584586221093
56.20524281483931
57.264582834596546
58.34397047686138
59.44351500586959
60.56334676642381
61.703590010542676
62.864389589500895
64.045894180173
65.24826010489788
66.47165417155355
67.71624728392197
68.98221707411018
70.26975024603142
71.57903623834277
72.91027280040254
74.263663271905
75.63941068468772
77.03772657831496
78.45882351283004
79.90293472778112
81.37026159688382
82.86104524489953
84.37550669833881
85.9138777939225
87.47639124360101
89.06328962031957
90.67478435640155
92.31114257471563
93.97258889559066
95.65936288068671
97.37170653922234
99.10985753638741
100.87405605191314
102.6645392034919
104.48154620692011
106.32531680228333
108.1960736222432
110.09408598592643
112.01961168604531
113.97270996923984
115.95379266326793
117.96302943949789
120.00063853142667
122.06684116357495
124.16185950512664
126.28590261031357
128.4391796537031
130.62191144766814
132.8342875898229
135.07651311530552
137.34878566830588
139.65129787496568
141.98423198426312
144.34777568402205
146.74210767088724
149.16740229074247
151.6238297088784
154.11155555304916
156.63074088419782
159.1815421800056
161.76411133115099
164.37859565009808
167.02513789220794
169.70387628889299
172.41494459252576
175.15847213274193
177.93458388378815
180.7434005424591
183.5850386161937
186.45961052097084
189.36722468836354
192.307985681382
195.28199431856476
198.28934780581196