36.87102168324052
37.32147628839926
37.79550545243527
38.292804697609675
38.813072406953665
39.35601743519412
39.9213551835147
40.508813600759964
41.118137580287126
41.74908066677474
42.401411739833094
43.074926860953425
43.76942163612727
44.484719807910054
45.22065953499808
45.97709552760903
46.75390070335712
47.55096640024714
48.36819838712484
49.205519873720945
50.062872466924304
50.94021091864912
51.837509930094676
52.75475424742271
53.69194702877046
54.649104529538334
55.626258030552314
56.623453377819565
57.640736371285755
58.678189314447046
59.73588429334557
60.81391884906341
61.91241448969166
63.03140803120692
64.17111414315127
65.33161970409797
66.51307273684698
67.71562282363615
68.93942671423147
70.18464692988881
71.45146089651327
72.7400422128991
74.05057768582991
75.383255844893
76.73827495279684
78.11583381388552
79.5161431794624
80.93940819771449
82.38584657713947
83.85567396814608
85.3491121819405
86.8663860475977
88.40772582178843
89.97335532636558
91.5635082758996
93.17842116781725
94.81832437448818
96.48345464648068
98.17404744245505
99.8903455883144
101.63258171547668
103.40098766597508
105.19581562124485
107.01728770281122
108.86564502190576
110.7411212162948
112.64394839329898
114.57435830128348
116.5325804282902
118.51884434827282
120.53336122146135
122.57638583360988
124.64810716148288
126.7487479192735
128.8785304210929
131.03765570014247
133.2263344081523
135.444765353334
137.6931574512014
139.97169725374806
142.28057587143567
144.61997545794006
146.99009761892012
149.39110026571223
151.82316574270325
154.28646003938425
156.7811487163816
159.30739159788928
161.86534386148043
164.45515605017073
167.07697407785196
169.73093924731205
172.4171882805686
175.13585336121017
177.88706218839243
180.67093804208
183.4875998591555
186.33716231988623
189.21973594427698
192.1354271979228
195.0843386066783
198.0665688797511
201.0822130406439
204.1313625654246