41.64118706355904
42.10046293605293
42.583912799139156
43.09123594318196
43.622135099085895
44.176319599302154
44.7535076904551
45.35342800965144
45.97582161101613
46.62044292182461
47.28706237642287
47.9754644394677
48.68545114184376
49.4168402506284
50.16947081004788
50.94319238249006
51.73787688297308
52.5534131468209
53.38970597832361
54.24667733075826
55.12426613516024
56.02242859764005
56.94113083701852
57.880372115117055
58.84014218364759
59.82046022043651
60.82135737623798
61.84287529335311
62.885072504058755
63.94801726947353
65.0317887307957
66.1364792503871
67.26219049237403
68.40903822642524
69.57714240910504
70.76663577744696
71.97765915473664
73.2103619889945
74.46490006998249
75.74143929847392
77.04014948810362
78.36120594604003
79.70479518924894
81.07112366701784
82.46036152854066
83.87279018652904
85.30840239285551
86.76761762531619
88.25057901438677
89.75750854506744
91.28862046792491
92.84413818913353
94.42428695525214
96.02929195124318
97.65938897936812
99.31480504080177
100.99576924765273
102.70251949104568
104.43529412800295
106.19430191140815
107.97980598831036
109.79202557823578
111.63119843954472
113.4975540004803
115.39132343843077
117.31273832804995
119.26201221419628
121.23941044891744
123.24511592465078
125.27937056879504
127.34238430985198
129.43437864677324
131.55555358876023
133.7061519542462
135.88635484451703
138.09636533794205
140.33638846824368
142.6066178720262
144.90724832827175
147.23845794797086
149.60044388597112
151.99337717670588
154.4174316145859
156.8727727266254
159.35957111204686
161.87796162451156
164.42817846717648
167.01028880527832
169.6244700909498
172.27086254924157
174.94960311032375
177.66082405921472
180.4046530798587
183.1812133110704
185.9906234139126
188.83299765006313
191.7084459706584
194.61707411515198
197.55898371958102
200.53427243372172
203.54303404668437
206.58535862019033
209.66133262912533
212.77103910874823