42.630683030811866
43.09169133589712
43.57699087675787
44.08628229227806
44.61926947351099
45.17566192744942
45.75517821758326
46.35754660009105
46.98251120376504
47.629823932999166
48.29925480816132
48.99058900733371
49.703628446560145
50.43819084239926
51.19411263558561
51.971243529947884
52.76946296421071
53.58864993818037
54.42871382973445
55.28957442129644
56.17117263518025
57.07346241447955
57.996410431791645
58.94001927041477
59.90427311238711
60.88919526601446
61.894814918612504
62.92117568556869
63.96833397279334
65.03635813042827
66.12532889485989
67.23533792333423
68.36648848051736
69.51889223730245
70.69267323213968
71.88796326263034
73.1049022064101
74.34363736323557
75.60433091138589
76.88714558474099
78.1922488326191
79.51982071298323
80.870047015549
82.2431146305983
83.63922278492295
85.0589841703886
86.50135617899547
87.96779709209244
89.45810162656774
90.9724883023439
92.51117581152762
94.0743860099886
95.66234370176389
97.27527626167422
98.91341229088422
100.57698050939022
102.26621568451866
103.98135031002124
105.72261233836433
107.4902361015471
109.28445973143938
111.10551033597864
112.95362250119513
114.82902751486108
116.73177900271973
118.66263174122273
120.62128858767103
122.60815016628484
124.62343639387629
126.66736906062467
128.7401660366385
130.8420422024477
132.97320773054483
135.13387784052608
137.32425183595544
139.5445186893993
141.79491498579137
144.07559904306063
146.38676953149084
148.72861471722013
151.10131446146707
153.50504773815854
155.93998390525772
158.40629355669483
160.90413793174918
163.4336758726543
165.99506572218442
168.5884511869347
171.2139781472838
173.871786714062
176.5620119607386
179.28478431076658
182.04022958448817
184.82846905785465
187.649619532534
190.5037934169342
193.3910988176277
196.31163964069384
199.26551570236987
202.25282284847432
205.2736530821508
208.32809469916012
211.41623243031654
214.53814759043703