7.014409916925412
7.365203718001286
7.733219835478459
8.11822888987244
8.520035120596678
8.938455124365053
9.37331891881292
9.824513154214909
10.291887461142547
10.77534506781284
11.274791702100265
11.790149808237922
12.32135271318132
12.868342478987634
13.431092295571895
14.009553648159827
14.603707643532264
15.213550235598507
15.839059678465372
16.480278459067378
17.137164497374908
17.809824921164754
18.49822099483286
19.20241721567307
19.92246262460316
20.658416502051736
21.410343634622315
22.178387621132654
22.962422155833373
23.762745316623043
24.57938727261273
25.41245140060114
26.262051310236675
27.128307257911505
28.01134815188629
28.911308113813888
29.828328276839436
30.762559165127392
31.71414754642836
32.683274527492664
33.67009071413612
34.6747752609244
35.69750752728622
36.738472131097296
37.7978643291305
38.87587490627454
39.9727044039867
41.08856383311769
42.22366009564788
43.37820557159668
44.55242159416956
45.74653335971326
46.96075977029285
48.195333723283966
49.450490122350324
50.726460168105135
52.023482623180314
53.34180102471825
54.68165454666829
56.043287929464974
57.42694775358186
58.83289253573903
60.26135637896939
61.71259560156773
63.18686146423164
64.68440576953313
66.20548074344237
67.75033878419474
69.31923224115997
70.91241319586437
72.53013324547497
74.17264328905912
75.84019331699058
77.5330322038512
79.25140750522058
80.99556525876358
82.7657497900103
84.56220352327873
86.38516679813996
88.23487769189853
90.11157184849303
92.01548231426592
93.94683938103346
95.90587043686972
97.89279982501436
99.90784871128965
101.95123496040246
104.02317302148732
106.12387382319326
108.25354467862728
110.41238920042049
112.60060722613704
114.81839475423584
117.06594389071864
119.34344280666035
121.6510757066358
123.9890228081517
126.35746033201323
128.75656050373638
131.1864915658366
133.64741780094909
136.13949956565145
138.66289333482226
141.21775175636648