 0.22169217245506E+02
 0.13879878959886E+01
 0.27495617932486E+00
 0.87345653363136E-01
 0.35959759980697E-01
 0.17449414249617E-01
 0.94873624929916E-02
 0.56076306382733E-02
 0.35335106548801E-02
 0.23422481267185E-02
 0.16177839549303E-02
 0.11561335836764E-02
 0.85028608851757E-03
 0.64087839426989E-03
 0.49339568288889E-03
 0.38695088716076E-03
 0.30845927455533E-03
 0.24947295713638E-03
 0.20439094183757E-03
 0.16941107643791E-03
 0.14189804286805E-03
 0.11998891689147E-03
 0.10234562361112E-03
 0.87991170346023E-04
 0.76202111073160E-04
 0.66435706913051E-04
 0.58280002259259E-04
 0.51418699591232E-04
 0.45606590153126E-04
 0.40651560742416E-04
 0.36401928391002E-04
 0.32736867229005E-04
 0.29559385988591E-04
 0.26791057523409E-04
 0.24368039204945E-04
 0.22238019304539E-04
 0.20357877716943E-04
 0.18691862304379E-04
 0.17210167064914E-04
 0.15887837914034E-04
 0.14703834585688E-04
 0.13640380740645E-04
 0.12682364911885E-04
 0.11816896825449E-04
 0.11032933931607E-04
 0.10320980482527E-04
 0.96728410624723E-05
 0.90814194303212E-05
 0.85405473001797E-05
 0.80448487442767E-05
 0.75896215520598E-05
 0.71707476528970E-05
 0.67845949416935E-05
 0.64279685806259E-05
 0.60980461673369E-05
 0.57923154296338E-05
 0.55085454622724E-05
 0.52447548975255E-05
 0.49991813904924E-05
 0.47702403474809E-05
 0.45565030603779E-05
 0.43567035813546E-05
 0.41696896269422E-05
 0.39944269095425E-05
 0.38299810074631E-05
 0.36755051196884E-05
 0.35302331855362E-05
 0.33934684804345E-05
 0.32645776780334E-05
 0.31429837810087E-05
 0.30281614545074E-05
 0.29196288542957E-05
 0.28169466549242E-05
 0.27197117267696E-05
 0.26275549508428E-05
 0.25401358517829E-05
 0.24571429746751E-05
 0.23782881999442E-05
 0.23033071435120E-05
 0.22319546840072E-05
 0.21640045473198E-05
 0.20992477174793E-05
 0.20374906671166E-05
 0.19785537429507E-05
 0.19222700632915E-05
 0.18684855279253E-05
 0.18170555784524E-05
 0.17678458570196E-05
 0.17207339762310E-05
 0.16756010940033E-05
 0.16323396275957E-05
 0.15908480801002E-05
 0.15510319232125E-05
 0.15128024326361E-05
 0.14760765789381E-05
 0.14407768339073E-05
 0.14068301536859E-05
 0.13741682318099E-05
 0.13427268708389E-05
 0.13124457182021E-05
 0.12832680705896E-05
 0.12551405593608E-05
 0.12280129415996E-05
 0.12018378832510E-05
 0.11765707651388E-05
 0.11521695008640E-05
 0.11285943697116E-05
 0.11058078620218E-05
 0.10837745361101E-05
 0.10624608857675E-05
 0.10418352174601E-05
 0.10218675364287E-05
 0.10025294409632E-05
 0.98379402418966E-06
 0.96563578276985E-06
 0.94803053196419E-06
 0.93095532655823E-06
 0.91438838719636E-06
 0.89830903170572E-06
 0.88269761102905E-06
