-0.12361473387388E-07
-0.85945589593184E-11
 0.13437524746164E-10
-0.28789489998610E-09
-0.13391676007657E-10
-0.24519627885479E-10
 0.15157252188563E-08
-0.58670975650454E-08
-0.28903794204796E-06
 0.17348715689855E-07
 0.90835644135671E-07
 0.39721450865340E-06
 0.14621585493590E-07
-0.47140617595224E-07
 0.80614880405422E-07
 0.25274389485762E-06
-0.59166343653438E-06
 0.73356746630853E-06
 0.52642330141919E-07
 0.59360929460381E-06
 0.78019950929691E-07
-0.74736772414991E-06
-0.11907848335953E-04
 0.17441640621657E-04
-0.27315085364519E-04
 0.48089331202931E-05
-0.19236740924812E-04
-0.10178053499301E-03
 0.45993671605629E-06
-0.73319558424713E-06
 0.91421239862543E-06
 0.19133286982763E-05
-0.32237113011354E-05
 0.45258751399202E-05
-0.18307984835416E-04
 0.42824212846546E-06
-0.56961527008155E-05
 0.43224137648527E-05
 0.66144848840944E-04
-0.33903286630828E-05
 0.24686106721849E-05
 0.57444100291590E-05
 0.84339000713622E-07
 0.13229359505243E-03
-0.68081527388600E-05
-0.34098471791233E-04
 0.10982736050605E-04
-0.15737629494456E-04
 0.94391204283015E-05
 0.13556677493948E-05
 0.34111142922670E-05
-0.50462709553085E-05
-0.18689878054659E-04
-0.20449259152474E-03
-0.65691067577595E-04
-0.63617574644902E-04
-0.14004667674457E-04
 0.25955908967828E-03
-0.30727426145903E-03
-0.17485957347577E-03
-0.98554024792278E-03
 0.20533236229098E-02
 0.67555265024488E-03
-0.27017757977153E-02
 0.21345066839928E-02
-0.70556979697888E-02
-0.10662088693501E-04
-0.29146755750437E-04
-0.90683227060635E-04
-0.34329338677644E-03
-0.10427493006332E-02
 0.16083103323857E-03
 0.14549172552549E-03
-0.15963885492452E-03
 0.44274019106625E-04
-0.14042102690155E-05
 0.83571307328452E-03
-0.83521719547946E-03
 0.17607571141144E-03
-0.94246239362633E-04
-0.79486870280338E-03
-0.11535990695786E-03
 0.13731802428688E-03
 0.12131372299015E-03
 0.10708101749978E-03
-0.34335107020144E-03
 0.58795813328741E-02
 0.31672841183369E-03
-0.18080883349301E-03
-0.18971890250954E-02
-0.12531599722645E-04
 0.20266234597398E-03
 0.37184355945890E-03
-0.69928379511463E-04
-0.27777071431685E-03
-0.39832338007594E-04
 0.43305156665243E-03
-0.23189495905912E-03
 0.58199865164263E-02
-0.31911303389350E-04
 0.14996295116744E-03
 0.85657822608705E-02
-0.14187013287421E-04
 0.19656568190164E-02
 0.42876387798578E-03
-0.34500724891697E-03
 0.16054623925924E-03
-0.71802651605399E-04
-0.94935302411259E-08
-0.10293369241115E-07
-0.10900863410236E-07
-0.11924282686209E-07
-0.13135578613931E-07
-0.14918086828886E-07
-0.15778663417032E-07
-0.16302421309040E-07
-0.17587770250024E-07
-0.19016496345581E-07
-0.20355902951957E-07
-0.21946514219525E-07
