124.3822067764274
124.93457663018056
125.51736937583988
126.13041574276613
126.77354753079912
127.44660405988414
128.14942887625097
128.8818771370149
129.64381175361402
130.4351062109736
131.25565493593933
132.10538606718956
132.9841099493548
133.89185660296863
134.82853663212805
135.79409365087338
136.78850663898896
137.8117438419597
138.8638016842832
139.94468258423038
141.05440414880007
142.1929923564501
143.3604861009311
144.5569314570307
145.78239479260392
147.03693833214848
148.3206433689033
149.63359537934846
150.9758886233349
152.34762906339031
153.74892609462216
155.1798892557055
156.6406675851324
158.1313656199228
159.65213151141808
161.20310332719416
162.78442666308507
164.3962595925014
166.0387507154498
167.71205945469714
169.4163498779736
171.15178610832265
172.91853473399465
174.71676523093674
176.54664904955476
178.40835763516677
180.3020636856472
182.22794018027213
184.18616006587027
186.17689824229646
188.20032404899345
190.2566073332758
192.3459201490042
194.46842941784772
196.6242979520522
198.813686761499
201.03675981098584
203.29367561229273
205.58457927945412
207.9096214427036
210.26894627439182
212.66269845532582
215.0910086461911
217.55400828144784
220.05182508316855
222.5845761125301
225.15237963639942
227.7553422340604
230.39356953791923
233.06715462060555
235.77619686637908
238.52077802868794
241.30097928942885
244.1168728482984
246.96815606739477
249.8560132106433
252.77937528455934
255.7386770621212
258.7339467974951
261.7652400116906
264.83258788094673
267.9360134053043
271.0755486720841
274.2512076067093
277.463005038701
280.7109546121469
283.9950583483585
287.3153194732204
290.67173357628866
294.0642954549572
297.49299881983956
300.9577638884186
304.4587596351227
307.9957801783562
311.56888078493716
315.1780206999543
318.8231781635516
322.50432594168643
326.2214340740422
329.97446846027657
333.7634024846999
337.58818726583615
341.4488112907387
345.34521801252265