185.54005889170048
186.13517236579185
186.76374659033118
187.42571877721323
188.1210502912345
188.84978218914614
189.6118432754648
190.40725190754702
191.23601583722206
192.09815017056565
192.99367781876177
193.92263092686176
194.88504543684027
195.88096820029608
196.9104495526867
197.9735488825918
199.07032912748974
200.2008662720001
201.36523175295133
202.56351170520173
203.79579300205341
205.06216940994867
206.36274124156736
207.69761100769125
209.06688736449823
210.47068117432696
211.90911563498346
213.3823074590075
214.89038108125476
216.43346339248953
218.01169148398853
219.62518751261518
221.27410725966664
222.95856612197542
224.6787233310064
226.43470838239656
228.22666575905927
230.05473819667887
231.91906402475328
233.8198000221951
235.75707273325955
237.73102831737484
239.74179966265226
241.7895374143715
243.87436496698896
245.99641518971828
248.15581769421829
250.35269622321937
252.58717195996297
254.85936191630125
257.1690330679377
259.51732126898537
261.90329586927487
264.3273924818132
266.7897101800122
269.2903145230656
271.8292991106172
274.4067180311819
277.0226385197728
279.6771111662227
282.37018553358206
285.1019014976452
287.8722882016596
290.68137069807125
293.53024604027286
296.4156837695162
299.34092268364753
302.30488111758183
305.30754342557816
308.3488865721326
311.4288954737221
314.5475433180931
317.70474067491114
320.90049349346606
324.1347342623275
327.4073919062294
330.718438782126
334.0677709039926
337.4553323446466
340.8810405557124
344.344815354147
347.84656661812187
351.38621834146926
354.96365965480305
358.5788259421253
362.231590121807
365.92185955440493
369.6495356948503
373.41452747611015
377.2167097191933
381.05598231911955
384.93224274502506
388.8453790474663
392.79528358882874
396.78184862901287
400.8049602473529
404.8645279365854
408.9604185991467
413.0925386681493
417.2607788311947
421.4650463916812
425.7052242387645
429.9812092081386
434.2929068452637