121.64019870636632
122.19036438273565
122.77080456577617
123.38134395803503
124.02180991811606
124.69203424405461
125.3918567405166
126.1211246985119
126.87969655904183
127.66744138801393
NaN
129.32998983683515
130.20459547003793
131.10797960523968
132.04007798497324
133.0008355310122
133.9902150484348
135.0081942742486
136.0547641093447
137.1299164479543
138.23366752832138
139.36604082443566
140.5270738722336
141.71681070931987
142.93530894844767
144.1826343473541
145.45886334663865
146.76408468063414
148.0983863166115
149.46187372141026
150.85465550072007
152.27684742836962
153.72857586630374
155.2099673046805
156.72115974248834
158.26232953504862
159.8335190809177
161.4349819930079
163.06684069699648
164.72925386710276
166.42238202820474
168.14639462132502
169.90145680100414
171.68773919147145
173.50541512271315
175.35465280383926
177.23563804766795
179.14853605157236
181.093518579964
183.07077475464135
185.0804652992692
187.12276581241406
189.19785212834452
191.3058917622419
193.44703965464694
195.62149781676948
197.82939277554803
200.0708929676768
202.34616263361616
204.6560823501764
206.99859337291412
209.37605031756001
211.78785749321895
214.23414501063107
216.71504387431222
219.23068216381196
221.78117516248525
224.36663961885446
226.9871813550421
229.64290579802696
232.3339047463122
235.06027788562196
237.82210215572906
240.61945817035766
243.4524232821647
246.32106628458928
249.22544395673424
252.16561353733786
255.14162746525275
258.1535294907986
261.2013582006128
264.28515033161585
267.40492390319827
270.560732368769
273.75256830607924
276.9804453642115
280.24440028072206
283.5444078922556
286.8804954333473
290.25264566060923
293.6608576226127
297.1051245957894
300.58543393288005
304.1017603200371
307.6541178071713
311.24245512019553
314.86676071574254
318.5270041680003
322.2231636114003
325.95523424722364
329.7231008727214
333.5268925016989
337.3664368740031
341.2417440063015