123.1306632895015
123.68203181489592
124.26375504301002
124.87566215025325
125.51758232924705
126.18935098073285
126.8908106015559
127.62181243511725
128.38221764413922
129.17189886631647
129.99074093336412
130.83864136515447
131.71551085210322
132.62127315220042
133.55586731285334
134.51924282166402
135.51136298860834
136.5322086340111
137.58176729534648
138.66004098636137
139.76704288547907
140.9028015677072
142.0673559965825
143.2607486272107
144.4830397109819
145.734297159704
147.0145977197466
148.32402947543866
149.6626839483866
151.03066524899168
152.42808467350162
153.8550444427761
155.31170932117766
156.7981696860308
158.31457202897525
159.86106705237884
161.43779177767118
163.04490103029624
164.68254853341352
166.35089461477415
168.05010112573922
169.78033387124523
171.5417583388767
173.3345463925091
175.15886975691723
177.01490007184776
178.90280947755622
180.82276964996703
182.77496589735662
184.75949970760104
186.77672828298398
188.82664481907977
190.90947671153614
193.0253927402582
195.17456153288467
197.3571463566405
199.57330767307838
201.8231983061597
204.1069768015656
206.4247987238102
208.77680156438763
211.16313058625434
213.58392252034434
216.03931112926765
218.52942162742502
221.05437958287638
223.61429822247845
226.20929072484415
228.83946364471166
231.50491478368656
234.20574181002505
236.94202589040597
239.71386102561286
242.52131444556994
245.36445969841913
248.24335966847178
251.15794782492083
254.1086613601885
257.09513417754073
260.1176353169693
263.17609469241614
266.2705824027204
269.4011244178252
272.56774204852593
275.7704507081654
279.009266040946
282.28419313987695
285.5953696665384
288.94239575636624
292.32566604057996
295.7450424970758
299.2005109804185
302.69205827466715
306.2196676887708
309.7833207772269
313.38299148433924
317.01865934570077
320.69029646151984
324.3978718256809
328.14136331465886
331.92073076938505
335.73594682133535
339.5869746045619
343.4737807944268