 0.44619598028590E+02
 0.27921668162971E+01
 0.55239517945410E+00
 0.17516030179360E+00
 0.71945122593698E-01
 0.34813223257632E-01
 0.18866165000626E-01
 0.11109564882766E-01
 0.69713705773395E-02
 0.46000676306094E-02
 0.31616115018126E-02
 0.22475118909414E-02
 0.16437176573793E-02
 0.12316315454398E-02
 0.94239199001339E-03
 0.73438465736458E-03
 0.58158068850295E-03
 0.46720219573615E-03
 0.38014433534085E-03
 0.31288265918162E-03
 0.26021069034079E-03
 0.21845728771214E-03
 0.18498945422388E-03
 0.15788930794052E-03
 0.13573995972093E-03
 0.11748103444563E-03
 0.10230940957748E-03
 0.89610045059164E-04
 0.78907400956908E-04
 0.69830049603010E-04
 0.62085209483035E-04
 0.55440477198095E-04
 0.49709792860832E-04
 0.44743162091734E-04
 0.40418804729485E-04
 0.36637267759269E-04
 0.33316791806994E-04
 0.30389835966518E-04
 0.27800231707539E-04
 0.25501096315476E-04
 0.23453067238959E-04
 0.21622970338851E-04
 0.19982682951471E-04
 0.18508327709506E-04
 0.17179492619332E-04
 0.15978694814239E-04
 0.14890891024521E-04
 0.13903099504741E-04
 0.13004078136986E-04
 0.12184059231205E-04
 0.11434531147862E-04
 0.10748054696654E-04
 0.10118109843853E-04
 0.95389643356305E-05
 0.90055746371201E-05
 0.85134750493128E-05
 0.80587179864600E-05
 0.76377977226152E-05
 0.72475960740198E-05
 0.68853324512189E-05
 0.65485257371701E-05
 0.62349483156939E-05
 0.59426118721839E-05
 0.56697203176428E-05
 0.54146555322521E-05
 0.51759708490946E-05
 0.49523489705034E-05
 0.47426005189400E-05
 0.45456417301643E-05
 0.43605001182797E-05
 0.41862831467653E-05
 0.40221796296042E-05
 0.38674515847195E-05
 0.37214226824647E-05
 0.35834761072724E-05
 0.34530465940131E-05
 0.33296160118332E-05
 0.32127084925445E-05
 0.31018871228055E-05
 0.29967494165389E-05
 0.28969248134440E-05
 0.28020715637197E-05
 0.27118741778398E-05
 0.26260408142316E-05
 0.25443017773021E-05
 0.24664071502494E-05
 0.23921253186350E-05
 0.23212410871203E-05
 0.22535549357824E-05
 0.21888811271030E-05
 0.21270470482135E-05
 0.20678911922717E-05
 0.20112645095006E-05
 0.19570268370374E-05
 0.19050471662233E-05
 0.18552036554153E-05
 0.18073822587285E-05
 0.17614760197517E-05
 0.17173849761330E-05
 0.16750153584706E-05
 0.16342791394482E-05
 0.15950941188576E-05
 0.15573824584831E-05
 0.15210714449975E-05
 0.14860925726608E-05
 0.14523814514004E-05
 0.14198773045840E-05
 0.13885229976162E-05
 0.13582646388569E-05
 0.13290513740488E-05
 0.13008352351634E-05
 0.12735709071398E-05
 0.12472155796056E-05
 0.12217287816950E-05
 0.11970722342370E-05
 0.11732097123033E-05
 0.11501069175306E-05
 0.11277313594376E-05
 0.11060522450286E-05
 0.10850403760351E-05
