0.
0.
0.
0.
0.
0.
0.
0.
0.
1.9859446137283985e-12
3.971889227456797e-12
7.943778454913594e-12
2.358309228802473e-12
7.447292301481495e-12
2.7182616900407453e-11
1.2871403527727182e-10
5.623946903002108e-10
2.1197476320783494e-9
7.071700526410111e-9
2.1036366563994775e-8
5.676996448496328e-8
1.4078994386566241e-7
3.242783175341772e-7
7.000240033131245e-7
1.427074106266787e-6
2.76516970181701e-6
5.12066484710183e-6
9.105680671969218e-6
0.000015611807383117154
0.000025899346781322276
0.0000417026408059182
0.00006535159905712338
0.00009990912839749885
0.00014932363885194097
0.00021859564115004563
0.0003139569705319618
0.0004430610884015437
0.0006151827385233626
0.0008414250405822973
0.0011349322915961875
0.0015111066074006403
0.001987826792860181
0.002585667762434303
0.0033281191782813416
0.004241802091619158
0.005356682453864751
0.006706280766352808
0.008327877097838441
0.01026271111057639
0.012556176691829913
0.01525801114687036
0.01842247880737637
0.022108549296400833
0.02638007053331532
0.03130593679549011
0.03696025215197854
0.04342248953246744
0.05077764578648133
0.05911639317061692
0.06853522728900469
0.0791366119867108
0.09102912110758075
0.10432757737866932
0.1191531883748356
0.13563367937458976
0.15390342307032795
0.17410356574743327
0.19638214971180343
0.22089423136691838
0.24780199466899439
0.277274859251366
0.3094895827670389
0.3446303568641797
0.3828888961640063
0.42446451976743
0.4695642247842828
0.5184027513734997
0.571202638975885
0.6281942733757873
0.6896159244653248
0.755713774511701
0.8267419368829246
0.9029624654269292
0.9846453544570511
1.072068529706052
1.1655178304459144
1.2652869830891764
1.3716775665843441
1.4849989699282184
1.6055683419412339
1.733710533644281
1.869758032996719
2.014050892148246
2.166936646557581
2.3287702255286367
2.499913853082717
2.680736937833418
2.8716159501049394
3.0729342839440625
3.285082101283198
3.5084561548399282
3.7434595857784205
3.990501691714355
4.249997659858955
4.5223682599910795
4.808039491277953
5.107442177220287
5.421011502824039
5.7491864888257975
6.09240939861264
6.4511250748498545
6.825780204837082
7.216822515934758
7.624699905418995
8.049859512499324
8.492746743782527
8.953804267128927
9.433470992274584
9.932181059354457
10.45036285848189