 0.45711431383594E-08
 0.32895381883576E-07
-0.76074448399220E-08
 0.76316773703615E-08
 0.73830635230714E-08
 0.76621493321187E-08
-0.45022883656568E-08
 0.81971171273736E-08
 0.73360458684421E-08
 0.93400450646210E-08
 0.12755945275199E-07
-0.23846643970365E-06
 0.19790326280033E-07
 0.30402064873543E-07
 0.11010597389951E-06
 0.29151647802325E-08
 0.10673242916667E-07
 0.14702680470839E-07
-0.15523234769951E-08
 0.56016636076737E-08
 0.22471278065525E-07
 0.91809842175714E-09
 0.18527181958065E-07
-0.22998704831202E-08
 0.38096070209555E-08
 0.48967697901379E-08
 0.68639500156381E-08
-0.41513701272519E-08
-0.89508529806044E-08
 0.45527728773426E-07
 0.26711547855799E-08
 0.95154539162788E-08
 0.42586118533510E-08
-0.24079148512400E-07
 0.19440507001495E-08
 0.10358845286933E-08
 0.13818088932794E-07
-0.27858053452717E-08
 0.47596627905648E-08
-0.29871058292386E-07
-0.48131572539282E-09
-0.22833629615926E-07
-0.84014162811721E-07
 0.15788201889157E-06
-0.16750481015147E-06
 0.16851410506116E-08
 0.71503447570644E-07
 0.81952053573173E-08
 0.93129585097334E-07
-0.51440166016851E-08
-0.29614935720101E-06
 0.23577978500075E-06
 0.19668739142394E-06
-0.35652699268656E-06
 0.53302959030351E-06
-0.41524711968614E-07
-0.17455286717294E-07
 0.10984379258823E-07
-0.87876403004487E-08
 0.15853165854964E-06
-0.76533969959689E-08
-0.31133935579588E-08
 0.46983245305542E-08
-0.45364583363655E-07
 0.81940931368664E-08
-0.11341912637674E-07
 0.36623796224607E-08
-0.22225291821577E-07
 0.14529868586715E-07
 0.77014741502682E-07
 0.31404384894037E-06
-0.10282501053361E-06
-0.42163659363181E-08
-0.23783618832201E-07
-0.21651152264649E-07
 0.71572275994337E-08
-0.32979720568953E-07
 0.62552834181683E-08
 0.40369870532382E-08
 0.54422706044212E-07
-0.46792455526616E-08
 0.68649361094674E-07
-0.48160132289272E-06
 0.12854014971005E-07
 0.78916003588159E-08
 0.16629626419991E-07
-0.16999940431520E-08
-0.30183264911499E-08
-0.10777138924281E-07
-0.92022019109187E-08
 0.32223526489322E-07
-0.78932737663173E-08
-0.65735497973625E-08
-0.12626784687536E-08
 0.55415913959270E-08
-0.35340297934486E-08
-0.30654838817842E-08
 0.14939799326584E-08
 0.16746700991848E-08
 0.18625276269951E-08
 0.20579108857619E-08
 0.22611559537433E-08
 0.24726383187409E-08
 0.26927564700398E-08
