62.80818633645151
63.29926827823373
63.8166705734333
64.36012262756877
64.92935158383763
65.52408850211955
66.1440701588414
66.78904080367523
67.45875661014593
68.1529837956573
68.87150349996445
69.61411125881092
70.38061684347578
71.17085255496299
71.98465911311553
72.82189129442342
73.68245256155075
74.56621496537699
75.47310102168844
76.40304228466904
77.35598006205761
78.33188187625386
79.33072853342782
80.35250991436166
81.39723647593543
82.46493034657396
83.55562756725374
84.66937767915036
85.80624258008824
86.96629581662505
88.14962196024669
89.35631695518757
90.58648514691914
91.84024629040444
93.11772252855155
94.41904562216533
95.74435966877007
97.09381401627613
98.46756574946936
99.86577778989623
101.28861960588902
102.73627006038292
104.20890429022019
105.70671391223689
107.22989463173944
108.7786224344701
110.3531176666015
111.95357696557471
113.58019676857829
115.23320410953355
116.91368069066397
118.61918297313417
120.35259026841447
122.11322706286985
123.90131064372768
125.71705933474038
127.5606914745227
129.4324227973521
131.33247422732654
133.2610592104769
135.21839365394104
137.20469105432616
139.2201668059064
141.26503266602293
143.33949245250417
145.4437571584269
147.57802822865568
149.74250532918396
151.93738936894331
154.16286904346143
156.41914597320658
158.70639699784766
161.02480692758644
163.37454144069287
165.75582162740554
168.16877099447143
170.61356801704193
173.09038127536644
175.59935480969204
178.1406505009136
180.7144046229883
183.3207890591144
185.9599035614429
188.63189508725029
191.33687113629895
194.07500756654477
196.84636834052208
199.65108345777924
202.4892601808342
205.36100022197726
208.26640080586554
211.205554340119
214.17855410733597
217.18548242243304
220.22641573239744
223.30143209892807
226.41060332671674
229.55399736375244
232.73167845422685
235.94370729752274
239.19014121240255
242.4710343060526
245.78643764700442
249.13639944153908