92.35222762632917
92.87639843771457
93.42910265081882
94.01011412236515
94.61920619126877
95.25615576391453
95.92074396932233
96.6127610294636
97.33200589179414
98.07829016580007
98.85143655400645
99.65128331916367
100.4776865070658
101.33050994599384
102.20963857123013
103.11497835690953
104.04642806536539
105.00393375057845
105.98742855258426
106.99690350529717
108.03226533324218
109.0936320978082
110.1808913340809
111.2941002099063
112.43328924747718
113.59850385866687
114.78979428958353
116.00723078301885
117.25088837829075
118.52085474245517
119.8172253856544
121.14010822912283
122.48988114351518
123.86587291384083
125.2690092077574
126.69916164446519
128.15647677412377
129.64110074379934
131.15320099766055
132.6929282087541
134.26045467098666
135.85595172061346
137.47959538594378
139.13156446753518
140.8120422314473
142.52121262957897
144.2592697438438
146.02639897002663
147.8227937832521
149.64865506309386
151.50415562204142
153.3895110619507
155.30491212987414
157.2505514892214
159.22662286146465
161.23332512002912
163.27084919778065
165.3393835688423
167.43911488910715
169.5702397948852
171.73293677229975
173.92738607013342
176.15377061436843
178.41226043967285
180.70303606939984
183.02625851985286
185.38209402346703
187.77070462733994
190.19224267313842
192.64686242688606
195.13470502458205
197.6559133026199
200.21062993913517
202.7989792694606
205.42108509965433
208.07707442074886
210.7670601070701
213.49115183073306
216.24945356475826
219.04206285330838
221.86907850451442
224.73058411397255
227.62666448018425
230.55739495239018
233.52285796699064
236.52311092173179
239.558220458534
242.6282466483915
245.7332413285862
248.8732544229134
252.0482433064972
255.25850973032107
258.50382898957554
261.78432307031255
265.1000189969024
268.4509449906309
271.8371195799428
275.25856809873636
278.7153033718917
282.2073396839348
285.7346889997914
289.29736044685677
292.8953611006999
296.5286961223454