92.79560532897693
93.32020994565325
93.87337692041983
94.45488081146407
95.0644960049877
95.70199918718535
96.36717369667848
97.05980940299641
97.77970671621718
98.5266774073987
99.3005461096046
100.10114984989889
100.9283459117624
101.78200340353362
102.66200249732664
103.56835211419855
104.50064699667372
105.45914367043284
106.44367737397653
107.45421288361457
108.49072570694128
109.55320819928997
110.64166414240093
111.75611394702618
112.89658541992705
114.06312803401568
115.25579017023274
116.47464113245735
117.71976277133469
118.99123399854872
120.28915561401551
121.61363451824256
122.96480835974873
124.3427285752504
125.74759742053075
127.17952886210011
128.63866817911105
130.1251655322551
131.63917818229106
133.18086676351626
134.75040131098086
136.3479509010639
137.97369212177964
139.62780510925876
141.31047146832486
143.02187839907762
144.76221153550208
146.53166456338835
148.33042664267055
150.15871813945844
152.01665631295856
153.9045116274928
155.82245202511936
157.77067979080795
159.74938269520132
161.7587544680515
163.79898892914997
165.8702755629593
167.97280457940008
170.10676273177592
172.27232611337467
174.46969593972534
176.69903198263742
178.96051596545718
181.25431761604887
183.58060362683082
185.93954364757775
188.33128973834727
NaN
193.2138246046053
195.70490892345748
198.22939320787597
200.7874098435196
203.37909434451575
206.0045721039013
208.6639588970788
211.35736308523718
214.08491571789028
216.84669236491473
219.64281410408216
222.47336724304245
225.33842974391476
228.2380896356572
231.1724242578306
234.14152565941595
237.14542836844862
240.18421251120495
243.25792942043842
246.36663577637262
249.51038013997766
252.68920455074317
255.9031472179784
259.15225019206815
262.4365396590803
265.75604973305514
269.1108011836431
272.50081694463665
275.92611773695137
279.38671577382814
282.8826293003591
286.4138652056789
289.98043333756954
293.58234015081416
297.2195902003446