77.39751778699286
77.90609248831409
78.44215994934395
79.00547009710749
79.59577242360719
80.21281890831165
80.85636577313164
81.52617889880351
82.2220319911389
82.94371116347337
83.69101623270463
84.463760791111
85.26177426915093
86.0849009758533
86.93300329613116
87.80595958450266
88.70366395063384
89.62602796939173
90.57298050420393
91.54446509955282
92.54044207140358
93.56089328280942
94.60578706239323
95.67515315899936
96.76899834281676
97.88735658545508
99.03027195310439
100.19780217074535
101.39001528968505
102.60699073206423
103.84884983053317
105.1156034620162
106.40745037228503
107.72447675735805
109.06681886833819
110.43460199201904
111.82797830028237
113.24709111206597
114.69209790501517
116.16316939864089
117.66046543999686
119.18416329299941
120.73444208786402
122.31148433399545
123.9154782713891
125.54660855871866
127.20508713489583
128.8910936181666
130.60483485835258
132.34650877763838
134.11632349981173
135.9144793267951
137.7411842965292
139.59680731361374
141.48106430793032
143.39465348943068
145.33761549960587
147.31015673270014
149.31247912104703
151.34479190580788
153.40728618606983
155.5001733397142
157.6236390952051
159.77788287466714
161.9630940719303
164.17946314748906
166.42717253592443
168.70643364535678
171.01733871756207
173.36014347111313
175.73499633175754
178.14205546236343
180.58148263204527
183.05343521808325
185.55807248782514
188.09551551582663
190.6659286091468
193.26944286757742
195.90618824525552
198.57629013176893
201.2798663723576
204.01704184607334
206.78791726040237
209.59260321805664
212.43119806716848
215.3037987813099
218.21049264415416
221.15136076319953
224.12650424139713
227.13597740544398
230.1798580594687
233.25820998826285
236.37110518277143
239.51859456004706
242.70072861270793
245.91758114762226
249.1691726434542
252.45555518303712
255.7767696654672
259.1328530845953
262.52383947116016
265.9497600772466
269.41064356255225
272.90651618153436