79.29883892412853
79.80951078776535
80.34801393784268
80.9135059185349
81.50633452539837
82.12605603049717
82.77243011153602
83.44522525787579
84.14421797470662
84.86919760667773
85.61996656201593
86.39634124974161
87.1981540543563
88.02525205918052
88.87749992198295
89.75477864522213
90.65698424869345
91.58403202215018
92.5358517892563
93.51238789677065
94.51360658488332
95.53948108904967
96.58997399932788
97.66518349425782
98.76503779155912
99.88960028533518
101.03891795932763
102.21304750907747
103.41206051971707
104.63603486625247
105.88506444010483
107.15923994881626
108.45869235038903
109.78353370975603
111.13388191681241
112.50987855925747
113.91166890361836
115.33940057057539
116.7932323399622
118.2733270737611
119.77985168130401
121.31302742658451
122.87289465055728
124.45977430548525
126.07380679813673
127.7151821062791
129.3840954775606
131.08074473112387
132.80531880712843
134.55802872757062
136.33907490577246
138.14865895510871
139.98698557139724
141.85425983743573
143.7506861413021
145.67647139873026
147.63181655331894
149.6169301991025
151.63200875466643
153.67725877406215
155.752876567096
157.85905803266925
159.9959990168933
162.16389032400156
164.36292286905856
166.59328183782085
168.85514861856913
171.14869981076487
173.4741174325678
175.8315622804522
178.22121296151963
180.64322293372643
183.0977489529805
185.584948927505
188.10496678436104
190.6579483744713
193.2440305040479
195.86334556463615
198.5160232056333
201.20218433119626
203.92194480851225
206.67542638990955
209.4627162264195
212.28393576468756
215.1391682386468
218.02852046025816
220.95206595490134
223.90989606599658
226.9020785563103
229.9286911325184
232.98979609692105
236.08547212883116
239.21576459364894
242.380730651609
245.58042401179682
248.81489166487736
252.0841781298942
255.38832200840946
258.7273612453408
262.1013298384194
265.51025888087776
268.95417674679334
272.4331092785378
275.94707997480845