89.17513707656059
89.69615509090806
90.24549558235998
90.82292867187017
91.42822134117635
92.06114436941257
92.7214756571882
93.40899750640976
94.12350527963392
94.86480183185041
95.6327093786982
96.42705659146903
97.24769254365401
98.09448203714146
98.96729624186283
99.86603866551872
100.79061893130411
101.7409605685179
102.7170065950463
103.71871519748431
104.74605880434848
105.799026194022
106.87761732250578
107.9818467415163
109.11174427854506
110.26734941104209
111.44871480211415
112.65590383270869
113.8889949112783
115.1480689836358
116.43322475348799
117.74456550651585
119.08220517726149
120.44626522639761
121.83687750530613
123.25417700075079
124.69830919008064
126.1694248660861
127.66767954481953
129.19323813554172
130.7462659406243
132.32693661318424
133.93542541393023
135.57191327219513
137.23658484830517
138.92962704598534
140.65122785829772
142.40158100159613
144.18086852248877
145.9893204583045
147.82709798001684
149.69441078241513
151.59145564382558
153.51843039179508
155.47553252331377
157.46299060827099
159.48090157541125
161.5295631121156
163.60912823245943
165.71979046817526
167.86173885852446
170.03515629307398
172.24022945374264
174.47713456962862
176.74604719624833
179.04711287812447
181.38059310866393
183.74655694824165
186.14519561384162
188.57667018591576
191.04111903643798
193.53869846511284
196.06955149630477
198.63380319061523
201.2316095879716
203.8630673216277
206.5283200439136
209.22746754260535
211.96062598735477
214.72790094665217
217.52939087648056
220.365191408711
223.23538839505986
226.1400696483996
229.07931333589863
232.05319120697797
235.06177144180688
238.10512070491848
241.18329752329677
244.29634890608878
247.44434820795772
250.6273187772224
253.8453093958908
257.0983611960701
260.38650707146417
263.7097754362091
267.06819585970095
270.46179701543156
273.8905985249138
277.354614926951
280.8538650528956
284.3883626679133
287.9581193267443
291.5631445644311