100.79511395776706
101.32730555471225
101.88856615772045
102.47868309204922
103.097444740109
103.74464240040771
104.42007349149168
105.12354329677956
105.85486666080743
106.61387138473746
107.40039551846212
108.21429307040425
109.0554325685202
109.92369556448233
110.81897935220739
111.74119845996394
112.69028025689904
113.6661676812549
114.66881868589944
115.69820670534953
116.75431805472348
117.83715200671402
118.9467218842468
120.08305418739138
121.24618412414488
122.4361679712989
123.65306426260287
124.89694173185381
126.16788244850832
127.46598012870038
128.79133409035524
130.14405190666477
131.52425662106975
132.9320590612663
134.36761349752223
135.83104646849958
137.32250057748047
138.84212979436003
140.39009109050255
141.96654556020493
143.57166036455487
145.20560756279045
146.86855425651132
148.56068393777883
150.28217240168559
152.033207966954
153.813971300701
155.6246489685053
157.46537558898743
159.3364984962439
161.23804970539547
163.17026501560554
165.13334748417896
167.12747051306144
169.152829998394
171.20960632394747
173.29799145300737
175.41816088450886
177.5702997352567
179.75458178005917
181.97118437678841
184.2202782859127
186.50203154393176
188.8166082845782
191.16416982498654
193.54487192501716
195.95886618756222
198.4062972731605
200.88731346260266
203.40204631234343
205.95063715254608
208.5331924087631
211.1498687898208
213.80075301949188
216.48596615476436
219.20561193005182
221.95979489115032
224.74860410665576
227.57213354571775
230.43046645406852
233.32367632941097
236.25184207070458
239.21502893561154
242.21329775156187
245.24670854850996
248.3153123712848
251.41915560541997
254.55828921247925
257.732742787826
260.94255332181257
264.18775320187405
267.46836811921605
270.7843855167919
274.13592340212665
277.52290059643593
280.9453615227654
284.4033154466724
287.8967682552905
291.4257225296863
294.9901837262524
298.5901483435439
302.2256139488639
305.89657614615885
309.60302872871415