102.58875167873019
103.12258635641608
103.685599149061
104.27758116738495
104.89832212931186
105.54762182292329
106.22527570988125
106.93109507745606
107.66489754418302
108.42651250817696
109.2157861879237
110.03257074933856
110.8767431214938
111.74818369273393
112.64679582199767
113.57249450117851
114.52531663141248
115.50488896199622
116.51149584902753
117.54499947961365
118.60539100183571
119.69267184855546
120.80685834937255
121.94797769104356
123.11605773556215
124.31118510895809
125.5333870734573
126.78274506116347
128.05934876420423
129.3632851730845
130.69465627550113
132.05345705116912
133.44015102606156
134.85473775361368
136.29680593653603
137.76715482961959
139.26570828083285
140.79261938197095
142.34804237500944
143.93214174895937
145.54508027770382
147.1870289024571
148.8581622274225
150.55865501864014
152.28868883512433
154.04844381275782
155.8381037522497
157.65785588304794
159.50788441191193
161.38837890926476
163.2995266145705
165.2415142918343
167.2145287983202
169.2187620327679
171.2543947161193
173.3216133662659
175.42060007886994
177.55156725124135
179.714599246521
181.90996479388124
184.13780541621475
186.39828876484705
188.6915885295781
191.0177021140236
193.3772566039934
195.7699394140566
198.19605677149053
200.65574920597726
203.14911665364818
205.6764221567442
208.23766596576073
210.83305695923505
213.46258811336685
216.12649632327575
218.82485576948494
221.55775874609853
224.32530800233596
227.12759386444668
229.96470096336634
232.8367098330953
235.7436997691729
238.68573416581364
241.66288111985415
244.67520048348516
247.72274382065063
250.8055454979583
253.92369773775357
257.0771941014732
260.26608640273264
263.4903979733168
266.75017087110973
270.0454185100609
273.37616056442215
276.74241356567245
280.1441914828854
283.5815034864738
287.05435628662747
290.56275276651104
294.10669214382443
297.68618013501464
301.301206795182
304.9517690910272
308.6378600586481
312.3594711216946