113.98027926319328
114.52410558553976
115.0977796886983
115.7011120135247
116.33391517048896
116.99600569121935
117.6872067337239
118.40735013180849
119.15627755689401
119.93384145154009
120.73990938291993
121.57435800368988
122.43708157066528
123.32798564092343
124.2469925058611
125.19403658855099
126.16906743541657
127.17244711203685
128.20295235993305
129.2617738978961
130.34851509936223
131.46318984510273
132.6058253909049
133.77644998535752
134.97514828586492
136.20194603908737
137.45692406445468
138.74016482506445
140.0517548204986
141.39179394790366
142.76038743612082
144.1576516059131
145.58370540239116
147.03867812933146
148.52270289273687
150.035923879065
151.57848327850277
153.15053475390766
154.75223468271315
156.38373985252102
158.04521854588387
159.73683483636606
161.45876190994233
163.211169725431
164.9942359917791
166.8081360356005
168.65304954755922
170.52915576143818
172.43663201593102
174.3756612025847
176.34642125751625
178.3490936814494
180.38385389274396
182.45088140698428
184.55035047197006
186.68243425454958
188.84730342983772
191.04512571369503
193.27800486834076
195.54029251964192
197.83795328981248
200.16921026524017
202.53421315179003
204.93310323194504
207.366027071237
209.83311387916427
212.33450661962155
214.8703237817868
217.44068528066683
220.04571272456374
222.685512075056
225.36019045114034
228.06984392236407
230.81456786070217
233.59444853074416
236.4095697271243
239.26000547815062
242.14582717456423
245.06710011504205
248.02388292676028
251.01622730306383
254.04418774761004
257.10780314094006
260.2071062599177
263.3421515582949
266.51294411713195
269.7195372972341
272.9618877390876
276.24007870965545
279.55410109766984
282.90395366346837
286.28964657774344
289.7111560440507
293.16854661127786
296.66174957738633
300.1907751074739
303.7556129460503
307.3562464395835
310.9926708078103
314.6648597932588
318.3727948440667
322.11645864831166
325.89582653799476
329.71087603156275