55.935131475827035
56.416911543355354
56.92438688852504
57.45727582559005
58.01529699061379
58.59817294997722
59.20563229607013
59.83741247007808
60.49326166185529
61.17294133094344
61.87622318305127
62.60290349170253
63.35278084110559
64.1256785403753
64.92144092907121
65.73991911260141
66.580988857087
67.4445416611047
68.33048713319236
69.23875073738739
70.16927416066608
71.1220162249354
72.09695374986292
73.0940719562796
74.1133834301144
75.15490169033858
76.21866124494917
77.30470947300168
78.4131045965597
79.54390018383714
80.69723295294858
81.87314264853507
83.07175097553949
84.29317522523557
85.53753660938153
86.80496849214184
88.09561203090217
89.40961507882422
90.74713957175106
92.10834342953223
93.49339964198096
94.90248446608494
96.33578088837871
97.79347533099022
99.27576149981869
100.78283683066286
102.31490067255405
103.87214849155266
105.45482260415243
107.0638346534667
108.69720762611483
110.35735953486716
112.04377555953909
113.75667417168823
115.49627780133939
117.26280904508648
119.05648725551671
120.87754074169337
122.72618907398382
124.602657018726
126.50716338452337
128.43993157827148
130.40118065950335
132.3911268033635
134.40999156381304
136.45798330241706
138.53531858846287
140.6422058683988
142.77882761131028
144.94545617381107
147.14222308949496
149.36934921474165
151.6270264832409
153.9154465596193
156.23479197888886
158.5852468289697
160.96698279899263
163.38017174232075
165.82500383223604
168.30161358732667
170.81017186740016
173.35083108440813
175.92372281252273
178.5290444087458
181.16688115141952
183.83738717255946
186.54069065624083
189.27691684339015
192.04618546993012
194.848610759131
197.6843049246773
200.5533716604401
203.45591302921352
206.3920255523366
209.36180151247174
212.36532894022213
215.4026917379123
218.47396981174836
221.57923921172548
224.7185722785557
227.8920377969654
231.0997011548537
234.341624507451
237.61786694605075