0.
0.
0.
0.
0.
0.
0.
0.
0.
3.971889227456797e-12
5.9578338411851955e-12
4.096010765814822e-12
7.199049224765445e-12
1.3901612296098789e-11
6.67773876366174e-11
3.2569491665145737e-10
1.3493252434900886e-9
4.870156800553823e-9
1.5533189917815025e-8
4.4438117284478436e-8
1.1574432749116509e-7
2.7788714784363527e-7
6.214086480771488e-7
1.3055720288542698e-6
2.5960239442703804e-6
4.915736960112734e-6
8.91127307832827e-6
0.000015535773880000565
0.00002615014316220389
0.00004264259261172815
0.00006756698791997582
0.00010429911072482697
0.00015721014527074695
0.00023185564960316872
0.00033517853251314214
0.00047572378702585323
0.0006638629659404463
0.0009120261667229166
0.001234939265250617
0.0016498643453140129
0.0021768413392964088
0.002838929198308922
0.0036624448502313996
0.004677198787108843
0.005916726179207584
0.0074185125609883525
0.009224213692800272
0.011379868926177662
0.013936108242165544
0.01694835252762786
0.020477007639024457
0.02458765208025902
0.02935121898521027
0.03484417251640745
0.041148679263593814
0.04835277492219622
0.05655052681769512
0.06584219235967685
0.0763343740048437
0.08814017062956003
0.10137932564321521
0.11617837163127237
0.13267077158820206
0.15099705635875113
0.17130495795775588
0.193749538461423
0.21849331372050795
0.24570637149522334
0.2755664831666094
0.3082592084741358
0.34397799242371685
0.3829242538573659
0.4253074647581697
0.4713452199332374
0.5212632963220742
0.5752957015891714
0.6336847116171501
0.6966808966156037
0.7645431357499379
0.8375386202336106
0.9159428450121126
1.0000395891212317
1.0901208850299
1.186486977309461
1.289446270812057
1.399315268850781
1.516418501466736
1.641088444198811
1.7736654271594423
1.9144975344369604
2.063940493418524
2.2223575532774937
2.3901193516368613
2.5676037679166726
2.7551957613874456
2.9532871914611714
3.1622766171135153
3.382569071755646
3.6145758092691564
3.8587140163490616
4.115406485662617
4.3850812441576945
4.668171130404738
4.9651133150323465
5.27634875872948
5.602321602915944
5.943478489642375
6.300267809071271
6.6731388751947875
7.062541033633855
7.468922708653858
7.892730400359299
8.334407647072862
8.794393971403544
9.27312383195449
9.771025604772973
10.288520619897154
10.826022278056833
11.383935270710325
11.962654923334409