0.
0.
0.
0.
0.
0.
0.
0.
0.
0.
1.9859446137283985e-12
3.971889227456797e-12
1.9859446137283985e-12
4.096010765814822e-12
2.730673843876548e-12
1.1046816913864217e-11
3.1278627666222274e-11
1.2697633374025947e-10
4.803503534455563e-10
1.6283504617189287e-9
4.9510840435632555e-9
1.370922391164385e-8
3.494108189855252e-8
8.27556773909843e-8
1.837532490313708e-7
3.8524942372794457e-7
7.674443405184365e-7
1.4603987533713029e-6
2.6669736774189024e-6
4.692808347023265e-6
7.984294083342881e-6
0.000013175311266629117
0.00002114367782592682
0.00003307758243768508
0.00005055235034595012
0.00007561771855321098
0.00011089539994204587
0.00015968655018546324
0.00022608876954969813
0.0003151217455420227
0.00043286090661088573
0.0005865780978979627
0.0007848883197067472
0.0010379015462657082
0.0013573785203525618
0.001756889691792991
0.002251976178271587
0.0028603119244121245
0.003601866262266889
0.0044990660116874664
0.00557695657990356
0.006863361471849642
0.00838903964338338
0.010187840464667973
0.012296855919119566
0.014756569870355717
0.01761100428431838
0.020907862291883142
0.02469866824971316
0.029038904662451785
0.033988146288473346
0.039610191345782406
0.04597319018732315
0.05314977141355132
0.061217165808162645
0.07025732796367117
0.08035705605137061
0.09160810965773036
0.10410732575859609
0.11795673302904461
0.13326366435434528
0.15014086755977737
0.16870661428805753
0.1890848069283074
0.2114050833501801
0.23580291931641728
0.26241972840006705
0.2914029589693302
0.32290618823035405
0.3570892127503114
0.39411813549365754
0.43416544881115593
0.47741011338005973
0.5240376326074027
0.5742401225631764
0.6282163770627148
0.6861719278992772
0.748319100108666
0.8148770623339
0.8860718721520418
0.9621365166112985
1.0433109480875011
1.1298421155191645
1.2219839913666863
1.319997594439787
1.4241510089267064
1.5347193997960746
1.6519850248936714
1.7762372438788054
1.9077725242094543
2.0468944442184935
2.1939136932770404
2.3491480689503317
2.5129224706695132
2.6855688896451495
2.8674263940503404
3.058841108612781
3.2601661871470387
3.4717617764667112
3.693994969447867
3.9272397448243908
4.171876890635776
4.428293907900368
4.69688489051239
4.978050376923279
5.272197168714847
5.579738110832915
5.901091828050723
6.236682412008139
6.586939053616783