76.42212549883752
76.46698997236814
76.5417553158578
76.64638782842145
76.78084822114292
76.94508527249258
77.13903571817559
77.36262288512359
77.61575609167727
77.89832944648974
78.21021970377342
78.55128602172499
78.92136880069413
79.32021311934972
79.74785509921234
80.20385238521676
80.68805911270503
81.2002396151127
81.74015493355701
82.30755871407818
82.90220573149467
83.52385285320622
84.17226242804188
84.84720368802162
85.54845758071112
86.27581389353786
87.02907744287255
87.80806827174314
88.61257568156412
89.44257814016385
90.298758521709
91.17820968290611
92.08366243048867
93.01408896424738
93.96942052579736
94.94959742886682
95.95460530510195
96.98439306874342
98.0389840064458
99.11836355189156
100.22255879999533
101.35160557310091
102.50554992411878
103.68444825906049
104.88838043675719
106.11741497198848
107.37165166227379
108.65118947466635
109.95614067023595
111.28662432138584
112.64276746123933
114.02470901595981
115.43259013900195
116.86656132839626
118.32678079557276
119.81341124112818
121.3266187227941
122.86657697167783
124.43347138697133
126.02747593057403
127.64877739952891
129.29757369800464
130.9740506229409
132.67840533110524
134.4108365420897
136.17154378637304
137.96069238096797
139.77859467720745
141.625342965779
143.5011816727755
145.4075466039454
147.3409357560855
149.3052502543896
151.29948366286956
153.32381015357674
155.37843801694464
157.46356373883216
159.57938631158413
161.72609545808595
163.90388270866615
166.11293558543113
168.35343281866264
170.62556416572704
172.9294989075142
175.2654149423502
177.63347689731796
180.0338491114746
182.4666949817556
184.93217028537543
187.43042188743073
189.96159002598228
192.5258135511556
195.1232670062684
197.75404016207537
200.41826610387469
203.11606462815027
205.84755405264463
208.61284024887198
211.4120380516006
214.24523327282955
217.11253595483188
220.01402040359835
222.949779104839
225.91988564341173
228.92441936632412
231.96344868785482
235.03704143131225
238.14525577979234
241.28814892226134
244.46574384331265
247.67818217541844
250.92541441674803
254.20751292672924
257.5245220735498
260.87646914646865
264.2633886900418
267.6853096646089
271.1422583551787
274.63425855967245
278.1613317775182