99.5120367015095
99.55874211322227
99.63656807223119
99.74548997153164
99.88547242711975
100.0564712258393
100.25842945062395
100.49128006855204
100.75494392777289
101.0493285063305
101.3743276159019
101.72981977464201
102.11566790637502
102.53172014347759
102.97780863036651
103.45375355498403
103.95936380586464
104.49444010598151
105.05877741696929
105.65216924462676
106.27441291393265
106.92529631913757
107.6046311788749
108.31222728729671
109.04790447339862
109.81149740190713
110.60285032379701
111.42182253534742
112.26828748548012
113.14213505208477
114.04326658261648
114.97159945543274
115.92723629165958
116.90962499522918
117.91922568624739
118.95584871014091
120.01948588432144
121.1101391230986
122.2278268566436
123.37257642326298
124.54442999595227
125.74343856432024
126.96966783094818
128.2231891996294
129.50408697102029
130.81245229018992
132.14839251537327
133.51201246156444
134.9034320492869
136.32277755998572
137.77018308001243
139.24578518224368
140.74973092942773
142.2821717857378
143.84326364725567
145.43316790550762
147.05204998482608
148.70007954378497
150.377430522223
152.08427805080495
153.82080113134137
155.58718253927663
157.38336363730667
159.21025032293932
161.06730775153858
162.95496138858613
164.87340166918509
166.822812631043
168.8033638491538
170.8152936247596
172.85873556458347
174.933887974437
177.04093256807704
179.18029306263304
181.3514153041311
183.55520410499238
185.79158633757518
188.06073038731472
190.3627976255035
192.69795165553853
195.0663705119792
197.46813080489426
199.90345862701673
202.37247152871
204.87529980206924
207.41208022895376
209.98294076392023
212.58800133939047
215.22738022431884
217.90118499945024
220.60952770802564
223.3525034558522
226.13020554980648
228.9427264565932
231.79014876219995
234.67254795217625
237.58999906894923
240.5425674862118
243.53031832087106
246.553303994558
249.6115801399023
252.7051889444706
255.83417327173285
258.9985820798178
262.19843339375507
265.4337613534915
268.7045919858932
272.01094505493217
275.35283797068337
278.73027449933596
282.14329502057245
285.59187768119125
289.0760363445629
292.5957385797929
296.1510837003855
299.7419697757616
303.3684236040588
307.0304389481327
310.72800667168787
314.4611163978464