106.16851158674751
106.21569389187125
106.294315034267
106.40435111398428
106.54576818047151
106.7185224140532
106.9225594092938
107.15781440621015
107.42420981572833
107.72165721902448
108.05005350221523
108.40928147479362
108.7992105462512
109.21969358690171
109.6705708470377
110.1516702788842
110.6628096773765
111.20379984927996
111.77444860917169
112.37455848651925
113.00393559970199
113.66239315016036
114.34974504773463
115.06581446663564
115.81044218395337
116.58346919330103
117.38476628504269
118.21417481666954
119.07161220985473
119.95696831049239
120.87015864582612
121.81111146966018
122.77977241158267
123.77609780034236
124.80006102096192
125.85159988732556
126.93085327626682
128.0376929575466
129.17218848722717
130.33437655034075
131.52430356161528
132.74202667679793
133.98761436794962
135.2611457298222
136.56270390721858
137.89239472078066
139.2503124664725
140.63657552084598
142.05130811464429
143.4946290219652
144.96672339269216
146.4675893731328
147.99751671532178
149.55660690487045
151.14501691631702
152.76289217173186
154.41044268111733
156.08779149552316
157.7951248930032
159.53261652369855
161.30044404428756
163.0987840442856
164.92781855726702
166.78772627911187
168.67868803621795
170.600895742256
172.55452039359398
174.53974819711627
176.55675941335457
178.6057332732808
180.68685338514425
182.8002906134322
184.94621945486787
187.12481566429798
189.3362592518619
191.58067532430175
193.85826629987824
196.16918394065803
198.51357526521133
200.8915874523552
203.30338759521825
205.74909341372532
208.22885601728254
210.7427997804435
213.29105431379028
215.8737294586832
218.490975018271
221.14286339770254
223.82953735726394
226.55103548555084
229.30750994620428
232.09901543916493
234.9256660427474
237.78751104092004
240.68462704485603
243.617082381166
246.584935725477
249.5882459878201
252.6270561379935
255.7014153451285
258.81136148066196
261.95692743328067
265.1381476274682
268.35503734136756
271.6076395643301
274.89593842961034
278.2199914040216
281.57977058985233
284.97529477801083
288.40656936333977
291.87359049266
295.37635194369926
298.9148567313677
302.48909254062414
306.0990436857542
309.74470361776196
313.4260559207373
317.1430866351761
320.8957740200177
324.68410075841655