108.02637110852952
108.0736830054547
108.15252032181088
108.26285938250341
108.40466827061012
108.57789782962651
108.78250002613754
109.018408135186
109.28554604988264
109.58382541219166
109.91314467365773
110.27338761729109
110.66442501146048
111.08611123495302
111.5382886993516
112.0207881629751
112.5334292694148
113.07602542028569
113.64838755083753
114.25032188114514
114.88164009207497
115.54215468032176
116.2316860516342
116.95006278375726
117.69712391250512
118.47271903897044
119.27671244964351
120.10897815286138
120.96940749218578
121.85790348189124
122.77438305335198
123.71878434343931
124.69104873836899
125.69113833605667
126.71902914253249
127.77470497564704
128.85817620841004
129.96944483045348
131.1085461710874
132.27551268831002
133.47039277428465
134.69324695198162
135.9441423720548
137.22316440437112
138.53039593992597
139.86593683858726
141.22989103272758
142.62237316310433
144.04350436413003
145.49341188918072
146.9722300003861
148.48009972091324
150.01715941820132
151.5835829009222
153.17950410717418
154.80509096078077
156.46050634017774
158.14591935777642
159.86149993308496
161.6074191379737
163.38386177353638
165.1909955334781
167.02900342556126
168.89806514220814
170.79836201895768
172.7300703299644
174.69338170934634
176.68846894042392
178.71551031690097
180.77468745379076
182.8661753790328
184.990150634849
187.14678348063634
189.33624428425907
191.5592463704021
193.8143177421373
196.1032522606479
198.42566018740482
200.78077495860552
203.17151561702306
205.5952485283253
208.05304416153123
210.54502962094242
213.0713342582293
215.6320850473939
218.22739811528987
220.85738648905868
223.52215588454843
226.2218104928466
228.95644393945815
231.72614918489347
234.53100786991692
237.37109800038542
240.2464974226232
243.1572692098231
246.10347729307747
249.08517689882473
252.10242171682378
255.15525470774725
258.2437205966394
261.3678525748296
264.52768274060304
267.72323738326145
270.9545348532754
274.22160762854253
277.52445459820143
280.86309217094293
284.23752418227076
287.6477559037483
291.0937852787976
294.57561258908174
298.0932278158145
301.6466152655746
305.23579186691774
308.86071463840955
312.5213730364655
316.2177687177258
319.9498629833049
323.7176419908705
327.521084653338