108.8678254886793
108.91519615724276
108.99412993454126
109.10460512702292
109.24658731052564
109.4200332920906
109.6248892562518
109.86109058922364
110.12856235382382
110.42721545548233
110.75694914672617
111.11764832487988
111.50918311712987
111.93141001942986
112.38417168325498
112.86729890827242
113.38061477801331
113.92393260267738
114.49706428802538
115.0998189357281
115.73200776124662
116.39344690223056
117.08395729229396
117.80337056976914
118.5515260660571
119.32827659013289
120.13348562938587
120.96703240985147
121.82880684605482
122.71871489120807
123.6366774255052
124.58262703793723
125.55651367882805
126.55916907530099
127.58795602698902
128.6454776429766
129.7308644495943
130.84413106658408
131.98530408970805
133.15442170607656
134.35152058648708
135.57669842001687
136.82998886601547
138.111487646662
139.42126572081997
140.75944633382127
142.12612030458556
143.52139740337552
144.9454219154438
146.39829738024076
147.8801677852946
149.39117385399595
150.93146076360105
152.50118004829636
154.1004876215682
155.72954388268744
157.38851237044068
159.07756092624402
160.79686120914417
162.54658494784925
164.32690804081335
166.13799196043342
167.9800625352036
169.85325047715594
171.75775453661873
173.69374347691738
175.66143239048452
177.6609656095604
179.69252942009427
181.75630948507094
183.852474555527
185.98119939969115
188.14266212364782
190.33702349028297
192.56571111623717
194.82511103811203
197.11916455673605
199.44675195202254
201.80805066021122
204.20318583751316
206.63230388471038
209.09553649139684
211.59304324401276
214.12492344505927
216.69130180514833
219.2923138132551
221.92805103270737
224.59862863039
227.3041197938707
230.04469247903634
232.82036197721723
235.63123423951234
238.47738804349277
241.35889698577657
244.27582501555548
247.22823154298246
250.21617303579526
253.23969751868344
256.2988489733701
259.39367211268336
262.5241969860385
265.6904532705018
268.8925710389081
272.13026129692906
275.4038490796091
278.71324335636945
282.058456558028
285.43948864588015
288.8563460997462
292.309024039366
295.79751776861315
299.3218176506651
302.88192774481837
306.4778188902781
310.10944944321704
313.77690419674326
317.4800627678595
321.21894008195926
324.99351362327826
328.803761418706