112.46853107651059
112.51614721248808
112.5954918704748
112.70654159490763
112.8492636999295
113.02361514910825
113.22954309760017
113.46698429209195
113.73586368128798
114.03609327507077
114.36757998579716
114.73020394156384
115.12428959487703
115.54834910112525
116.00358111561165
116.48935784422655
117.00552017994919
117.55188379778502
118.12826572699016
118.73448174602683
119.37035058944826
120.03569481467808
120.73034358037931
121.45413528874211
122.20691741338639
122.98854985948569
123.79890512397736
124.63786739900904
125.50533075612033
126.40122163881777
127.32545252980997
128.27796847861566
129.25872334338712
130.26768547442884
131.3048333523707
132.3701676911102
133.46368718673088
134.5854156708911
135.7353808852651
136.91362659951955
138.12020305715552
139.3551595931534
140.6186166889304
141.9106064237195
143.231238269409
144.58060863507848
145.95883037759273
147.36601507148845
148.80228475101387
150.2677688873166
151.76260115240296
153.28692789945023
154.84088973430562
156.42462614401597
158.03833353545662
159.6821323163388
161.356206662066
163.06069688559518
164.795799886027
166.56167798351058
168.3585037252596
170.18645848493944
172.04571247733244
173.93644508875335
175.8588354563781
177.81306129883035
179.799299351867
181.81772455285238
183.86852008242064
185.95185331593447
188.06789754190729
190.21682148362495
192.3987995164836
194.61398890499592
196.86255473348035
199.14593788464165
201.46044507494435
203.81007214855492
206.1936836874031
208.6114235736513
211.06342501679052
213.549819310783
216.07074032412595
218.62629127102963
221.2166269086251
223.84181988657514
226.5019868892524
229.1972284581223
231.92763999683956
234.69329558769982
237.494309705548
240.3307275297674
243.20262303336958
246.11008295806135
249.0531425067632
252.03186555073376
255.0462976974445
258.096486379558
261.1824641874459
264.3042661047248
267.46191741849947
270.6554520466999
273.8848700105761
277.15020953359596
280.45145631904467
283.7886357481449
287.1617400402506
290.57077118331296
294.01572346536136
297.49659400737875
301.0133683268852
304.5660334167279
308.154572853426
311.77897597430297
315.4392198606304
319.1352746516248
322.8671326421536
326.63475673154215
330.4381241461574
334.2772083228079