37.342870332162875
37.79423455148537
38.269236095594245
38.76756953212217
39.288934272679775
39.83303838783353
40.399598353045334
40.98834154907732
41.59901203714859
42.23136501141055
42.8851696312443
43.560215895233654
44.25630390514198
44.973258031269275
45.7109137399331
46.46912171341121
47.24776859267398
48.04672959457204
48.86591659001299
49.705253783145615
50.564680412993916
51.44415298049886
52.34364228767059
53.263137464109484
54.20263953616897
55.1621640044022
56.14174418204914
57.14142100130176
58.161251083574165
59.20130402843916
60.26165861714526
61.342409930830506
62.44365614553263
63.56551594387925
64.70810700531024
65.87156255399867
67.05602385455117
68.26163882282925
69.48856797221467
70.73697120261555
72.0070253762418
73.29890474511187
74.61279572068263
75.94888757789536
77.30737937920212
78.6884694185875
80.09236177259982
81.51927576862842
82.96941614780665
84.4430027636359
85.94025863976995
87.46140680166614
89.00667600359844
90.57629363724257
92.17049195062424
93.78950191000649
95.43356243926641
97.1029036215155
98.79776642131465
100.51838483792945
102.26499249790669
104.03783844676762
105.837145903952
107.66315493408253
109.51610599353323
111.39622377975341
113.30375064765832
115.23889662688791
117.2019306518556
119.19304418423862
121.21247050693003
123.26043726700364
125.33715676568637
127.44284819378238
129.5777219782566
131.7419906800513
133.93585599868453
136.15952360199984
138.4131914517865
140.69705160557407
143.0112930585859
145.3561066610141
147.7316777251376
150.13817341529074
152.5757673531342
155.04463187580728
157.5449285971757
160.07681693123462
162.64045117696116
165.23598099185642
167.86355139873987
170.52330280514488
173.2153710350225
175.9398873724428
178.69697861692913
181.486767150027
184.30937101269245
187.1649039930126
190.05347572376652
192.9751917894363
195.93015384198495
198.91845972499868
201.94020360561933
204.99547611374052