36.72580368494832
37.17597537295559
37.649703637877614
38.146682443928974
38.66661095563551
39.20919609023481
39.774154953126796
40.36121709907079
40.97012312645509
41.600629157269026
42.25250784651243
42.92554513267478
43.619546648368136
44.33433217020039
45.069740710721895
45.82562664939882
46.60186467733103
47.39834276946935
48.21496957324206
49.05166758967941
49.90837803821457
50.78505743568438
51.68167690934048
52.59822539500296
53.534703008956214
54.49112310950053
55.46753192514469
56.46396465102319
57.48045707857247
58.51710507224163
59.57397925377152
60.651172018320395
61.74878643353844
62.8669349528689
64.00573987042574
65.1653333570164
66.3458560923873
67.54745906135689
68.77029707817387
70.01453595813788
71.28034681487935
72.56790789589155
73.87740730438308
75.20903051779304
76.56297749199136
77.93944757441693
79.33864636148799
80.76078576024082
82.20607909996174
83.67474446026885
85.1670053612432
86.6830838336759
88.2232063235785
89.78760588040714
91.3765067201181
92.99015695750663
94.62877296627273
96.29260725989654
97.98188470627609
99.69684581497701
101.43773001484067
103.20477091281556
104.9982103644882
106.81828082728937
108.66521977655026
110.53926256022817
112.44063722553811
114.36954117581162
116.32632466261434
118.31109041774828
120.32410303465358
122.36558999162997
124.4357670308069
126.53485076984106
128.66305852908164
130.82059585405014
133.007674269062
135.22449336386475
137.4712519970877
139.74814775373778
142.0553691370106
144.39310669034336
146.7615399880909
149.16084564793974
151.5912043152669
154.0527793989786
156.5457365863761
159.0702364238318
161.62643435934737
164.21448120854393
166.83452315966147
169.4867017911637
172.17115410164303
174.8880125517503
177.63740511776916
180.4194553564562
183.23428248075302
186.0820014458621
188.96272304523214
191.8765540160491
194.8235971535637
197.8039514338607
200.81771214449253
203.8649710224681