0.
0.
0.
0.
0.
0.
0.
0.
0.
0.
1.9859446137283985e-12
1.9859446137283985e-12
5.9578338411851955e-12
4.468375380888897e-12
7.819656916555568e-12
2.929268305249388e-11
1.2077025682235823e-10
4.83329270366149e-10
1.7257858693299782e-9
5.50503846925512e-9
1.5823261952957732e-8
4.158108771455342e-8
1.0099570981731113e-7
2.2886782869990049e-7
4.87907245065408e-7
9.852346942844982e-7
1.8955894710299057e-6
3.492548602725783e-6
6.189173922686111e-6
0.000010589149895675128
0.000017549461519375055
0.000028255364478283583
0.00004430794444876084
0.00006782451044702106
0.00010155157894185372
0.00014898997955265923
0.00021453137397117972
0.00030360531863554864
0.0004228356630817265
0.0005802051496255836
0.0007852269155678525
0.0010491215340744863
0.001384998231250297
0.0018080391299163062
0.0023356851130490503
0.0029878223727431417
0.0037869684100601446
0.004758456856715808
0.005930620032418077
0.007334968927179664
0.009006369848857254
0.010983217493756218
0.013307604154697165
0.016025484858268418
0.01918683847383806
0.022845824793829118
0.02706093754181528
0.03189515373752538
0.03741607939790415
0.04369609181217032
0.05081247873233032
0.05884757457807252
0.06788889399998277
0.07802926279599225
0.08936694651506873
0.10200577671513478
0.11605527498431602
0.1316307746728915
0.14885354029759312
0.16785088439781382
0.18875628181505255
0.2117094809648947
0.23685661190938714
0.26435029089070855
0.2943497209293176
0.3270207881293586
0.36253615328656236
0.4010753383806028
0.44282480769944493
0.48797804307412573
0.5367356130868141
0.5893052358697306
0.6459018354254197
0.7067475911831427
0.7720719808764154
0.8421118165953494
0.9171112742069325
0.9973219161499495
1.0830027079293685
1.1744200283296824
1.271847673870872
1.375566857576251
1.4858662023695737
1.6030417294827022
1.7273968419303147
1.8592423032468917
1.9988962115917368
2.146683968922399
2.302938245186852
2.467998936803346
2.642213118845817
2.825934989750221
3.0195258070555733
3.2233538125966414
3.437794144573269
3.663228733953824
3.900046181851061
4.148641614106416
4.4094165088094766
4.682778491860128
4.969141095448761
5.268923473787304
5.582550070579164
5.910450232360918
6.253057762609821
6.610810411921671
6.984149300817103
7.373518273218442
7.779363180714267
8.20213110019777