129.55692889871742
130.11336998949585
130.70051102199815
131.31819029752526
131.96625505285112
132.6445489501651
133.3529328895326
134.0912689370859
134.85943319580858
135.6573131111502
136.4848065154543
137.34182436905627
138.2282913339335
139.14414315389354
140.08932952314092
141.06381257408142
142.06756759652623
143.1005808805303
144.16309523086605
145.2543943083187
146.37522612556725
147.52538545700534
148.70491202930938
149.9138611687994
151.15229864671622
152.42029161534245
153.717928983747
155.0452959459183
156.4024931722436
157.7896248876621
159.2068065470399
160.6541528998304
162.1317956882561
163.63986266857685
165.178491754314
166.74782108467252
168.34800831076086
169.97919369692048
171.64153545241774
173.33518247154626
175.06032263178687
176.81709166406577
178.6056654813592
180.42621008447122
182.27889143180266
184.16388790276025
186.08135930165002
188.03147923814603
190.01441892972753
192.03034471415995
194.07942500834682
196.16182454722562
198.27771266708396
200.4272480932617
202.61058882691952
204.82789571433267
207.07931545249482
209.36500446543195
211.68510555920025
214.0397623168476
216.42912952846604
218.85328265814042
221.31240763488796
223.806606774915
226.33599948593317
228.90069702897097
231.5007991490039
234.13644989568454
236.80764571972864
239.5145610172562
242.25725957202084
245.03580861446474
247.85028102465472
250.70074097846398
253.5872552245321
256.5098649698445
259.46862293422254
262.4635588512813
265.4947433008745
268.56216154257424
271.66587395134616
274.80588114244307
277.9821971526076
281.19484074340886
284.4438115411889
287.72911034191765
291.0507337273648
294.4086806358495
297.80293123617423
301.2334748936023
304.70028897806776
308.2033546265101
311.74264823569405
315.3181469639185
318.9298181545102
322.57762369094684
326.2615359443819
329.9815201892468
333.73753644109814
337.52954402985574
341.3575091705755
345.2213877729729
349.12113616594957
353.0567138153113