1.9859446137283985e-12
1.9859446137283985e-12
3.971889227456797e-12
6.08195537954322e-12
5.9826581488568e-11
2.7727510453799182e-9
4.7930276766181464e-8
4.2506438607320164e-7
2.4045004386947205e-6
9.893538288929093e-6
0.000032214339852646534
0.00008784563916199328
0.0002087069041304633
0.0004444949025555864
0.000866676537104226
0.0015719083375914074
0.0026848186609019268
0.004360214229118667
0.006784847533840228
0.010178912171547818
0.01479743148049825
0.020931684401293938
0.028910779828269333
0.03910345404265647
0.05192012776195963
0.0678152223532403
0.08728970008242756
0.11089376028088484
0.13922959405067312
0.17295407362615423
0.21278122970845195
0.2594843493012881
0.3138975067872708
0.376916317342653
0.4494976673693071
0.5326581219554366
0.6274706205767738
0.7350589354410154
0.8565891729928355
0.9932573589478282
1.1462719177298335
1.3168297814691083
1.5060852093737034
1.7151115289489727
1.944858200373746
2.1961086078549847
2.4694465958998864
2.7652400404001556
3.083646350611995
3.424638706921996
3.78804617685399
4.173598487622633
4.58096758636423
5.0098014427350535
5.459748794987684
5.930475645728804
6.42167521935351
6.933073199421522
7.4644297911132895
8.015539776136523
8.586231378919255
9.176364489424378
9.785828590123215
10.414540600100974
11.062442760325972
11.72950062764972
12.415701209800382
13.121051252437637
13.845575677062405
14.589316161775173
15.352329853657407
16.134688200223742
16.936475887420226
17.757789872236316
18.598738498891752
19.459440688726694
20.340025194871846
21.240629913960777
22.161401247977896
23.102493510297798
24.064068370655686
25.04629433456104
26.049346253180026
27.07340486028146
28.11865633327765
29.18529187581793
30.27350731968274
31.383502744082854
32.51548211071901
33.66965291315021
34.84622583931916
36.045414446118535
37.26743484521279
38.512505399310754
39.780846428332985
41.072679924948154
42.3882292791105
43.727719011266004
45.091374514016685
46.47942180209012
47.8920872705075
49.32959746091034
50.7921788360784
52.28005756264913
53.79345930217604
55.33260901059176
56.89773074625816
58.48904748674882
60.10678095454277
61.751151451835156
63.42237770463768
65.12067671639727
66.84626363132186
68.5993516076045
70.3801517007535
72.18887275719737
74.02572131834654
75.89090153524923
77.78461509400063
79.70706115202044