 0.21764566534928E-02
 0.57724464149839E-03
 0.25649904232359E-03
 0.14423988115456E-03
 0.92278140783254E-04
 0.64049664872567E-04
 0.47032786171869E-04
 0.35985676966052E-04
 0.28411370874359E-04
 0.22992927872508E-04
 0.18983727427817E-04
 0.15933228170171E-04
 0.13559180818906E-04
 0.11674777796255E-04
 0.10154331365275E-04
 0.89095293790131E-05
 0.78779140926093E-05
 0.70128696925080E-05
 0.62808524521369E-05
 0.56557979032971E-05
 0.51185485140781E-05
 0.46510298725865E-05
 0.42471934781075E-05
 0.38878961315279E-05
 0.35734071518584E-05
 0.32938209964704E-05
 0.30459695930793E-05
 0.28239128970078E-05
 0.26245250339943E-05
 0.24448645989068E-05
 0.22826417508298E-05
 0.21355011881771E-05
 0.20018018561008E-05
 0.18798936258308E-05
 0.17685306644346E-05
 0.16662285880501E-05
 0.15728672145922E-05
 0.14863285217700E-05
 0.14066005560285E-05
 0.13333526670263E-05
 0.12652870562959E-05
 0.12022887135073E-05
 0.11437717419605E-05
 0.10893160606382E-05
 0.10385865838456E-05
 0.99127613839221E-06
 0.94711411514656E-06
 0.90574527023295E-06
 0.86729864180494E-06
 0.83073596260737E-06
 0.79667191789970E-06
 0.76460488006985E-06
 0.73444972961323E-06
 0.70605791547370E-06
 0.67952464092163E-06
 0.65389444007575E-06
 0.63040465135448E-06
 0.60755913028676E-06
 0.58566496765013E-06
 0.56591484043738E-06
 0.54697972436022E-06
 0.52861213658852E-06
 0.51058811728278E-06
 0.49493331083970E-06
 0.47910399289007E-06
 0.46420474243695E-06
 0.45002664909569E-06
 0.43648807306973E-06
 0.42365336541925E-06
 0.41126619995028E-06
 0.39951380256093E-06
 0.38823949292150E-06
 0.37747336507374E-06
 0.36717005188937E-06
 0.35730066626564E-06
 0.34782349726524E-06
 0.33877119216237E-06
 0.33008480779714E-06
 0.32170756465126E-06
 0.31366074713170E-06
 0.30599844603164E-06
 0.29951338329360E-06
 0.29136643825593E-06
 0.28450102669078E-06
 0.27789316013012E-06
 0.27153577757251E-06
 0.26538301417878E-06
 0.25942348055371E-06
 0.25367967471549E-06
 0.24817925277852E-06
 0.24280150084375E-06
 0.23764215958825E-06
 0.23264772077133E-06
 0.22778767140560E-06
 0.22309488618197E-06
 0.21854786227608E-06
 0.21418488931939E-06
 0.20991737657077E-06
 0.20578797542870E-06
 0.20175827552089E-06
 0.19787976036571E-06
 0.19410351592443E-06
 0.19043550432305E-06
 0.18687052034819E-06
 0.18340141150726E-06
 0.18002919061797E-06
 0.17674870285777E-06
 0.17355602326330E-06
 0.17044770038059E-06
 0.16742045877821E-06
 0.16447118909151E-06
 0.16159693869232E-06
 0.15879490280240E-06
 0.15606241620145E-06
 0.15339694540372E-06
 0.15079608116202E-06
 0.14825753151807E-06
 0.14577911517033E-06
 0.14335875523032E-06
 0.14099447332058E-06
