-0.15323114491643E-06
 0.34291790758493E-09
 0.45802152209434E-09
 0.18854368255059E-08
 0.13107726006258E-08
-0.36980513447697E-08
 0.33785518218423E-08
 0.31544726215369E-08
 0.44761259239548E-08
 0.35957202113474E-08
 0.14071910494800E-07
-0.26065978656400E-07
 0.39405505687747E-07
 0.10601180734860E-07
-0.83897031872492E-09
 0.11860526550260E-07
 0.36117130612169E-07
 0.10406833666816E-07
 0.40466671034450E-07
 0.24126636904900E-07
 0.45151436664001E-06
-0.10086198343655E-05
 0.20020967622183E-05
-0.18696816755038E-06
 0.27523212729762E-07
-0.11240332345038E-05
-0.13060927861755E-07
 0.14697866839986E-06
 0.37963246987249E-07
-0.27507222220976E-06
-0.18167329066078E-07
-0.22612459022241E-06
 0.29919834020712E-07
 0.16728690292038E-06
 0.71951241290789E-06
-0.75576118483683E-06
 0.12903053756992E-05
 0.20233229496377E-07
-0.11788494460246E-05
 0.25016474035248E-06
-0.29303251938402E-06
-0.26739943564728E-06
 0.11126583966759E-06
 0.60438280234096E-07
-0.17591974888119E-07
-0.12782188884304E-06
 0.55263432251851E-06
-0.15255224060954E-07
 0.42460601917944E-05
 0.39000577665923E-06
 0.35756044645455E-06
-0.12767978138239E-06
 0.25030750589953E-07
-0.84592965131082E-07
 0.10620185942240E-04
-0.63855178082391E-05
 0.53369725307734E-05
 0.16454826025963E-05
-0.12685138163394E-04
 0.16274377922909E-05
 0.10668221526977E-04
-0.80711636514028E-06
-0.39005180952636E-04
 0.89604229406773E-05
-0.62570139288883E-06
 0.47974379956482E-07
 0.32064828853135E-06
-0.77342723543168E-06
-0.20510698226669E-05
-0.46356688516226E-07
 0.17261587554339E-05
 0.37320982812000E-06
 0.70771307918097E-06
 0.87993674079016E-06
 0.61535553654115E-06
-0.82121348252294E-06
 0.15110499383283E-05
 0.22649800500413E-05
-0.20977122989966E-07
-0.15457912603720E-05
 0.28757552086173E-05
 0.73274797518759E-04
-0.50201094509350E-05
-0.25763187798339E-05
-0.28477256193094E-06
 0.24619906454195E-05
 0.25457462811974E-05
 0.73680256418527E-06
-0.12202549016085E-05
 0.85471967625461E-05
-0.50492365412569E-06
 0.20651779352288E-05
 0.26216619845497E-04
-0.84880181221832E-06
-0.26808976987339E-05
-0.35257282336357E-05
 0.18132043554811E-05
-0.59107925713599E-06
 0.93403760216042E-06
-0.57793241729471E-05
-0.11702987373650E-05
-0.77433721785253E-06
 0.44769995670574E-06
 0.10740015105976E-05
 0.20655962305497E-06
-0.24706375940493E-08
-0.25850615585102E-08
-0.27046078601899E-08
-0.28297340974161E-08
-0.29600132675907E-08
-0.30972775981660E-08
-0.32385161850208E-08
-0.33869018701454E-08
-0.35455571870871E-08
-0.37126681215627E-08
-0.38870445388761E-08
-0.40705488278068E-08
-0.42642339343846E-08
-0.44689136577489E-08
-0.46849312274916E-08
