105.54527869841964
106.08177713061116
106.64763269820064
107.24263996242105
107.866597256619
108.51930355532144
109.20056565437422
109.9101981654507
110.64802536286531
111.41388366045587
112.20762155707804
113.02910161461712
113.87819998497275
114.75479796615163
115.658831198854
116.5901885100238
117.5488219381421
118.53467688223105
119.54771245391782
120.58792306960046
121.65528919360735
122.7498172578148
123.87152320598967
125.02044882474856
126.19662214945683
127.40011121517232
128.63096927210754
129.88927463168952
131.17511163787572
132.48857462044438
133.82976579130968
135.1987966558751
136.59578537146353
138.02084570169134
139.4741485668735
140.95578174908715
142.46594416220358
144.00474875308092
145.57236417551877
147.16894959933765
148.7946716625009
150.44970028775444
152.13420609294104
153.84836731015153
155.59236198054316
157.3662412547104
159.1705717003394
161.0051573888326
162.8702902754885
164.76620054480634
166.69303380058977
168.65099444336616
170.6402592176682
172.6610141038465
174.71344684461175
176.797726521887
178.9140504157846
181.06417569006055
183.24351360911285
185.4569967536353
187.7032123347807
189.98231926631453
192.29448979121818
194.63987147180114
197.01862189175708
199.43089049017271
201.87682219518535
204.35655172264288
206.87021442300272
209.41795858423873
211.99988923154405
214.61612810467645
217.26679227883577
219.95198852514474
222.67182064407265
225.42638306824438
228.21577303997762
231.04007123156552
233.89936041474604
236.79371350363928
239.72320474961901
242.68789345916295
245.68784011139053
248.72310050504876
251.79371978934668
254.89974979494662
258.0412163499467
261.21748816214034
264.43062135704525
267.67861554324696
270.96216390780774
274.28128627612267
277.6360057349022
281.026322237039
284.4522494839477
287.9137907313638
291.41094232650295
294.9437169277463
298.51210064704503
302.11609105297117
305.75567991457046
309.43085909566497
313.1416172228111
316.8879418466231