109.92209003654304
110.46243923450245
111.03240290246315
111.63176245008792
112.2603890875082
112.91802418591955
113.60450605283093
114.31965796019172
115.06331206135026
115.83531490879702
116.63552239231065
117.46380583223902
118.32005077298005
119.20415489288092
120.11603292339117
121.05560292834863
122.02283800142024
123.01766460953426
124.04006262095344
125.09001768943752
126.16752715225483
127.27260191859037
128.40526468565915
129.56554174430204
130.7535051134766
131.9691869562832
133.2126614056392
134.48400848128642
135.78331325235416
137.1106721816486
138.46619138844608
139.8499814449383
141.26216285243947
142.7028644003468
144.17221765647835
145.67036544982994
147.1974514845807
148.7536278939378
150.3390505441702
151.95388043092976
153.5982825821839
155.27242421496686
156.97647783701447
158.7106170934513
160.47501969252605
162.26987726282894
164.09532930282455
165.95159837882807
167.83885269281507
169.75726830850968
171.70705147255276
173.68832685181982
175.7013812198936
177.74630279344666
179.82329674665164
181.93254461370728
184.07421908099187
186.24849223363796
188.45575039188273
190.69546964618158
192.96860580071106
195.2749496241147
197.61471070728433
199.98803976204124
202.3950807884213
204.83598399161036
207.31088557709404
209.8199146318849
212.3631976935132
214.94086501277746
217.55302581525515
220.19979618357968
222.8812807451615
225.59757756162745
228.34878923983032
231.13499716451645
233.95625258507877
236.81273541255533
239.70442514762217
242.63141089843617
245.5937544478075
248.5915192926196
251.62475113295383
254.69349433091585
257.79779647272653
260.9376884567841
264.1132038833442
267.32436551787123
270.5711997662498
273.85373050175957
277.17196082315667
280.5259048300972
283.91557841888147
287.34097652570046
290.80210011840506
294.2989552170006
297.8315287721009
301.3998172904806
305.0038090490274
308.64349411028377
312.3188704206732
316.0298910210333
319.77656824091906
323.5588748486597