103.19794158157397
103.244913530142
103.32318396452307
103.43272849617816
103.57351297666501
103.74549281923005
103.94861291478406
104.18280736558056
104.44799813343617
104.74409376543585
105.0709927466026
105.42857357504121
105.81670318235662
106.2352317487881
106.68399851521698
107.16282547727198
107.67152708294512
108.2099097932684
108.77777550629122
109.37492370650752
110.00115391071314
110.65627147490186
111.34008690604878
112.05241872904674
112.79309590552748
113.56195856692082
114.35885995035315
115.18366577242199
116.03623618431297
116.91652824366119
117.82439080608735
118.75976694077042
119.72259665041041
120.71283288703262
121.73044477414305
122.77541237147584
123.84773093621241
124.94740916331806
126.0744658677956
127.22893522496754
128.41086189208727
129.62029920744965
130.85731588249027
132.12198488220412
133.41439426160315
134.73463774144196
136.08281785953844
137.45905153666138
138.8634521350151
140.29615002683855
141.75726147239325
143.2469714027222
144.76538145369827
146.31265950215672
147.888959794997
149.4944494353328
151.12927367504693
152.7936235190215
154.48766350576602
156.21156720308733
157.9655129950606
159.74968062424801
161.56425261009252
163.409409655147
165.28533390878084
167.1922192883071
169.13023928896214
171.09958403699187
173.10043029147332
175.13296699550398
177.19737455365612
179.29383125974582
181.42251504572346
183.58360036981543
185.77726203517372
188.00366537609247
190.26298231504003
192.55536934054362
194.88099202205012
197.24000159388723
199.632548812975
202.0587786410837
204.5188086014207
207.01285407610635
209.5409664498626
212.10329896030922
214.69997120160875
217.33109676690384
219.9967937882678
222.69715952927024
225.4322927759701
228.2022932334753
231.00724304606817
233.84722585179264
236.72231639222613
239.63258875228175
242.57810491921225
245.55892787749482
248.57511692898868
251.62670952050527
254.71376338419927
257.8363130093316
260.99439449692693
264.188036489239
267.41727061863014
270.68211426838684
273.98258930996616
277.31870500456654
280.69048202408436
284.09792343098223
287.54102951540995
291.019805445891
294.534249907835
298.08435932967103
301.67012486138316
305.2915406918578
308.94859577056013
312.64127780231036
316.36957295217167
320.1334660100626