104.91318261911022
104.96027648043335
105.03874908074052
105.14857967717779
105.28973093320676
105.4621596598134
105.66581123711518
105.9006203894434
106.16650953827474
106.4633888072869
106.79115568699697
107.14969145971769
107.53886406767337
107.95852596400972
108.40851613377995
108.88866026422659
109.39877542101256
109.9386701458646
110.50814854653935
111.10701358892416
111.73506886488633
112.39212200339605
113.07798728056564
113.79248233291602
114.53545200633478
115.30672786373678
116.1061700384855
116.93364877117148
117.78903930039147
118.67226538323689
119.58321376841822
120.52182013246734
121.48802809784445
122.48179045119355
123.50308123086442
124.55188072212799
125.62818870175337
126.73201358770774
127.86337766997603
129.02231519652733
130.20887409853358
131.42310778840735
132.6650866975073
133.9348379897755
135.23259254947325
136.55830341226167
137.91212112778896
139.29415975625147
140.70453764535443
142.1433838707335
143.61083040989882
145.10701803334396
146.63209291427094
148.18620359656262
149.76951506505617
151.38217787004402
153.02436068639415
154.6962324944518
156.39796823195397
158.1297302881774
159.89170778912117
161.68409741779803
163.50701569361914
165.36070564592876
167.24533561540036
169.1610844525704
171.10813340064698
173.0866673313669
175.09686776840832
177.13891204480984
179.2129912731777
181.31927290725153
183.45793514924944
185.62915029931602
187.83358553273015
190.0699271840148
192.3398192257949
194.64292755785996
196.9794093458557
199.34941788536761
201.75309383125688
204.19060246839547
206.66205906599373
209.16760772076384
211.7073757373946
214.28148217085896
216.89005345931773
219.5331957691368
222.21102335689133
224.92362946505443
227.67111103406307
230.4535603561692
233.27106453879946
236.1236951759739
239.0115362915281
241.93464505034453
244.89309223803863
247.88692891836766
250.9162087146292
253.98098191766476
257.0812846104128
260.2171510835733
263.3886304140278
266.5957349896476
269.83849020250864
273.11690498202836
276.4310343362396
279.7808532481954
283.1663766869475
286.58761356977783
290.0445645280213
293.5372288046708
297.06560279388185
300.6296784888293
304.22944589344445
307.86490303925876
311.53602937981015
315.2428063821165
318.9852256201626
322.7632670876301