107.942722752343
107.9900288374045
108.0688565339594
108.17918182606665
108.3209787900597
108.49418170321087
108.69875829509463
108.934637338986
109.20174200353254
109.49998420987733
109.82926197453669
110.18945956007089
110.58044728118664
111.0020795836771
111.45419885029796
111.93663542746576
112.44920927266749
112.99173415869714
113.56401915973629
114.16587223795943
114.79710303641801
115.45752546810948
116.1469592432923
116.86523281906831
117.61218436173809
118.38766526292099
119.19153705313524
120.0236752363062
120.88397057829775
121.77232586260423
122.68865910556337
123.63290683474618
124.60500771318159
125.60492852514685
126.63264273792392
127.688137681708
128.7714144103979
129.88248672868744
131.02138057768735
132.18813140545598
133.38278972750004
134.60541397652287
135.8560729005776
137.13484775272678
138.44181861404113
139.77710219431634
141.1407854484556
142.53298957630906
143.95383165612722
145.40344408912483
146.88195925465638
148.38951337061238
149.92626351074665
151.49235117471812
153.08793488642428
154.71317160014107
156.36823671691488
158.0532879498881
159.76849839427598
161.51404109288774
163.29009481871378
165.09683326767401
166.93443395202314
168.8030900038384
170.70296806321159
172.6342525069783
174.5971268057571
176.59176941358066
178.61834613553833
180.67708147154048
182.76810341853053
184.89160427935855
187.04775636156407
189.2367307217073
191.45918223009795
193.7138040425349
196.00222965784684
198.32412679743774
200.67964295018123
203.06892824817422
205.49212651669765
207.94937436476593
210.4408126637387
212.96656366124725
215.52675339619643
218.12149704830915
220.75091334323608
223.4151036963496
226.11417812845139
228.84822236406967
231.61733284288803
234.4215924478814
237.26107137278345
240.1358703844949
243.04602954140648
245.99162019051005
248.97269889040894
251.98931435303334
255.04151550893712
258.1293470887166
261.2528479506378
264.4120395007789
267.6069500624226
270.8376081706759
274.10402500880394
277.4062197504591
280.7442026947432
284.11797735939933
287.52755019391475
290.9729169063211
294.4540797999205
297.9708237655303
301.5237496935245
305.11225541818817
308.73650690117387
312.39649325467883
316.09221378352413
319.82363210702977
323.5907342963077
327.3934990729827