110.22965795822039
110.27712173609683
110.35621237951021
110.46690623509308
110.60917007579636
110.78296046114575
110.98822475321529
111.2248982885288
111.49290562479167
111.79215977921362
112.1225603256654
112.4839922944325
112.87675086509006
113.29942280121753
113.75312352879882
114.23726137598321
114.75168681363287
115.29613883336269
115.8705080560613
116.47458052915853
117.10817037432594
117.77109590132868
118.46318152817717
119.1842603892814
119.93417706799697
120.71278502922694
121.51995193334415
122.35555835883191
123.21949788975817
124.11167966301606
125.03202594841737
125.98047201407583
126.95696934886881
127.96154330905216
128.99398752950904
130.05447640495686
131.1429543945002
132.25943594645437
133.40394911958663
134.57653486514633
135.77724209393216
137.0061316255448
138.26327753939364
139.5487574224852
140.86264810467077
142.20508990322818
143.57614663681582
144.97594867093258
146.40461960953843
147.8622826224033
149.3490750043987
150.86513632111456
152.41061428009016
153.98565975195274
155.5904277839643
157.22507944488024
158.88977721274094
160.58468729469803
162.30998530016515
164.06584223727356
165.8524303818954
167.6699143779084
169.51850841012762
171.39835619298478
173.30964851597506
175.2525649971526
177.2272855304058
179.23398816025082
181.2728470058411
183.34404867801354
185.4477585025101
187.5841502248451
189.75339157943824
191.95566355241294
194.19111516867667
196.45978120328414
198.76221095624607
201.09816810097118
203.46793100820761
205.87164539651707
208.3094487165371
210.7814796205721
213.28786599527504
215.8287354964163
218.40420552773026
221.01439211449497
223.65940430349883
226.33934424656087
229.05431009506518
231.80439330661534
234.5896809258023
237.41025283446427
240.2661807019033
243.1575401972793
246.08438131854297
249.0467888496711
252.04478727502052
255.07843954322792
258.1477775777397
261.25284153949195
264.3936746371163
267.5702898103121
270.78272317256494
274.0309639605872
277.3150579910084
280.6350116751533
283.9908176752656
287.3824889654165
290.8100150662911
294.2734060176497
297.77264366956337
301.30772646023297
304.87863575922677
308.4853606740343
312.1278842210204
315.8061745683699
319.52025101396515
323.270053308865
327.05557023645935
330.8767780367083