118.02897243894571
118.07695866532809
118.15692047147172
118.26883481193289
118.41266997943072
118.58838330607077
118.79592387389314
119.03522967596987
119.30622750995353
119.60883307697007
119.94294934190188
120.30846758604137
120.70526376349606
121.13320074691806
121.5921341325798
122.08190633613539
122.60234812089934
123.15329081895594
123.73456061422726
124.34598385991333
124.98738986869317
125.65861256511833
126.35949285301726
127.08988205201929
127.84963885712581
128.6386349602664
129.45675493424923
130.303892598439
131.1799626973071
132.08488475158796
133.01859518472057
133.981044428815
134.97219718308344
135.9920197644249
137.0405277215885
138.11769582854862
139.22354955254792
140.35811107381932
141.52141806772823
142.71351685261902
143.93446542449672
145.1843313597928
146.46319212547087
147.77113232909005
149.10824385663435
150.47463748622692
151.87041565607427
153.2956950907035
154.7506050224986
156.2352714573498
157.74983238577374
159.2948374488361
160.869204544961
162.47431562139425
164.10991467103898
165.77615971907255
167.473215162356
169.2012457204404
170.96041882419271
172.75090385600498
174.57287387365128
176.42650014894087
178.31195701526644
180.2294196069658
182.17906155888073
184.16105666612833
186.17556293600802
188.22279592641195
190.30288726006856
192.4160161084066
194.56234972143622
196.74205284875816
198.9552866185439
201.20221002055982
203.48297655258517
205.7993328006471
208.14664288526578
210.5298295612325
212.94743958137113
215.3996054480585
217.88646023517882
220.40811656509956
222.96470130717955
225.55631987765418
228.18308447956633
230.84508998800564
233.54244061665813
236.2752180431257
239.04350849289148
241.84738827683617
244.6869314472138
247.5622010695497
250.4732584547688
253.42015747858738
256.40294971856036
259.4216781854749
262.47637528585574
265.5670759100092
268.69381169459245
271.8566011982302
275.05546252381185
278.29040967104925
281.56145022122166
284.86859000107023
288.2118310310794
291.5911652190498
295.00659334228345
298.45809878000375
301.94566847327815
305.4692867342046
309.02894140939605
312.6246034921118
316.2562498906414
319.92385956610605
323.62740189077766
327.3668442981313
331.14215981308126
334.9533179356357
338.80028394438716
342.6830223507445