119.41824833532633
119.46632524115168
119.54644414974851
119.65856476257497
119.80267249226861
119.97871964777113
120.18665560022029
120.42641811976856
120.69793478170634
121.00112215753632
121.33588363249383
121.70211018440136
122.09968039471951
122.52845934417635
122.98830063260502
123.47904835951648
124.0005387186103
124.55260318688566
125.13507058128114
125.74776960466986
126.39053337081319
127.06319782229123
127.76560744337011
128.4976136796926
129.25908457052887
130.04988930925884
130.86991725922974
131.71906672188092
132.59725047691032
133.5043941942044
134.44043747890515
135.4053333312879
136.39904362690623
137.42155518317108
138.4728521614907
139.55293940780604
140.66183295516404
141.79956026028296
142.96615764742285
144.16167475968751
145.38617157412008
146.63971102420192
147.92238200068337
149.23426165531697
150.57544761027947
151.94604327258884
153.34615926204503
154.7759123162177
156.23542787932828
157.7248362730307
159.24427173553727
160.79388037417766
162.3738039669881
163.9841972702765
165.62521304094483
167.29701062643807
168.99975266584156
170.7336024070197
172.4987299402002
174.2953038993016
176.12349271036786
177.98347135389832
179.8754121451859
181.7994876485095
183.75586754347518
185.74473886558079
187.76625797108792
189.82060267769432
191.90794186413285
194.02843785401214
196.1822684416057
198.36958420196197
200.5905525595416
202.8453301252989
205.13406361316655
207.4568893424523
209.81399841187965
212.2054908416549
214.63151036148645
217.0921927073364
219.5876626617213
222.11804039069895
224.68344078695597
227.28397667842816
229.9197473354372
232.59085855965276
235.29739931912908
238.03945431478627
240.81710556612762
243.6304302158843
246.47949449214207
249.3643614462973
252.28509284357412
255.2417392131435
258.2343438524818
261.26294623498507
264.32758767622096
267.42829302171793
270.5650893198899
273.7379947942456
276.94702455865036
280.1921917781108
283.47350085095746
286.7909721963636
290.14455242981523
293.5342846021609
296.9601475928111
300.4221246002817
303.9202017686969
307.45436111292713
311.0245806821643
314.6308381836579
318.2731055996837
321.9513586797615
325.6655654199222
329.415695529316
333.20171329337205
337.0235922435729
340.88129106936896
344.77477533350924