125.0451754169812
125.0936129516155
125.17432726186587
125.28729617566039
125.43248826214624
125.60986243264101
125.81936914227012
126.0609473761378
126.33452710296189
126.64002583362667
126.97735018764708
127.34639406606345
127.74703944961054
128.17915664534073
128.64260493666328
129.13723536352614
129.66289138572688
130.2194149499673
130.80664384427374
131.42441821971673
132.07258082555234
132.75098180017653
133.4594768985352
134.1979325149454
134.9662231546449
135.76423578028326
136.5918699451487
137.44903649868587
138.33565944465565
139.25167537090596
140.19703399388936
141.17169827813342
142.175641910005
143.20885475838816
144.27162599971905
145.36309034894686
146.48414941492095
147.63454186243135
148.81431367586168
150.023515280996
151.26221613938193
152.53048183824194
153.8284036575461
155.15606386412927
156.51356400496672
157.9010099153003
159.31851363004122
160.76619406820944
162.24417906796404
163.75259767238074
165.29159038958048
166.8612961208604
168.46186370988474
170.0934429911191
171.75618824991727
173.45025837221476
175.17581266905705
176.93301644652433
178.72203366022822
180.54303213590242
182.39617940089616
184.28164694446602
186.1996022461851
188.1502131490082
190.13365711015484
192.1500952236434
194.1996983349327
196.28263026673548
198.39905387950537
200.54914139288994
202.73302927618832
204.95091441114954
207.20291243103958
209.48918612843966
211.80988024805535
214.16514123715322
216.55513262019463
218.9798906787674
221.43964303461877
223.9344771189209
226.4645118906007
229.0298578441217
231.6305606947152
234.2669016183214
236.9387986271835
239.64639322450157
242.38977132734618
245.16901098810675
247.98417785040576
250.83534494228178
253.72256397471196
256.645887862867
259.60536573955574
262.6010368782371
265.63293690436467
268.7010985791194
271.80554012738
274.9462879949306
278.1233541524519
281.33674968480705
284.58645740491227
287.8725298461613
291.1949200214958
294.5536272023978
297.9486463968267
301.37995850028244
304.8475060137521
308.3513881706766
311.89146280866447
315.46773842930037
319.08019143972234
322.7287825466375
326.4134805275734
330.1342499846649
333.8910553518458
337.6837537485592
341.5126081868345
345.3772784770292
349.27782016072126
353.214191237756