129.18601885121998
129.234714955062
129.31586085180717
129.42943421472216
129.57540016465424
129.7537295534664
129.9643642475333
130.2072462202292
130.48230450362172
130.78946097756955
131.1286235801573
131.49968787897413
131.90253860981807
132.33704971482146
132.80308472388924
133.30049952428413
133.82914480765675
134.3889121319033
134.97951309369802
135.60093137323068
136.2529732068418
136.9354967004259
137.64836790485887
138.39146157068987
139.1646625302186
139.96786719209274
140.8009825959657
141.66393059363708
142.55664199623948
143.47906269172003
144.4311487266985
145.4128715348719
146.4242122445233
147.46516460613915
148.53573461257471
149.63593838055374
150.76580440131497
151.92537115233665
153.11468583427094
154.33380693980413
155.58280162645227
156.86174428462212
158.17072595494415
159.5098369412728
160.87917385655086
162.27883227117493
163.7089714018202
165.16966659902198
166.6610609158291
168.183287015712
169.73648043375525
171.3207858340288
172.93634907583353
174.58331926396872
176.26185280043623
177.97210651069986
179.71423975067236
181.48841294266987
183.29479390544373
185.13354332784363
187.00483257051317
188.90882624073495
190.84568902136084
192.81559378400817
194.8186999217333
196.85518368054898
198.92519888424835
201.02891063129445
203.16647725407643
205.33806677002747
207.54382337440111
209.78390201379693
212.05845142568427
214.3676152319985
216.71153494997537
219.0903453607487
221.50417947022137
223.95316220474123
226.43741479098435
228.9570541320136
231.51219003783226
234.10292825605978
236.7293662885791
239.39159684865567
242.08970807261102
244.82378582247603
247.59389739297617
250.400114379856
253.24250029951457
256.12110867790113
259.035995637574
261.9872025422454
264.9747697636588
267.99872694897135
271.0591059415017
274.15588622905403
277.28920430196035
280.45894522571854
283.66517600062673
286.90788548819864
290.18706244938926
293.50272040902115
296.8548297759289
300.24338388696566
303.66836125284715
307.1297428540839
310.6274979427658
314.16160573345786
317.73203192478985
321.3387389139165
324.9816873215247
328.66086675977357
332.3762058526715
336.12764610863417
339.9152248656321
343.73882053451274
347.5984094909531
351.4939492339254
355.4253918322437
359.3926907057413