133.09222230956323
133.14115777169692
133.22270248843654
133.33683474147168
133.48352405854885
133.66272831331915
133.87440585098255
134.11849137131318
134.39491307965824
134.70360785193031
135.04446904355012
135.4173998682801
135.8222896237067
136.25901312318524
136.72743882301626
137.22742770073188
137.75883590398675
138.3215170611018
138.9153243155294
139.5401140223203
140.19574622857547
140.8820883570525
141.59901408576803
142.34640756136992
143.12416266979463
143.93218445452987
144.77038946737204
145.63870530591868
146.53706343214344
147.46544619579475
148.42379034592682
149.41207872260046
150.430302340055
151.47845969654892
152.5565639089592
153.6646260776927
154.80270685396758
155.97082145667622
157.16903319432203
158.3974021425922
159.65599821750098
160.94489988608805
162.26420350212695
163.6139924454077
164.99437611708638
166.4054616895923
167.84736427522085
169.32021261517352
170.82412650557302
172.35924136186833
173.92570010128537
175.52363941087543
177.1532075217925
178.81455568781882
180.50783752718422
182.23320972472902
183.99082960623213
185.7808554678166
187.6034601805146
189.458798212293
191.34703549796532
193.26833928774744
195.2228716786196
197.21080002883437
199.23228503486197
201.28749138408284
203.3765781786328
205.49970527689268
207.65703013543714
209.8487038239092
212.07487755158812
214.3356984370952
216.63131526071425
218.96186059129138
221.32747037050373
223.7282780888728
226.16440756471155
228.6365662633602
231.1431100476916
233.68590843260327
236.26447845698743
238.8789136620956
241.52931695721165
244.2157628678764
246.93834343483064
249.69712300745582
252.49217254878192
255.32355293017233
258.19131949735896
261.0955231457508
264.0362034939599
267.0134044777689
270.02715123558136
273.0774713846359
276.1643857196312
279.28790666035303
282.4480427988188
285.6448053218386
288.87818843237284
292.1481880123457
295.4547902704308
298.79798522376643
302.1777551734327
305.59407817790424
309.04706172954724
312.5362732474439
316.06209103994064
319.62433683616706
323.2229786230674
326.8579734635739
330.52928416267736
334.23686506929306
337.9806642126059
341.76065210182963
345.57676259921766
349.4289506557026
353.31716892215394
357.24136533338145
361.2014858871115
365.1974806586942