99.41211534921032
99.4588135014217
99.53662730289004
99.6455320197771
99.7854928569344
99.95646438787529
100.15839072287767
100.39120449375622
100.65482628578124
100.94916405155858
101.27411098505209
101.62954591769348
102.01533128252888
102.43131568855223
102.87733076852804
103.3531963849295
103.85872169830296
104.3937037641536
104.95794766769988
105.55123636941634
106.17337897836371
106.82413786912528
107.5033497576926
108.2108159708214
108.94635640190255
109.70980425761431
110.50100479917
111.31981685379328
112.16611494183147
113.03978535257578
113.94073060515811
114.86887456955395
115.82426789897372
116.80648672036943
117.81586858548044
118.85226348447324
119.91566205553517
121.00606936205222
122.12350049664985
123.26798176590361
124.4395624626424
125.63828614484311
126.8642203331061
128.11743693329385
129.3980192834538
130.70606276507255
132.0416632479551
133.40494054103408
134.79600561579738
136.21498880230894
137.66201828984396
139.13723608432858
140.64078719337414
142.17282298719238
143.73349962043028
145.3229780527172
146.94142486899884
148.58900910048794
150.26590359298083
151.97228644128347
153.7083327965616
155.47422587536616
157.27015595588162
159.09629718478817
160.9528396571237
162.83997012588375
164.75787544224454
166.70674268803077
168.68675735182407
170.69810727572684
172.74097301604706
174.81554709457745
176.92199903425163
179.06071701278555
181.2312755227639
183.43444830830492
185.6702051563778
187.93871417088943
190.24011093661886
192.5746398625571
194.94239400140722
197.34349946923055
199.7781514039394
202.2464780022469
204.74861726675982
207.28469852970076
209.85484763807074
212.45920398216927
215.09786512984016
217.770946920518
220.47855424219503
223.22079266724134
225.99775355832338
228.80952416370565
231.6561897998323
234.53783049472236
237.45451429163455
240.40631177543364
243.39328399520937
246.41549023089513
249.47297817993498
252.56579871471865
255.69399263100493
258.85759579891874
262.05664472522767
265.291167243836
268.5611487134509
271.8667191721397
275.20780393445494
278.5844292773027
281.99661929506465
285.44437538422324
288.9276767688706
292.4466092511605
296.0010905621067
299.5911418940453
303.216759698757
306.8779364836312
310.5746639308088
314.30693179532466