142.6239474655169
142.67344837379346
142.75593537616885
142.87138907880617
143.0197783543466
143.201065191991
143.41520252655224
143.66213339086175
143.94179229460946
144.25410206301333
144.5989764134745
144.97631876425658
145.38602219944133
145.82797211496342
146.302046356698
146.8081190473331
147.34605847608714
147.9157370064565
148.51702575575501
149.14980033796834
149.8139415751773
150.5093393442108
151.23588857020835
151.99349581494565
152.78207796155607
153.6015607651802
154.45188268844288
155.33299219789552
156.24484985856395
157.18742691422332
158.160706825533
159.16468067436313
160.19935623232323
161.26474605315377
162.36087638039515
163.48778059127912
164.64550381555665
165.8341001511646
167.05362878813162
168.30416815827618
169.58578892038207
170.89858298631862
172.24264170059138
173.61806711493153
175.02496417070475
176.46344994463286
177.93364824459013
179.4356748171383
180.9696658668091
182.5357506368427
184.13407771779939
185.76478119935615
187.42801106765546
189.12391732612087
190.85265069422098
192.6143656418262
194.4092186875001
196.23736755294004
198.09897105300826
199.99418809779675
201.92318004047408
203.8861034827549
205.8831179403609
207.91438129944524
209.9800500755529
212.080277035677
214.21521679514473
216.3850166644025
218.58982045907746
220.82978394013847
223.10503324781828
225.41571102519677
227.76193990201048
230.1438551766307
232.56157712893366
235.0152214190768
237.50490006180522
240.03071736861352
242.59501615953621
245.1911628594949
247.82597313307826
250.49728448276184
253.2051742924919
255.94971385964757
258.7309596556235
261.5489725241509
264.40379927292815
267.29548500576277
270.224071184829
273.1895724055915
276.19203043044746
279.231461741212
282.30787288475665
285.4212758685344
288.57166799628885
291.7590492748616
294.9834068147437
298.2447347688737
301.54300767108003
304.8782039941839
308.2502985217097
311.6592567694504
315.1050516297557
318.58763446316067
322.10697364387505
325.6630187451898
329.2557224026734
332.88503878853254
336.55091292403455
340.2532872940883
343.99211800605093
347.76733629235076
351.57888720301014
355.4267080351214
359.3107419132967
363.2309246073658
367.1871946124113
371.1794845909087
375.2077381688767
379.27188844495754