100.12082586046208
100.1675757699638
100.24547589879045
100.35450152712059
100.49461799790686
100.66588490913136
100.86793232749807
101.10100714400492
101.36492564683415
101.65959582600384
101.9849118147723
102.34075249205914
102.72698142272046
103.14344549545021
103.58998189407617
104.06640802842072
104.57253400990201
105.10815973358989
105.67308832355964
106.26710708001272
106.89008511025564
107.54160538653338
108.22168855769762
108.93007354246812
109.66658480923877
110.43105580261738
111.22333377187546
112.04327831664122
112.89076415271893
113.76568187116288
114.66793396083393
115.59744151360344
116.55467219133826
117.5379706322405
118.5489040119572
119.5869170546541
120.65199801775098
121.74415321369818
122.86339952410947
124.00976581760817
125.18335667914425
126.38403772570845
127.61206026123646
128.8674345326427
130.1502464542691
131.46058762299603
132.79856138744051
134.16427737919577
135.5578525019219
136.979377701781
138.42910306122818
139.9070463048745
141.41339352020285
142.94830076592868
144.5119176409009
146.10441165714744
147.72594189767926
149.37668273867246
151.0568058241356
152.76648515061072
154.5059029648546
156.27523779966626
158.0746722415966
159.904391184659
161.7645836816414
163.65543117005404
165.57712243162004
167.52984318334083
169.51377545717952
171.5291148863698
173.57603742882944
175.65472775993067
177.76536507021748
179.90875532688534
182.08319779814687
184.29074196989026
186.53093172715205
188.80393313817294
191.10991477183626
193.4490297339646
195.82143382810236
198.22728113997042
200.66671490678576
203.13987723033182
205.6469043916263
208.18792870884192
210.76307649296567
213.37246345342302
216.0162116864508
218.69443244865002
221.40722293987395
224.15468867289644
226.93691744918763
229.75400186263118
232.60601287470436
235.49304862380393
238.4151612713682
241.37242620376375
244.36490218550114
247.39264290375655
250.45569984328242
253.5542669808416
256.68793825338656
259.8569299318214
263.0619397570708
266.3021760976753
269.5779207488902
272.88922041858234
276.23609564701087
279.6185240938807
283.03654341114947
286.49014660346234
289.979338148536
293.50412689707326
297.06450001972377
300.66046523071253
304.29201113903787
307.9591272380777
311.66180609791274
315.4000365389908