0.
0.
0.
0.
0.
0.
0.
0.
0.
0.
0.
0.
0.
0.
0.
0.
0.
0.
0.
0.
5.9578338411851955e-12
-3.971889227456797e-12
1.9859446137283985e-12
0.
-3.7236461507407475e-12
7.447292301481494e-13
4.344253842530871e-12
7.074927686407419e-12
1.973532459892596e-11
5.138631688022231e-11
1.2834167066219775e-10
2.983881782126919e-10
6.595818548345443e-10
1.3917748096085332e-9
2.8248820914902886e-9
5.55406647690654e-9
1.053692563428945e-8
1.935514032693533e-8
3.453818338504237e-8
5.995988802076452e-8
1.0150634582611605e-7
1.678406195707953e-7
2.715092867166465e-7
4.303206849795873e-7
6.691142648589023e-7
1.0219627539707912e-6
1.5349220697306913e-6
2.269325877345913e-6
3.305803031647677e-6
4.749011820807162e-6
6.733248273924677e-6
9.428932007895021e-6
0.000013050092493872008
0.000017863004813299724
0.00002419588044701984
0.00003244980821651324
0.000043111019477834426
0.00005676446478372018
0.00007410879398793247
0.0000959727575412155
0.00012333311251266243
0.00015733406585633438
0.00019930820229559999
0.00025079897688358747
0.0003135848323145737
0.00038970475952062125
0.0004814855412321543
0.0005915705057252914
0.0007229498034163328
0.0008789922015867828
0.00106347842479389
0.0012806358675689152
0.0015351748334379558
0.001832326169813593
0.002177880150432118
0.0025782268645021134
0.003040397718478506
0.0035721083239018373
0.0041818024866920635
0.004878697435299433
0.005672830170293461
0.006575104850739116
0.007597341309458395
0.008752324582116623
0.010053855353815172
0.011516801505897487
0.013157150468428016
0.014992062606603572
0.017039925442750865
0.019320408763682982
0.02185452066529762
0.024664664393166707
0.027774696098894745
0.031209983447826824
0.0349974651184457
0.039165711121715824
0.04374498410632468
0.04876730152259699
0.054266498690137825
0.06027829288972658
0.06684034840188605
0.07399234256647516
0.08177603291345063
0.09023532533401542
0.09941634345413233
0.1093674991667125
0.12013956435859739
0.1317857439565808
0.14436175029184956
0.15792587887444495
0.1725390855895365
0.18826506541455684
0.20517033276716948
0.2233243034047558
0.24279937810392907
0.26367102815520194
0.2860178826270061
0.30992181763340654
0.33546804766694915
0.3627452189148473