0.
0.
0.
0.
5.9578338411851955e-12
4.096010765814822e-12
9.309115376851867e-12
1.5043530448992618e-10
2.008658855247917e-9
1.6793271775225697e-8
9.762196228320166e-8
4.315251603878136e-7
1.5426596823103922e-6
4.662198362084177e-6
0.00001230725661366997
0.00002908539536681752
0.00006271204407577084
0.00012520237170939583
0.00023418364698696726
0.0004142677547381288
0.0006984274390120422
0.0011293282355420717
0.0017605815844270597
0.002657897287195798
0.003900126597777503
0.005580197192193196
0.007805949560176591
0.010700889665646427
0.014404875517300351
0.019074756340792847
0.02488498201735039
0.03202819822060647
0.04071583943393723
0.05117872796808052
0.0636676828163798
0.07845413729919837
0.09583076012266876
0.1161120698114622
0.13963502871202155
0.16675959932590043
0.19786924291504368
0.23337133871160876
0.2736975007735669
0.31930376957635165
0.37067065547600114
0.42830301256841086
0.4927297221784177
0.5645031665230371
0.6441984733345912
0.7324125121276847
0.8297626208686146
0.9368850386308935
1.054433015126163
1.1830745611020992
1.3234897966005568
1.4763678465138073
1.6424032283112777
1.8222916773574527
2.0167253656146746
2.226387494907444
2.451946290489286
2.6940484889335057
2.9533125035129926
3.2303215541736088
3.5256171493704214
3.839693379850685
4.172992501803917
4.52590222836299
4.898755009928085
5.291829384661783
5.705353259812849
6.13950878910596
6.594438380662569
7.070251321470419
7.567030534094266
8.084839066811146
8.623726031244798
9.18373181612179
9.764892504914831
10.367243500007733
10.990822406103055
11.635671253974515
12.301838157404754
12.989378496715233
13.698355715892134
14.42884181047846
15.180917572246875
15.954672645643235
16.75020544089121
17.567622939864208
18.407040423300483
19.268581141839007
20.15237594825192
21.0585629043469
21.987286872696075
22.938699101034757
23.912956805061786
24.910222753988407
25.93066486198054
26.97445578781173
28.041772544312483
29.132796118784757
30.247711105121727
31.386705348132566
32.549969600395414
33.73769719177173
34.95008371168261
36.187326704143885
37.44962537555013
38.73718031514763
40.05019322815424
41.38886668147625
42.75340386197314
44.14400834723925
45.5608838888738
47.00423420823379
48.47426280465579
49.97117277617048
51.49516665270759
53.046446241819694