3.971889227456797e-12
3.971889227456797e-12
3.971889227456797e-12
3.971889227456797e-12
5.9578338411851955e-12
6.950806148049394e-12
1.4224328295829653e-10
2.5493322763354734e-9
2.5443425904934807e-8
1.6498582418856072e-7
7.793292260592941e-7
2.8973978660882745e-6
8.946690290447965e-6
0.00002384889285282768
0.00005646804207006738
0.00012133957588091882
0.00024057397860491482
0.00044582054727138087
0.0007801884041604376
0.0013000479026024814
0.0020766634222321926
0.0031976380712080434
0.004768173551229382
0.006912165894409157
0.009773168253566906
0.013515257368870753
0.018323840403637586
0.02440643599735904
0.03199345746032049
0.04133901869015716
0.05272177496110103
0.06644580176529205
0.08284150573305259
0.10226655331284393
0.12510679451205453
0.1517771524157423
0.1827224432644652
0.21841808769365867
0.25937067091474214
0.3061183082650896
0.3592307723057539
0.4193093377304878
0.4869863010315259
0.5629241306284893
0.6478142009591459
0.7423750580927868
0.8473501549741326
0.9635049804528037
1.0916234885247444
1.2325037141888193
1.38695244523611
1.5557788121072555
1.7397866733574276
1.939765728079418
2.15648139575194
2.3906636810237276
2.6429954826224287
2.9141010805652034
3.204535779413749
3.5147778056606147
3.8452234690974123
4.1961862669834975
4.56790008805817
4.96052609430422
5.374162382595773
5.80885527426864
6.26461107780733
6.741407364825951
7.2392030954269275
7.757947234061962
8.297585749512413
8.858067068986536
9.439346158187712
10.041387442957728
10.664166792644606
11.30767276740468
11.971907303347145
12.656885978594783
13.362637974054362
14.089205817359112
14.83664497727553
15.60502335893125
16.39442073710254
17.204928154520605
18.036647304552275
18.889689911851875
19.764177120313704
20.660238894577482
21.57801343902371
22.51764663663451
23.479291508963616
24.463107697544565
25.46926096670475
26.49792272726339
27.54926958042314
28.62348288105811
29.72074831952918
30.841255521149133
31.985197662461406
33.15277110354109
34.34417503559041
35.55961114314334
36.799283280341115
38.063397160698976
39.35216005997987
40.66578053175562
42.00446813536146
43.36843317600689
44.75788645679643
46.17303904255891
47.61410203535256
49.081286361564395
50.57480257060732
52.09486064513256
53.64166982285735
55.215438429953295
56.81637372609023
58.444681761167914
60.10056724378596
61.78423342152735