0.
0.
0.
0.
0.
0.
0.
0.
0.
0.
0.
0.
0.
0.
0.
0.
0.
0.
3.971889227456797e-12
3.971889227456797e-12
5.9578338411851955e-12
5.9578338411851955e-12
3.971889227456797e-12
5.9578338411851955e-12
1.9859446137283985e-12
3.971889227456797e-12
6.08195537954322e-12
6.454319994617295e-12
7.447292301481495e-12
8.067899993271618e-12
1.6880529216691386e-11
3.3264572279950676e-11
7.32317076312347e-11
1.5639313833111138e-10
3.266878889583215e-10
6.772071132813839e-10
1.3587584804052987e-9
2.6292665470380417e-9
4.93569297280686e-9
9.004024635567842e-9
1.5966374086684534e-8
2.7624737820038738e-8
4.664338465648546e-8
7.702039346807505e-8
1.2456825177457544e-7
1.975767888798424e-7
3.076826472480175e-7
4.709941960056668e-7
7.094443315883452e-7
1.052510057533008e-6
1.5393007052393473e-6
2.221024725423118e-6
3.164055986599736e-6
4.453456716707492e-6
6.197131602753321e-6
8.530718179424105e-6
0.000011623136178945123
0.000015682980162670107
0.00002096581091673054
0.00002778235020424114
0.000036507639817736825
0.00004759133001348721
0.00006156900001640258
0.00007907474977773562
0.00010085481300480095
0.00012778266386928702
0.00016087526799203034
0.0002013106844907346
0.0002504471124300317
0.0003098432391823587
0.0003812801209451041
0.00046678438055964075
0.0005686529518847271
0.000689479244989157
0.0008321807990651698
0.0010000283909151393
0.0011966766403440161
0.0014261960284272408
0.0016931064069748197
0.0020024119835522465
0.002359637659426196
0.0027708667971420914
0.0032427804701128434
0.003782697940141969
0.004398618621922735
0.005099265268024392
0.0058941285781730635
0.006793512976888668
0.007808583755465796
0.008951415386530761
0.010235041113202727
0.011673503744467935
0.013281907574722729
0.015076471565260227
0.017074583643099113
0.019294856176236344
0.02175718254439658
0.02448279493299935
0.027494323189854834
0.03081585488844514
0.03447299650532049
0.03849293579017927
0.04290450524931826
0.047738246918829864
0.05302647827673839
0.05880335944749001
0.06510496161265565
0.07196933683872957
0.07943658916476154
0.08754894713997688
0.09635083773902131
0.105888961880608
0.11621237138833265
0.12737254766511064
0.1394234819633205
0.15242175749231882
0.16642663330858828
0.181500130112517
0.19770711812545474
0.2151154068902804