0.
0.
0.
0.
0.
0.
0.
0.
0.
0.
0.
0.
0.
0.
0.
0.
0.
0.
3.971889227456797e-12
3.971889227456797e-12
5.9578338411851955e-12
5.9578338411851955e-12
3.971889227456797e-12
5.9578338411851955e-12
1.9859446137283985e-12
3.971889227456797e-12
6.206076917901245e-12
6.702563071333345e-12
8.067899993271618e-12
1.0053844607000017e-11
2.1969512289370408e-11
4.567672611575316e-11
1.0153141837686437e-10
2.1845390751012383e-10
4.570155042342477e-10
9.402206530620387e-10
1.8680291522882748e-9
3.5859953647016973e-9
6.689406188267394e-9
1.2097629857603256e-8
2.1306082666846764e-8
3.657911384026337e-8
6.13438431734565e-8
1.0063017188684676e-7
1.617095120620623e-7
2.54918208927406e-7
3.9466031876625e-7
6.007416672113076e-7
8.999663004709942e-7
1.328188338480024e-6
1.9326503005605366e-6
2.7749586710611543e-6
3.934530506234107e-6
5.512631728485711e-6
7.63711683144011e-6
0.000010467948812993129
0.00001420346197577321
0.000019087526842943128
0.000025417656411748606
0.00003355407819675693
0.00004392991989153764
0.00005706248059731779
0.00007356563503303929
0.00009416350254389207
0.00011970537619170477
0.00015118193935805276
0.00018974282112227877
0.0002367155365876388
0.0002936258126520589
0.00036221937171048167
0.0004444850981952715
0.0005426797012776433
0.0006593538265639299
0.0007973796218756714
0.000959979796708297
0.0011507581192654645
0.0013737313343126487
0.0016333626231167225
0.0019345964011674797
0.002282894577057905
0.002684274168136982
0.0031453463596959916
0.0036733568498057024
0.0042762275588698806
0.00496259965883899
0.0057418778926672884
0.0066242761070579555
0.007620864088484379
0.008743615620319134
0.010005457642534585
0.011420320723244025
0.013003190636165736
0.01477016102216454
0.016738487305662127
0.018926641627354527
0.021354368964276213
0.02404274430936568
0.02701423100337535
0.030292740130006598
0.03390369110434925
0.03787407325863763
0.0422325087124163
0.047009316315364105
0.05223657674779983
0.057948198944695835
0.06417998754034308
0.07096971185137847
0.0783571758788501
0.086384289925476
0.09509514338622382
0.10453607913856897
0.11475576931261168
0.12580529275843233
0.13773821396951613
0.150610663889102
0.1644814222668089
0.17941200207927988
0.19546673568418277
0.2127128630831604
0.23122062227523563