0.
0.
0.
0.
0.
0.
0.
0.
0.
0.
0.
0.
0.
0.
0.
0.
0.
0.
3.971889227456797e-12
3.971889227456797e-12
5.9578338411851955e-12
5.9578338411851955e-12
5.9578338411851955e-12
5.9578338411851955e-12
3.971889227456797e-12
4.096010765814822e-12
6.33019845625927e-12
7.074927686407419e-12
9.184993838493843e-12
1.2784518450876565e-11
2.9044439975777827e-11
6.255725533244455e-11
1.4013321680621012e-10
3.0211182436343263e-10
6.309097794738405e-10
1.2877609604645083e-9
2.5380372163448933e-9
4.834906283660144e-9
8.93886082792988e-9
1.6060830577374992e-8
2.808858000888268e-8
4.789614334313301e-8
7.980506018113733e-8
1.3010258292688304e-7
2.078344410528263e-7
3.2575139195141026e-7
5.015494433463385e-7
7.594100774620599e-7
1.131884415976043e-6
1.6622557493798835e-6
2.4073166322785256e-6
3.4407250056659254e-6
4.856985271146346e-6
6.77604264967668e-6
9.348694135909629e-6
0.000012762763668848553
0.000017250153476441594
0.000023094862202838056
0.00003064200506882397
0.00004030787814263831
0.00005259113771868984
0.00006808520750653134
0.00008749187900018215
0.00011163616684032502
0.00014148253497477253
0.0001781523887345033
0.00022294306108477694
0.0002773480629299956
0.0003430789460055919
0.0004220883848916666
0.0005165949434800234
0.0006291091340429038
0.0007624610221113617
0.0009198292848168506
0.001104771751616345
0.0013212572629399551
0.0015736991907018185
0.0018669901776844997
0.002206538357569219
0.002598305022843829
0.0030488435015304472
0.0035653395164207532
0.004155652801538336
0.004828359990474454
0.005592798789381712
0.006459113404091765
0.007438301177169772
0.008542260365149311
0.009783839227731947
0.011176886062792919
0.012736300557447513
0.014478086178883541
0.016419403631770222
0.018578625496559358
0.020975391858152274
0.02363066707884323
0.026566797603457527
0.029807570847574162
0.03337827518323114
0.03730576101714854
0.041618502905490594
0.04634666288278457
0.05152215484351454
0.05717871013092111
0.06335194431153429
0.07007942514015601
0.07740074182402276
0.08535757557634283
0.09399377147521963
0.10335541175481368
0.11349089058658339
0.12445099020873424
0.1362889588189383
0.14906058994496918
0.16282430362304273
0.1776412292191549
0.19357529023338496
0.2106932909692493
0.2290650051973156
0.2487632669765462