38.144441042364974
38.5973312668814
39.07396269036447
39.57403063262474
40.097235042815804
40.643283111715014
41.21189282355394
41.802791268347576
42.41571657320268
43.05043859817448
43.706712442255004
44.38433032432916
45.08309496342856
45.80282674500428
46.54336264692624
47.30455746765111
48.08628357040735
48.88842923598487
49.71090160796891
50.55362427384329
51.416536495484905
52.29959308912576
53.20276762066749
54.12604636687261
55.0694309922601
56.03293950069622
57.0165961743615
58.02045369580869
59.04456190914069
60.088989642473635
61.15382247849667
62.23914616972939
63.34506526918527
64.47169517972613
65.619155526427
66.78757935700791
67.97710726693637
69.18788820304917
70.42007914501524
71.67384575364994
72.94935603378602
74.24679657709339
75.56634407066036
76.90819183546589
78.27284176834493
79.65957595675334
81.06951873612921
82.50257194924245
83.95895716348845
85.43888413437196
86.94257272155757
88.4702578063911
90.02215568624008
91.59849874720278
93.19951584878854
94.82544103884976
96.47651304508885
98.15296097064945
99.85500474858414
101.5829316598527
103.33692678883197
105.11724418467206
106.92411977298744
108.75779002141046
110.61848289491573
112.50644425012118
114.42189419961068
116.36506679354879
118.33618943102886
120.33548716495491
122.36318933638617
124.41949380176825
126.50465976721227
128.61886883657863
130.76233506829507
132.9352250855281
135.13790984775204
137.37041038741572
139.63298883663117
141.92583384023726
144.24910977210277
146.60307495090157
148.98783959695166
151.40359877805318
153.8505052044374
156.32879519756727
158.83855693669466
161.37997337022384
163.9531973049676
166.55837689492353
169.19565565039204
171.86517245970728
174.56706162325503
177.30145289948382
180.06847156250717
182.86823847090164
185.70087014726928
188.56647886806718
191.46517276320856
194.39705592502287
197.36222852589873
200.36078694418845
203.39282389780388
206.45842858496107