67.04485052262609
67.5412950818008
68.06442060240214
68.61396152880782
69.18965185284964
69.79122753438809
70.41843022548306
71.07101353523086
71.74873367209467
72.45136371176663
73.17868191154784
73.93051077829725
74.70664391538618
75.50692078596997
76.33118995732367
77.17931882755532
78.05118972131407
78.94670068973267
79.8657749184574
80.80834014241883
81.77434971795711
82.76376877902801
83.77657855353205
84.812751405448
85.87237674015482
86.95540104273168
88.0618894986201
89.19189078284869
90.34547103370252
91.52270351158525
92.72367588530034
93.94848443519142
95.19723730790392
96.47004916356804
97.76704737810012
99.0883655306982
100.43414619386499
101.80453817222721
103.19969854445192
104.61977019101712
106.06498399780415
107.53545421559767
109.03138272589679
110.55295350665321
112.10035818440456
113.67379059974736
115.27344754623331
116.89953054828815
118.55224359211482
120.2317936994274
121.9383933013763
123.67255269566365
125.43356856624163
127.22257004203475
129.03947122585942
130.8844817331692
132.75781646527932
134.6596891004484
136.59031548780553
138.54990601469603
140.5386641069298
142.55682866566224
144.60457688928454
146.68212651208398
148.78968270938833
150.92744207844902
153.09560994495519
155.29436834602936
157.52393375784828
159.7844717807403
162.0761757955364
164.3992279382475
166.7537903424677
169.1400605038306
171.55819625049148
174.00835300423313
176.4906945570984
179.00537267200548
181.55254190952525
184.13234437134852
186.74491398437968
189.39039379578446
192.06890448961775
194.780580800333
197.5255309604657
200.30387269246498
203.11571696753035
205.96117069807758
208.84032655023796
211.75326568750847
214.70010652985243
217.68095229189274
220.69583098952504
223.74484128798
226.82806107895817
229.94555287995559
233.09738322715492
236.2836128360376
239.50429882121338
242.75949486205968
246.04925137287873
249.37361567720197
252.7326321853135
256.1263425745348