73.0208099471499
73.52441007147108
74.05517134002375
74.6128359184543
75.19714820773164
75.80784915726763
76.44469326147437
77.10743740881902
77.79584932271761
78.50971003629549
79.24881147601332
80.01296166047531
80.80198357028583
81.61572990733954
82.45401814111145
83.31675923288753
84.20382902125277
85.11513555121296
86.05060133122328
87.01016584036734
87.99378464026437
89.00142772599322
90.03308564558162
91.0887568444815
92.16845576800094
93.27221218053474
94.40005864130933
95.55207681767331
96.72830897968164
97.92883593523176
99.15375192314029
100.40315250889618
101.67714761729393
102.97585567112087
104.29940186696925
105.64792153993923
107.02155926582856
108.42046231904499
109.84478978521022
111.29470364591077
112.77036943991811
114.27197339429651
115.79968289694564
117.35368788291947
118.93417520047286
120.5413376328241
122.17537122444939
123.83647557480286
125.52485081882624
127.24070066726101
128.9842284253086
130.75565376562992
132.5563968181926
134.38299425147807
136.23933312164394
138.12439726151496
140.03839649436458
141.9815406053687
143.9540374928706
145.9560931866132
147.98791454758805
150.04970564436223
152.14166647436193
154.2639979904372
156.41689533145907
158.6005487274803
160.81516530036728
163.06091462671986
165.3379821924053
167.6465603192561
169.9868126847976
172.35891490421042
174.76278755634604
177.1993348364047
179.66797543987374
182.16910777762052
184.70287901628896
187.26943906435315
189.8689182489483
192.5014577486852
195.16718150928236
197.8662170102242
200.59867837326246
203.36468189780283
206.164333228144
208.99774051883492
211.86499855224682
214.7662003085587
217.7014336208616
220.67078658738663
223.67433398878165
226.71215186466176
229.78431140281432
232.89087826328688
236.03191265723356
239.20747664982696
242.417621292225
245.6623982327822
248.94185471207945
252.2560346992437
255.60497906958432
258.98872578517233
262.4073100778947
265.860764634121