-0.14747757573468E-07
 0.62678211355352E-05
 0.10665811531783E-04
 0.13082294710097E-04
 0.13857698284984E-04
 0.13316121396973E-04
 0.11856443529133E-04
 0.98778010057765E-05
 0.77327970064145E-05
 0.57010422942067E-05
 0.39708782816011E-05
 0.26317595788181E-05
 0.16978243985384E-05
 0.11115010087925E-05
 0.78772481862518E-06
 0.63209936929092E-06
 0.56386892686567E-06
 0.52666367919481E-06
 0.49157886672238E-06
 0.44960257226727E-06
 0.48446317458215E-06
 0.35377551644080E-06
 0.30957826556356E-06
 0.27015322272564E-06
 0.23588189784973E-06
 0.20682692911719E-06
 0.18077218185485E-06
 0.15881644508601E-06
 0.13970046891921E-06
 0.12444221770799E-06
 0.10835110999822E-06
 0.94539834608510E-07
 0.84303196629375E-07
 0.74134408465527E-07
 0.65232871222218E-07
 0.76669121622646E-07
 0.50296850569648E-07
 0.44102373904269E-07
 0.38376610076966E-07
 0.33502709717805E-07
 0.29018154722437E-07
 0.24964665599742E-07
 0.21163715878297E-07
 0.18030171916239E-07
 0.15067616954250E-07
 0.12021685194119E-07
 0.10022894179036E-07
 0.78277965730284E-08
 0.47470876484395E-08
 0.40685304692996E-08
 0.24026199054020E-08
 0.13865474722369E-08
-0.35427693530684E-09
-0.15678669734005E-08
-0.26641427659165E-08
-0.36569574469839E-08
-0.45683929230687E-08
-0.53681298411515E-08
-0.61902419786394E-08
-0.70907750500012E-08
-0.74245618302089E-08
-0.79888184930937E-08
-0.84458781626984E-08
-0.89581399649112E-08
-0.93575501369383E-08
-0.97332154916251E-08
-0.10077615750632E-07
-0.10382585217454E-07
-0.10642245365310E-07
-0.10883352016828E-07
-0.11097612144692E-07
-0.11287067846583E-07
-0.11453580946247E-07
-0.11598850499957E-07
-0.11724428721607E-07
-0.11831735081210E-07
-0.11922068964555E-07
-0.11996621334067E-07
-0.12056484881534E-07
-0.12102663470433E-07
-0.12136080534165E-07
-0.12157586643288E-07
-0.12167966478136E-07
-0.12167944972517E-07
-0.12158192993811E-07
-0.12139332293451E-07
-0.12111940601315E-07
-0.12076554997149E-07
-0.12033676481691E-07
-0.11983772893355E-07
-0.11927282119295E-07
-0.11864614782437E-07
-0.11796157175319E-07
-0.11722272692811E-07
-0.11643304591538E-07
-0.11559577334711E-07
-0.11471398383235E-07
-0.11379059431193E-07
-0.11282839902076E-07
-0.11182999736487E-07
-0.11079794907034E-07
-0.10973464857832E-07
-0.10864239632733E-07
-0.10752339354977E-07
