 0.17676441505830E-03
 0.41593298794815E-03
 0.66009254330038E-03
 0.86157088625522E-03
 0.99023492861236E-03
 0.10181888562325E-02
 0.93502571943282E-03
 0.74971569253649E-03
 0.48967449392032E-03
 0.19675045428722E-03
-0.81403489932589E-04
-0.30258134611162E-03
-0.43705461128402E-03
-0.47805654702210E-03
-0.43801902422906E-03
-0.34525139874782E-03
-0.23358408524235E-03
-0.13219434771474E-03
-0.57505687357643E-04
-0.12658172214591E-04
 0.11044901706182E-03
 0.13882774800065E-04
 0.13572332686521E-04
 0.10767736090119E-04
 0.76816926393727E-05
 0.62460216687118E-05
 0.32279916728759E-05
 0.26930494878388E-05
 0.16308045958559E-05
 0.57428388506055E-05
 0.64838286677808E-06
-0.33525329095919E-05
 0.10491106612537E-05
 0.21355834270739E-06
 0.87946644812016E-07
 0.99314328524527E-04
-0.24862871175188E-06
 0.15986730205546E-06
-0.31759826111418E-06
 0.15944216881415E-06
 0.21653941553793E-06
 0.15373048757070E-06
-0.75888360491672E-06
-0.75319743963497E-07
 0.47621436451330E-07
-0.26581370075028E-05
 0.11158679766047E-06
-0.15954943979007E-06
-0.74010411995735E-05
-0.68054957019367E-07
-0.10420383195963E-05
 0.17229151843322E-05
-0.16778135863354E-06
-0.39415752223960E-06
-0.34477473449493E-06
-0.13465547164431E-06
-0.30506510145570E-06
 0.20103659643940E-06
-0.15721231246431E-05
-0.85540061012277E-05
-0.15270088800576E-06
-0.17601887836711E-06
 0.13698768772908E-05
-0.18693391265691E-06
 0.11198228743717E-06
 0.61616658044033E-07
-0.63640556308175E-06
-0.50279853269660E-06
-0.18599138557362E-07
-0.17516352828024E-07
-0.16500131536884E-07
-0.15546528893886E-07
-0.14652217558102E-07
-0.13811639761335E-07
-0.13021813847398E-07
-0.12279977120087E-07
-0.11580983777067E-07
-0.10923765450090E-07
-0.10303890480476E-07
-0.97194436627020E-08
-0.91682066858649E-08
-0.86468486334654E-08
-0.81543877884669E-08
-0.76887942967570E-08
-0.72505416676438E-08
-0.68258093008151E-08
-0.64319384566943E-08
-0.60500052452257E-08
-0.56889477330856E-08
-0.53464706233050E-08
-0.50187752270859E-08
-0.46984233167221E-08
-0.44021231184822E-08
-0.41119476308727E-08
-0.38395473558605E-08
-0.35758021490141E-08
-0.33169452634800E-08
-0.30497555073313E-08
-0.28905183761499E-08
-0.25875924527545E-08
-0.23588599311382E-08
-0.21355721066469E-08
-0.19167414755291E-08
-0.17046495744835E-08
