92.13130257301694
92.17745448434196
92.25438430324455
92.36198585190513
92.50030354040294
92.66926362385122
92.86880799178304
93.09886686521324
93.35935766275986
93.65018454448784
93.97123629964844
94.32238617317716
94.70349068806642
95.11439020676274
95.55490907024722
96.02485691009579
96.52403552258306
97.05223174188197
97.60922967789793
98.19481016658949
98.80875408499843
99.4508449363665
100.12087224643902
100.81863306806075
101.5439346986611
102.29659545239491
103.07644576161451
103.88333450091258
104.71713089008897
105.57767518991061
106.46489289544553
107.37867837344874
108.31895408158006
109.28565670836883
110.27873798913375
111.2981659915082
112.34391988401923
113.41599703484043
114.51440630616351
115.63916832724156
116.79031787155594
117.9679015518385
119.1719777248875
120.40261404758255
121.65989073261385
122.94389634891337
124.25473048722574
125.59249943335054
126.95732045110441
128.34931595666504
129.76861933590484
131.21536984562144
132.68970413416824
134.1917832374418
135.721759713245
137.2797959530437
138.86605535881165
140.48071476717507
142.12395010233976
143.79593271239963
145.49684701216853
147.22687808631667
148.98621211396843
150.7750392011765
152.59354690423615
154.4419269456302
156.32035694430974
158.22907237867685
160.16822255577196
162.13801356184635
164.13863585629775
166.17026919729307
168.23335755592103
170.32739135366774
172.45322689970368
174.61082831048526
176.80037479452548
179.02204185130367
181.27600291773123
183.56243977234413
185.88149387724084
188.23334002101436
190.6181541666806
193.03606881848734
195.4872355549384
197.97180358944118
200.48990887951595
203.04168753486985
205.62726984552276
208.2467766214578
210.90032773094137
213.58803884321736
216.310015266125
219.06635964115446
221.8571706957419
224.6825364603361
227.54254468925492
230.43727942102274
233.3668103547457
236.3312137912869
239.3305512158717
242.36488398898967
245.4342649776244
248.53875049866198
251.67838592258596
254.8532094586497
258.06325965830297
261.30857104423535
264.58917200821236
267.90509184738926
271.2563467290215
274.64296480873116
278.06495917050984
281.5223370938083
285.0151103246947
288.54329459583977
292.1068867742162
295.70589300656695
299.3403145679274
303.0101509571798