127.60085763116176
127.64945545057185
127.73043713708513
127.84378059590303
127.98945467440433
128.16741769585227
128.37762371646156
128.62000968940927
128.89450514777914
129.20103234261953
129.5394955145039
129.9097916199857
130.31180378523018
130.7454043984785
131.21045528986616
131.706811759951
132.23432009059624
132.7928256368936
133.3821721451089
134.0022039265876
134.6527699060789
135.33372467393406
136.04489749261825
136.78625639538612
137.55759013285072
138.35867358229353
139.1898466302503
140.0505922843658
140.94098466588548
141.86096253080166
142.81048819851964
143.7895209482286
144.79804255390454
145.83604509667916
146.9035296698733
148.0005152542651
149.12702336812993
150.28309150424624
151.46876742416094
152.68410640526488
153.92917254814554
155.204048212129
156.50881009611976
157.84355170887258
159.20837351442387
160.603381615098
162.0286886979558
163.484449252138
164.97070008825335
166.4876575226865
168.0354332784448
169.6141685904913
171.22401010824132
172.8651066634792
174.53761577237628
176.2416937202808
177.97749970971662
179.74519868313564
181.54495258548982
183.37692844928935
185.24129473747885
187.13814837398712
189.06786721006148
191.03040865181373
193.02601263215698
195.05483460309108
197.1170689476918
199.21285128032767
201.3423533273223
203.50573360032635
205.70313233904818
207.93475075817724
210.20069783375305
212.5011231830549
214.83618637112193
217.2060098134405
219.61215104159925
222.0504823332782
224.5253914183985
227.03556624686925
229.58112507951935
232.16217622108897
234.77881919967658
237.43114180764903
240.1192639333309
242.84323623230858
245.60314954572212
248.39907900208289
251.23108359303836
254.09922694715345
257.00355901436444
259.9441356155117
262.9209894479812
265.93415586585434
268.98368184165537
272.06957460450917
275.19186010914785
278.3505403427389
281.5456630990574
284.77719504097627
288.04514754536837
291.34951872724395
294.69029936251695
298.0674789015717
301.4810387606508
304.93096086324914
308.4172234670766
311.9397940939445
315.4986580156267
319.0937698046474
322.7251071421127
326.39262009835824
330.09629061196097
333.83606750225266
337.6119084994085
341.4230963626475
345.27162053792347
349.1554029427155
353.07507805926286
357.03059874249124