129.73479928664844
129.7835293646028
129.86473171170073
129.9783842205143
130.1244561318305
130.3029073771871
130.51368841358746
130.75674013577378
131.03199022034443
131.33936688027262
131.67876985501897
132.05009841319193
132.45323830228998
132.88806128672837
133.3544355963831
133.85221566949673
134.38125262434048
134.94139381544832
135.53248802414254
136.15438339650208
136.8069328753624
137.48999762794347
138.20344248563697
138.94714442168066
139.72098974996416
140.52487559394683
141.35871144007112
142.2224181184413
143.11592879048678
144.03919075044192
144.99216129978586
145.97481132111847
146.98712476250918
148.0290943937858
149.10072903612485
150.20204426004275
151.33306882772538
152.49384149037925
153.68441098223002
154.90483836623997
156.15518904127813
157.43554080923923
158.7459766580506
160.08659360816924
161.45748951052732
162.85877311827494
164.2905573202715
165.75296916779033
167.2461295778066
168.7701734195869
170.32523857564448
171.91146625677735
173.52900506454276
175.17800467168388
176.8586182603725
178.5710035929033
180.31532038336508
182.09173181533032
183.90039986852318
185.74149019863938
187.61516914528335
189.5216037706052
191.46096025819574
193.43340586831727
195.4391069511327
197.47822813227714
199.55093229251278
201.65738256820094
203.7977401352823
205.97215664617727
208.18079531064453
210.42379788609102
212.70131953230805
215.01350034388426
217.3604775943045
219.74239390705742
222.1593722820342
224.61154176092793
227.09901140422028
229.62192783396975
232.18037109316754
234.7744543732563
237.40427145448552
240.06992301712052
242.77148552436503
245.5090491851227
248.28267956590065
251.09244525073873
253.9384139540276
256.82063973659814
259.7391680222453
262.6940449045651
265.6853061151594
268.71298682739126
271.7771130378999
274.8777030844348
278.01477462824823
281.1883407975492
284.3984020655783
287.64496287529835
290.92801805616523
294.2475600669458
297.60357209735065
300.9960541862331
304.42497223319134
307.89028762027414
311.3920256782736
314.9301102945318
318.50452472192967
322.1152176563064
325.76219744580834
329.44538203491555
333.1647443360663
336.9202443948485
340.7118332024917
344.53947492495934
348.4031104103816
352.3027056319633
356.2382048745737
360.2095615395155