133.24123980478734
133.29018428122345
133.371744057709
133.48589743177425
133.6326138991677
133.81185386933524
134.02356859884964
134.26769958719723
134.54417817574233
134.85292536482356
135.19385079826878
135.56685277826352
135.97181770833646
136.4086258010892
136.87714190110734
137.37722808779395
137.9087405312209
138.47153155065197
139.0654599502758
139.69037735078024
140.3461453680756
141.0326316638257
141.74971067983694
142.49726676692026
143.2751925095457
144.08339831638315
144.92179589495888
145.79031580549233
146.6888988372983
147.61749674504063
148.5760761330456
149.56461417182635
150.58309848797236
151.6315288460588
152.70991903700914
153.81828909192762
154.95666525963375
156.12511185408445
157.32365924225428
158.55237831583668
159.81133969469116
161.10062221489588
162.42031351170456
163.77050922057782
165.1513117091997
166.5628308258657
168.00518252745667
169.47848915752385
170.98287834066247
172.5184840723522
174.08544477032092
175.68390147952385
177.31400180432033
178.9758958965791
180.66973746956705
182.39568398658707
184.1538915832724
185.9445233181357
187.7677408569672
189.62370871088254
191.5125897386545
193.43455032236602
195.38975249601623
197.37836253329917
199.4005484325907
201.45646699373174
203.54627739732652
205.67014070383965
207.82821571038605
210.02065251385628
212.24760217040577
214.5092121347507
216.80562658205628
219.1369837555004
221.50341815874293
223.90505192298548
226.34203639089347
228.8149700658045
231.32246176275234
233.86614093706345
236.44560044721683
239.06093782513602
241.71224969135142
244.3996163511337
247.12312291419326
249.88282363960028
252.67883326620716
255.51116908206913
258.3798994634405
261.28507473338396
264.2267346984482
267.2049193603517
270.21965900356884
273.27097906654365
276.35889865897093
279.48342928810035
282.6445888213336
285.8423749048279
289.07678572281264
292.3478176761357
295.65545755553416
298.9996984446982
302.3805189120352
305.79789454816347
309.2519247497245
312.74220385332285
316.26906793884723
319.83239644124575
323.43185662632305
327.06817351189096
330.74055608817196
334.44921091678566
338.19409591846266
341.9750542306418
345.79234869632296
349.645616363683
353.53492112201684
357.46019373735044
361.4214069103032
365.4184872980973