 0.00000000000000E+00
 0.00000000000000E+00
 0.00000000000000E+00
 0.00000000000000E+00
 0.00000000000000E+00
 0.00000000000000E+00
 0.00000000000000E+00
 0.00000000000000E+00
 0.00000000000000E+00
 0.00000000000000E+00
-0.18143882195333E-08
-0.81977832222253E-09
-0.38272215920310E-08
-0.23722037980052E-09
 0.13577705588629E-08
-0.29786264939999E-09
 0.92271235805992E-09
-0.26018143714135E-08
-0.84860360917355E-08
-0.25436115679711E-07
-0.64179334685904E-07
-0.15627108220108E-06
-0.35774557516738E-06
-0.73998021591631E-06
-0.14505180161501E-05
-0.26932574149653E-05
-0.47718097629227E-05
-0.80873359062946E-05
-0.13204739133017E-04
-0.20824442586993E-04
-0.31847097594905E-04
-0.47359453915542E-04
-0.68668398840439E-04
-0.97291678850344E-04
-0.13496910876996E-03
-0.18368018710762E-03
-0.24558741414650E-03
-0.32306616299369E-03
-0.41868142146981E-03
-0.53515984800473E-03
-0.67536735851514E-03
-0.84229397578376E-03
-0.10390137575444E-02
-0.12686765419245E-02
-0.15344843823734E-02
-0.18396439282005E-02
-0.21873773146216E-02
-0.25808738041035E-02
-0.30232979520402E-02
-0.35177562423297E-02
-0.40672865116674E-02
-0.46748669667396E-02
-0.53433985084014E-02
-0.60756918563876E-02
-0.68744885237397E-02
-0.77424351819989E-02
-0.86821174905881E-02
-0.96960440070076E-02
-0.10786655706355E-01
-0.11956349688477E-01
-0.13207449707669E-01
-0.14542265835765E-01
-0.15963065973341E-01
-0.17472069004508E-01
-0.19071513752153E-01
-0.20763605456091E-01
-0.22550535307841E-01
-0.24434477476099E-01
-0.26417614439413E-01
-0.28502093912012E-01
-0.30690085437343E-01
-0.32983700179252E-01
-0.35385015364716E-01
-0.37896064328629E-01
-0.40518840931588E-01
-0.43255240196960E-01
-0.46107075282800E-01
-0.49076045816660E-01
-0.52163728088983E-01
-0.55371539620246E-01
-0.58700744416949E-01
-0.62152412793918E-01
-0.65727417146592E-01
-0.69426410899977E-01
-0.73249813163192E-01
-0.77197796967335E-01
-0.81270287238439E-01
-0.85466935191345E-01
-0.89787128899071E-01
-0.94229981407522E-01
-0.98794329882643E-01
-0.10347873951219E+00
-0.10828149558305E+00
-0.11320062005751E+00
-0.11823385817805E+00
-0.12337869037876E+00
-0.12863232753598E+00
-0.13399172242953E+00
-0.13945354326350E+00
-0.14501418236729E+00
-0.15066973417071E+00
-0.15641597639569E+00
-0.16224833619828E+00
-0.16816185260310E+00
-0.17415111994365E+00
-0.18021022318313E+00
-0.18633265148399E+00
-0.19251120082614E+00
-0.19873784278502E+00
-0.20500359387331E+00
-0.21129833447181E+00
-0.21761062180970E+00
-0.22392748277284E+00
-0.23023415749878E+00
-0.23651385920509E+00
-0.24274747817950E+00
-0.24891332002749E+00
-0.25498681503364E+00
-0.26094025800592E+00
-0.26674257640114E+00
