3.95779336214107
3.9905060112719832
4.044972576726496
4.121109169166622
4.2187927783776855
4.337855678821512
4.478076498210722
4.639180653052458
4.820847151260111
5.0227189870898785
5.244420645216248
5.485567591533254
5.745780798479989
6.024694249879493
6.321959979077803
6.637253529665445
6.970276067414465
7.320751534299904
7.68843190665407
8.073091577623682
8.474530269405603
8.892567117741546
9.327043710063675
9.777820880760897
10.24477481162456
10.727799285793434
11.226802366508853
11.741705678768867
12.27244569725157
12.818967396787933
13.381228633884133
13.959186073981027
14.552857769905598
15.162190861296047
15.787198091598135
16.427885264605415
17.084266832927163
17.7563671043955
18.44422498155993
19.14787418083237
19.86736708199068
20.602761456735987
21.354123416697547
22.121668947064794
22.905055741004155
23.704797830675535
24.520850829761905
25.353321745292266
26.202322914313406
27.067972963912524
27.950405528611004
28.8497492923969
29.766148322895265
30.699751162831816
31.650713440973163
32.6191952529026
33.605366780478974
34.60939985723442
35.631475008513135
36.671769352389866
37.730499681117266
38.80783500123567
39.903984758518405
41.01915479484886
42.1535577074194
43.307403394150455
44.48091313071704
45.674309223373456
46.88781625984651
48.12166414835811
49.37608607415112
50.65131586530267
51.947590961120284
53.26515688561965
54.604249626667276
55.96511897690517
57.348007108027836
58.7531656606483
60.18084162311067
61.63128598978124
63.10475001166345
64.60148551008854
66.12174470567446
67.66577999538791
69.23384373148296
70.82618800256424
72.44306441710607
74.08472388974702
75.75141643071032
77.44339093871766
79.16089499778035
80.90417467826656
82.67347434267988
84.46903645652974
86.291101404773
88.13990731423573
90.015689882448
91.9186822133537
93.84911466028547
95.80721467666501
97.7932066748045
99.80731189321064
101.8497482727728
103.9207303421596
106.02046911278528
108.1491719835916
110.30704265597173
112.49428105900388
114.7110832852589
116.95764153724846
119.23414408484827
121.54077523343122
123.8777153032119
126.24514061937695
128.64322351332228
131.07213233475198
133.5320314746042
136.02308139868626
138.54543869185238
141.0992561125333