4.3155329322381615
4.359424248745369
4.4142293698989805
4.490842507053078
4.589163337919872
4.708969359976026
4.850103441857327
5.012280182574128
5.19518302416126
5.398460840442931
5.621743473318737
5.864646740607488
6.126792376003917
6.407840021694639
6.707357128124103
7.025096104753427
7.360724265410959
7.71396255703801
8.084553132268807
8.47226642773541
8.876892588965147
9.298247332330828
9.736165704163437
10.190493531141172
10.661110276962903
11.147900852732743
11.65076733386396
12.169626844533987
12.704409857312175
13.255057666631258
13.821524377239596
14.403774342280364
15.001783554059736
15.615535947979925
16.24502800267552
16.890261432320212
17.55125236665101
18.22802159491893
18.920600430032138
19.629028104214775
20.353354124025827
21.093634388029553
21.84993489619112
22.622328797017627
23.410896019569158
24.215730344865996
25.036924617341434
25.874586981739366
26.728829858662344
27.59977402039136
28.487545202601964
29.39228287981557
30.314124456925885
31.253221597000486
32.20972823804375
33.183808438170665
34.17562908865113
35.18536198394158
36.21319414704857
37.25930780237133
38.32388334178454
39.407145070133716
40.50926885389326
41.63046761975131
42.77095403860634
43.930938051819716
45.110636041217575
46.31029811414131
47.53012220058848
48.7703425729171
50.03119578533221
51.31291296067307
52.61573471400995
53.93991392985974
55.285677641469626
56.65327458826272
58.04295549412125
59.45496231042674
60.88955350888472
62.346971741404886
63.827470703080685
65.33130248828368
66.85871935648
68.40997370772128
69.98531786107158
71.58500383526244
73.20928313187635
74.85840652137972
76.53262383237644
78.23218374443225
79.95733358486545
81.70831912991068
83.48538441066029
85.28877152421424
87.11872045047515
88.97546887501836
90.8592520184753
92.77030247286521
94.70885004531324
96.67512160954286
98.66934096559517
100.69172870811391
102.74250210360037
104.8218749769677
106.93005760772242
109.06725663604686
111.2336749790812
113.4295117575775
115.65496223317597
117.91021775643569
120.19546572566304
122.51088955688175
124.85666866458511
127.23297845364843
129.6399903221784
132.07787167528488
134.54678594967982
137.0468926489637
139.5783473894468
142.1413019563018