4.7175763974646685
4.750695598165214
4.805842076191933
4.882935612741261
4.981859318257109
5.102453599944618
5.244508856211006
5.407764464067407
5.5919117684067166
5.7966055321982495
6.02147910674144
6.26615144982133
6.5302448767869095
6.813390105212866
7.115233873219583
7.435442984352774
7.773707523038203
8.129740724658083
8.503281336409641
8.89409057350291
9.301948934943441
9.726678464192139
10.168091409917498
10.626040001616829
11.10038935155653
11.591018808155608
12.097844793296684
12.620730329412558
13.159646029419667
13.714513841120565
14.285283076125465
14.871918908764647
15.474386805458517
16.092672108580917
16.72676471542158
17.376668603291243
18.042391963451312
18.723957778494324
19.421392322617084
20.134736997919457
20.864037083765858
21.609348510165123
22.370732870646915
23.148270456907035
23.942035417676315
24.752118567240533
25.578614489605894
26.421637381226603
27.281287796120896
28.157700288517486
29.050988436964886
29.96129605648084
30.888763330411486
31.83354011701284
32.79578138351761
33.77564870089301
34.77331577766095
35.78895166653225
36.82273942903953
37.87486340592375
38.94551799026402
40.034901490983614
41.14321059988407
42.27065497832272
43.417440273502244
44.583796227552554
45.76992937115534
46.97606408001239
48.202432891060056
49.44925952069941
50.71677985108374
52.00523363277447
53.31485179511047
54.64588240599438
55.998564936157436
57.37314528196431
58.76987243334778
60.188993082767055
61.630755088239724
63.09541097171693
64.58321295068751
66.09441146945838
67.62925931758723
69.18800887932947
70.77091242058349
72.37822186909732
74.01018859728566
75.66706320800184
77.34909532359431
79.05653337864536
80.78962441675364
82.54861389178794
84.33374547400678
86.14526086149507
87.98339959732488
89.84839889289758
91.74049345789865
93.65991533728354
95.60689375575964
97.58165497013337
99.58442212996334
101.6154151468882
103.67485057299606
105.76294148858283
107.87989739961169
110.02592414515132
112.2012238150808
114.40599467822709
116.64043112118178
118.90472359792366
121.1990585902832
123.52361857957418
125.87858202905171
128.26412337753658
130.68041304399623
133.12761744305487
135.6058990113216
138.11541624440744
140.65632374444115
143.22877227791776