8.523985826954808
8.558709703740096
8.616538671272279
8.697405493859838
8.801213374155704
8.927831340310998
9.077089846726647
9.248775702936747
9.442632073419023
9.658362882882836
9.895640647590662
10.154116124215358
10.433429334017045
10.733215507276668
11.05311528642717
11.392779034002515
11.751870762262802
12.130072712236526
12.52708478101163
12.942627437261214
13.376441110832658
13.828287707144225
14.297948627430625
14.78522282697897
15.289929997244323
15.811906903732455
16.35100681531271
16.907101242539056
17.480074964435882
18.06982837684675
18.676269136582846
19.299347973504066
19.93898480379188
20.59514123728041
21.26778452921863
21.95689379359411
22.662459166810763
23.384483446184163
24.12297849977455
24.877971213068626
25.649493423337912
26.437592099423544
27.24232188690731
28.063749383707147
28.901947762147845
29.75699779266322
30.6290040400212
31.518057618635794
32.424274843547806
33.34777474933087
34.28868234080223
35.24713890218877
36.22328227727595
37.217265867128425
38.229246306965095
39.25938895685657
40.3078380231182
41.37485018477884
42.460530916713445
43.56509256704318
44.68873762224706
45.831657334474166
46.99406182631483
48.17615854675675
49.378164813301524
50.60029592786082
51.84277661037833
53.105831555234175
54.389690891620596
55.69458330451342
57.02075571017691
58.36843607710672
59.7378679845782
61.12929498005084
62.54296050139697
63.97911050078966
65.43798432836752
66.9198718341134
68.42497385399267
69.95354526147332
71.5058879531074
73.0822004272887
74.68275061703149
76.30779420128289
77.95757733624086
79.63235296742042
81.33237005050103
83.05787693812034
84.8091206695172
86.5863467623459
88.38979900941288
90.21971928074807
92.07634733144116
93.95992061566898
95.87067410736367
97.80884012795717
99.77464818162922
101.76832479849848
103.79009338615315
105.84017408995209
107.91878366243785
110.02613534225536
112.1624387428849
114.32789975151135
116.52272043828437
118.7470989762253
121.00122957196285
123.28530240748808
125.59950359304877
127.94401513123385
130.3190148923669
132.72467660112
135.16116983444988
137.62866003064028
140.1273085094452
142.65727250315047
145.2187051983905
147.8117557885047
150.43656953620624
153.09328784629335