9.061864055063722
9.096775962189719
9.154919265039211
9.23622809491425
9.340607328588792
9.467923133331032
9.61802851523857
9.790696505275879
9.98568224553221
10.202695366555371
10.441413724115968
10.701492693124717
10.982574492289453
11.284297649912109
11.606302725910743
11.94823988685338
12.309837424340142
12.690578128488983
13.090355779848382
13.508820859378282
13.945712081555484
14.400784092237538
14.873813238559201
15.36459687994283
15.872947203889957
16.398696242150677
16.941695796006098
17.50180524239761
18.078916206117285
18.672915572034793
19.28371743742761
19.911247001397456
20.555442512560113
21.21624447253218
21.89364856438168
22.58759956503662
23.298095553654495
24.025136860004388
24.76873623674536
25.52891394937587
26.305704051178523
27.099150287137704
27.909306428425275
28.73623768655523
29.580018210972735
30.44073173427261
31.318467358993026
32.213331449609356
33.12543384570128
34.05489384166283
35.00183848520519
35.96640406725807
36.94873200274582
37.9489713544819
38.96728985977865
40.003842320790234
41.058804023301825
42.132350593000346
43.224666054223086
44.33594525175661
45.466374257796275
46.616164154484125
47.78550677920762
48.9746300325203
50.18373234828591
51.41303907649352
52.662776027139195
53.933163601570946
55.22443408744165
56.53682231366
57.87056038837293
59.22588967985064
60.60304803062051
62.002284081490224
63.42383818792961
64.86795872184238
66.33489129174727
67.8248905717389
69.33820175754828
70.87507181016805
72.43576681976431
74.0205259265638
75.62960224164925
77.26324820731374
78.92171511865162
80.60525176219673
82.31410830471812
84.04853239396228
85.80877063709521
87.59506807730561
89.40766799054458
91.24681168773158
93.11273832283969
95.0056847072992
96.92588513115916
98.8735711914524
100.84897162818304
102.85231216837609
104.88381537859328
106.94370052632085
109.03218345059312
111.14947644222251
113.2957881339531
115.47132340083608
117.67628327112038
119.91086484773881
122.17526124102153
124.4696615120669
126.79425062763269
129.14920942614287
131.53471459506187
133.9509386595234
136.39804998230102
138.87621277489887
141.38558711974886
143.9263290033137
146.49859035993512
149.10251912619313
151.73825930554642
154.4059510429676