10.157265568413013
10.192540048891074
10.25128919276195
10.333449763626403
10.438930311760432
10.567608428140352
10.719325793218237
10.89388369311352
11.091041631275107
11.31052010337489
11.552007063097676
11.81516688600681
12.099648370318736
12.405094194911962
12.73114798292581
13.07745869369728
13.443686859378438
13.829509649987632
14.234617320150173
14.658721376914936
15.101550414404583
15.562853051110803
16.042397429646297
16.539970513137238
17.05537667593333
17.588439161282935
18.13899614070846
18.706911488456182
19.29205186870408
19.894307403853656
20.513579889059827
21.149790380253425
21.80286798783322
22.47275849592037
23.159418802185016
23.862823951165844
24.582953657701314
25.3198007600329
26.073384695171253
26.843712650793826
27.63081739724042
28.434743250622812
29.255540013572922
30.09324904525809
30.948003763350062
31.81982793207354
32.708831105855985
33.615115416774785
34.538790851058465
35.47997478858453
36.438799098714405
37.41539197638413
38.40990567823382
39.42248368873848
40.45328690984876
41.50247953972299
42.57023267023113
43.65672773991525
44.7621358838926
45.886677250137424
47.030518919148115
48.19386855870911
49.37693989125287
50.57993629120313
51.80307486074999
53.04657456626366
54.31065981311693
55.595556254819996
56.90149400563155
58.22870726860446
59.577432256724855
60.947907153943085
62.340372253306896
63.7550736470018
65.19225572360173
66.65216134633009
68.13504298508776
69.64114921661314
71.1707274233531
72.72402367816804
74.30130993970958
75.90242985378613
77.52879710055545
79.17950721551217
80.85519626203515
82.55611254646674
84.28250527592147
86.03462094292918
87.81270544474363
89.61700282041573
91.44775525820127
93.3052028980488
95.18958364021664
97.10113296045499
99.04008373219293
101.00666605616796
103.00110709793242
105.0236309336576
107.07445840463625
109.1538069808994
111.2618906342829
113.39891972131862
115.56510087624793
117.76063691448422
119.98572674658745
122.24056530350697
124.52534347238297
126.84024804393547
129.18546167101724
131.56116283853638
133.96752584480336
136.40472079418842
138.87291360116012
141.3722660054695
143.90293559843286
146.46507586011364
149.05883620720198
151.68436205135615
154.34179486775278
157.031272273543