11.813053102068599
11.848833271109175
11.908423709604147
11.991767945371743
12.098778703676892
12.229340209575291
12.383303594671881
12.560482474582312
12.760650314441738
12.983542486873827
13.228860824918828
13.496280755517224
13.78546899089293
14.096066781093905
14.427724383323836
14.780093453981701
15.152833201411232
15.545615021568057
15.958125099528562
16.39006807502732
16.841162268940806
17.311147236143093
17.799779556560992
18.306835567345786
18.83210839607046
19.375409334701757
19.93656708553327
20.515432552147256
21.111852769336934
21.725719772521693
22.356922384322402
23.00536477150381
23.67098098632104
24.353695687263947
25.05346519318981
25.77025162162398
26.504032037393195
27.254797277162954
28.02254825668036
28.807300896350974
29.609079347532962
30.427918694613993
31.26387846633686
32.11700469665468
32.98737771468726
33.875070406349934
34.78017856530987
35.70279653536656
36.64304017945879
37.60102368645098
38.576872172623276
39.57072301024689
40.58272097121347
41.61301301633933
42.66175253914291
43.729098828782035
44.81528472870461
45.92041033223601
47.044697840587475
48.188326889348346
49.35149786003947
50.53441226319504
51.737276646192946
52.960299463411936
54.20370425163109
55.46770344017165
56.75252431067679
58.058371764688594
59.385536596532866
60.73419189970642
62.10459561613578
63.49699452719775
64.91161755554612
66.34871318646964
67.80852706968444
69.29130433234526
70.79729337719998
72.32674409445164
73.87990653997339
75.45702624999609
77.05836306618525
78.6841571046881
80.33466507696559
82.01013381101569
83.71081248007992
85.43695675217562
87.18880320012246
88.96660114285285
90.77059607733155
92.6010296743195
94.45814251617094
96.34217289918854
98.2533567611442
100.19192749769316
102.15811578614647
104.15214941706266
106.17425313406716
108.2246484823256
110.3035536660817
112.41118341560974
114.54774886398565
116.71345743396616
118.90851273532583
121.13311447271951
123.38745836490489
125.67173607449627
127.98613514945312
130.3308389757615
132.70602674162924
135.11187341318583
137.54854972165552
140.01622216196915
142.51505300277086
145.045200307605
147.60681796718467
150.20005574252085
152.825059318683
155.4819703689356
158.17092662895243
160.89206198081374