14.9085943975814
14.945206907569847
15.006191364834828
15.091492477616711
15.201031043092028
15.334701877995595
15.492370145113759
15.67386720857839
15.878987960281128
16.107491622784835
16.35910337093909
16.633521736126646
16.930423989204424
17.249474163004795
17.590331158931342
17.952649786033746
18.336091931197547
18.740325989208692
19.165033995524837
19.609908241557832
20.074658351213237
20.5590097593554
21.0627048336117
21.585503173508066
22.12718146416642
22.687534025402357
23.266374065045852
23.86352831612894
24.478842200741138
25.112177824013138
25.76341241249645
26.432439606356105
27.119169167560806
27.823523466758946
28.545440473280195
29.284876196896988
30.04179411636293
30.816176222046327
31.60801602937653
32.41732062910436
33.244109634016674
34.08841387949331
34.95027767480124
35.829736906076434
36.726915098059045
37.64183218270962
38.57459510670988
39.525299993490364
40.49405708197021
41.48098046403062
42.48619879874261
43.50984328050202
44.55205744016396
45.612994593269384
46.69280938513024
47.79166981040763
48.90974741584045
50.04722046424438
51.2042762681885
52.381100829994686
53.57790155943975
54.79487214696471
56.032221274916104
57.2901615284201
58.56889390005754
59.86868338880255
61.189710510724716
62.53221730450419
63.896434857655855
65.2825953414591
66.69094134162316
68.12170497307174
69.57513271535184
71.05146513927274
72.55094598573027
74.07382407528195
75.62034535406927
77.19075653533784
78.78530976908952
80.40424931186199
82.04782671207869
83.71628560212783
85.40989446389482
87.1288753091112
88.87348640411035
90.6439799614909
92.44059022930709
94.26356474207036
96.11314041827707
97.98956316227591
99.89306566823976
101.82388314057835
103.7822480702776
105.7683897979139
107.78253474549653
109.82490625186699
111.89572441699141
113.99520595556027
116.12356406022968
118.28100827493166
120.46774437853246
122.68397427918799
124.9298959196183
127.20570319357569
129.5115858736691
131.8477295507153
134.21431558472054
136.6115210675608
139.0395187973846
141.4984772647327
143.9885606502817
146.5099288341577
149.0627374166085
151.64713774996508
154.26327698154446
156.9112981073406
159.59134003618902
162.30353766410022
165.04802195843624
167.82492005156823