1.3691060836992917
1.3999519810677779
1.4512956138708673
1.5230341645161165
1.615013711505456
1.7270202525260203
1.8587739492627184
2.0099403491285823
2.180145134855803
2.368998391083502
2.57610793885611
2.8011003696879757
3.04362097264829
3.303346783340831
3.5799847748234823
3.873274152159328
4.182982546577099
4.508907674974897
4.850871669784439
5.208719761849896
5.582323338691489
5.971565398127353
6.376352319286136
6.796597720201505
7.232239432481848
7.683219613452339
8.149494180302408
8.631028312916776
9.127796261828768
9.639780550229796
10.166986464049554
10.709368395948598
11.266976064948972
11.839798816486248
12.42787446843043
13.031209270500188
13.649839695726161
14.28380431635617
14.933151701150035
15.597927336433916
16.278190899031948
16.974007697003586
17.68544713011861
18.41258768983129
19.1555155678804
19.91429585228223
20.689092953150404
21.479958608667243
22.287010542371263
23.110373008877602
23.950172158637006
24.806537514823006
25.679597105132395
26.569532905874127
27.476458106065095
28.4005414543772
29.3419487601047
30.300845846241273
31.277407137639166
32.271819031014324
33.2842618497035
34.31492443093682
35.364011533442735
36.431715183708505
37.51824413425789
38.623808411027404
39.74861794820913
40.89289587782171
42.056860334339646
43.24073997811158
44.44475827057383
45.669146288939444
46.91415109342935
48.17998831785411
49.46692304286417
50.77517647995662
52.10499951635778
53.456637778153315
54.83033846146084
56.226350110709404
57.64492239723469
59.08630589844756
60.550751877748375
62.03851206549075
63.54983844122129
65.08498301748557
66.64419762551759
68.22773370310263
69.83584208498841
71.46877279615983
73.1267748483939
74.8100960404486
76.51898276230655
78.25367980388113
80.01443016861357
81.80147489237858
83.61505286814808
85.45540067683112
87.3227524247354
89.21733958805872
91.13939086484825
93.08913203482284
95.06678582743078
97.07257179855627
99.10670621617723
101.16940195534414
103.2608684027429
105.38131137113959
107.53093302394133
109.70993181004997
111.91850240927356
114.15683568831363
116.42511866751636
118.72353449844661
121.05226245228374
123.41147791907797
125.80135241779837
128.22205361712489
130.673745366873
133.1565877399157