17.75787337326292
17.795160295954524
17.857271069431434
17.944153938556205
18.055734950581684
18.19191624265324
18.35257285922303
18.53754900814922
18.746655562288385
18.979668893863106
19.236332420030784
19.51636199826546
19.819450487974773
20.145275686378973
20.49350474315877
20.863801439089702
21.255830216346432
21.669261230798327
22.103773387071538
22.55905511457982
23.034811455071882
23.530758144508145
24.046628116461484
24.58217095298468
25.137152543513384
25.711354516091824
26.304579398285316
26.916641643340107
27.54737385872494
28.196629384163565
28.864271325775626
29.550185039479345
30.2542679952056
30.97643442155742
31.716614250994752
32.474753448211125
33.25081024116057
34.044757995149425
34.85656007224874
35.68629290326126
36.53389681553569
37.399422078959255
38.28291042895585
39.18441285179765
40.10399258588102
41.04172436584269
41.997694579226035
42.97199954104119
43.96474210905156
44.97604012865371
46.00602309676797
47.05481673457757
48.12256958500831
49.20944224475662
50.315548189248126
51.441106197450736
52.5862639259942
53.75120158494046
54.93611507732837
56.14118277198943
57.36660426647199
58.61258972097867
59.87934376157311
61.16706990438032
62.475938392140264
63.80633846362982
65.15832046055476
66.53216652392193
67.92811786579442
69.34639977402496
70.78724771130894
72.2509088911247
73.73761581512245
75.2476157037474
76.78114740784837
78.3384647632531
79.91980678233304
81.52542206563503
83.15556100767064
84.81046714857276
86.49038372566991
88.19557550341035
89.92627036663416
91.68272160069331
93.4651741469033
95.27386860328032
97.10904913364426
98.97095390082609
100.85982074813428
102.77589316127465
104.7193959803151
106.69056319346144
108.68962365248305
110.71680196147938
112.77232094485032
114.8563997174255
116.96925399417856
119.11109594869157
121.2821340818392
123.48257310102464
125.71261381029383
127.97245301158065
130.26228341734765
132.5822935747878
134.9326678017681
137.31358613462103
139.72522428784313
142.16775362573134
144.64134114594523
147.14614947490108
149.68233687493307
152.25005726303527
154.8494602409755
157.4806911366632
160.14389105636505
162.83919694757301
165.56674167216636
168.32665408953955
171.11905914930733
173.9440779932148