18.249705178695535
18.28710130653609
18.34939437395046
18.436533415726924
18.548445049316797
18.685032528943147
18.84617233591104
19.031711161214037
19.2414615507762
19.47520279447411
19.73268136720498
20.01361578224012
20.317700266802685
20.644618700978356
20.994035935129364
21.36561850716681
21.75903156278251
22.173945916945478
22.61003945197244
23.067002032110956
23.544535500385866
24.04235552380137
24.560194934807658
25.097800241494397
25.654936014621697
26.23138388719369
26.826909343726438
27.441423871781634
28.074661052850924
28.726505432558703
29.396818257722195
30.085481263951603
30.792393166581544
31.517465636035887
32.26062735371213
33.02182322880491
33.8009839170434
34.59815987966989
35.41326193873678
36.24631393714446
37.09733146616093
37.9663412979071
38.853381908249794
39.75850486271928
40.681773303257295
41.62326148128243
42.58305498309701
43.56124901103048
44.5579497827212
45.573273130059064
46.6073417395602
47.660293849755924
48.7322663341652
49.82341358915959
50.93389246072829
52.063867000085104
53.213512440999
54.383004081501454
55.57253310723291
56.78228668973638
58.01246150062646
59.26326410463408
60.53489850858066
61.82757788416926
63.14151820503398
64.47694161043178
65.83407119982618
67.21313451181592
68.61436051158941
70.03799225992854
71.4842544131213
72.9533918129172
74.44564490488636
75.96125261894913
77.50046344267334
79.06351909639048
80.65066808703845
82.26215421048924
83.89827209485654
85.5591352110015
87.24512176689888
88.95643471441541
90.69332033416501
92.4560275743066
94.24479255764342
96.05987067682422
97.90149133766462
99.76989970401138
101.66532908959029
103.588024562236
105.53820769029159
107.51611671884977
109.52197460739295
111.55601001036973
113.61844227993288
115.70949036834878
117.82936922437742
119.97829022975283
122.15646106880749
124.36408560876464
126.601363790962
128.8684915333043
131.16566064416972
133.49305874795778
135.85086922242024
138.23927114791178
140.65843926857448
143.1085439655101
145.5897512418946
148.1022227199637
150.64611564976227
153.22158292947995
155.82877313716926
158.46783057369134
161.13889531649616
163.84210328403148
166.57758631041148
169.3454722300042
172.14588497156316
174.97894466149873