18.332849952897135
18.370264367199262
18.432588035116805
18.519768793504326
18.63173678664883
18.76839226861878
18.929613031176554
19.115245810187155
19.325103545866813
19.558966898972546
19.816581664497416
20.09766752038771
20.401920242832123
20.729019729637148
21.078635704664784
21.450433112793466
21.844077749766676
22.25924100281653
22.695597815653173
23.152841665254805
23.630671937834183
24.12880610407522
24.646973718718737
25.184924418446506
25.74242133940229
26.319244981320235
26.915192891227687
27.53007835742162
28.163735761781997
28.81601435734347
29.486774644023015
30.175898185219896
30.88328338987596
31.60884348896526
32.35250506289975
33.114212495188575
33.89392336831689
34.69161058145532
35.50725802139104
36.340873673443234
37.192463406968436
38.06205708667611
38.94969408709014
39.85542460293469
40.77931133947259
41.721430013541756
42.68186504241947
43.66071195166714
44.658076686792114
45.67407491776241
46.708830132655535
47.762478431430516
48.83516176507329
49.92702876386699
51.038238036019095
52.16895552152656
53.31934337867194
54.48961119191043
55.679914088374545
56.89041960840321
58.12142992725508
59.37303920569607
60.64549422518601
61.93900527535863
63.2537892412546
64.59006623125775
65.94805790802153
67.3280003183868
68.73011645440963
70.15464325438543
71.60181639773111
73.07187467777334
74.56505778965312
76.08161142852951
77.62177412317295
79.1857945116463
80.77391808774073
82.38639337889855
84.02347876194419
85.68538102085378
87.37238740782159
89.08472918692875
90.82265941915026
92.58641637187779
94.37624742712643
96.19239234238879
98.03509613039449
99.90459926801817
101.80113317330986
103.72494011567714
105.67624818885159
107.65528903844633
109.66229238441618
111.69747986667095
113.76107468683922
115.85329475712116
117.97435489649773
120.12446635261897
122.30383667160399
124.51266957849685
126.7511648686832
129.01951831055175
131.31792155960986
133.64656208425927
136.0056231033664
138.39528353574954
140.81571796162456
143.26709659603193
145.74958527421464
148.26334544886814
150.8085341991629
153.38530425134266
155.99380401072082
158.63417760488454
161.30656493774183
164.01110175418722
166.74791971502847
169.51714648181525
172.31890581120803
175.15331765848586