1.567222933666968
1.5982548949782098
1.649909820083587
1.7220869058176882
1.8146356453521038
1.9273417778811834
2.0599462790214185
2.2121052080752897
2.3834535384926983
2.573602472250386
2.78222823022369
3.008745496304317
3.2530030840364996
3.514602015104299
3.7932405876054065
4.088652054494917
4.400594030062135
4.728857104577627
5.073254601044734
5.4336267500383135
5.809832723577578
6.201755186234193
6.609288220078761
7.032350521431106
7.470864266806211
7.924770993505423
8.394021534968564
8.878581018312314
9.378416364135482
9.89350833840139
10.423845742771134
10.969421699365926
11.530244192292304
12.106320477377153
12.697665715971803
13.304305063843044
13.926269061930109
14.56359510681253
15.216323771244555
15.88451233727369
16.568212048259213
17.26748802560003
17.98240844699629
18.713061917882747
19.45952118474566
20.22188186167489
21.000241668586707
21.794706812859577
22.605388599505687
23.430513677825893
24.275883649207444
25.13595661487548
26.0127602360811
26.906443010277062
27.817151959315076
28.745050151644428
29.690296199820047
30.653064121835072
31.633526848588968
32.63186461545219
33.648265204723934
34.682927392283354
35.7360231439085
36.807779019320165
37.89839114800629
39.00806995352276
40.137029591452176
41.285491196799654
42.453671830131356
43.641801351846624
44.85010622745131
46.07881840917225
47.32817297847816
48.59840864647226
49.88976460475572
51.20248215558667
52.536805975906525
53.89298194226729
55.27125747752611
56.67188132866646
58.09510334499159
59.5411742569216
61.010345455600095
62.5028687735804
64.01899626682766
65.55897999835261
67.12307182374632
68.71152317895725
70.32458487063985
71.96250686944109
73.62553810658409
75.31392627416686
77.02791762953782
78.76775680420796
80.53368661769147
82.32594789672038
84.14477930025407
85.9904171507411
87.86309527203245
89.76304483440742
91.69049420708659
93.6456688186848
95.62879102595099
97.64007999118283
99.67975156867156
101.74801820048383
103.8450888218894
105.97116877670605
108.12645974278641
110.31115966785408
112.52546271589658
114.76955922417353
117.04363567102683
119.34787465449915
121.68245488179207
124.0475511696382
126.44333445538871
128.86997181891232
131.32762651508813
133.81645801679608