2.0357919679099137
2.0672244504740633
2.1195496411891113
2.192670644580854
2.2864443013017177
2.4006714257822312
2.535091629592083
2.6893876938339276
2.8631997889563916
3.0561433273056156
3.267826525930711
3.4978655995936503
3.7458926675096107
4.011565452877089
4.29456893706513
4.594617271211255
4.9114542662288345
5.24485187601856
5.594608795975787
5.960539618752381
6.342513702204496
6.740372979273357
7.1540099874074
7.583328779556514
8.028237310707446
8.48867285114419
8.964574997938064
9.455896206775675
9.962599113690548
10.48466126271177
11.022056896362113
11.574790141750995
12.142837268368341
12.726215832116088
13.324946406687591
13.939041541674973
14.56852629058725
15.21343955250672
15.87381973025667
16.549720925242255
17.241187604033637
17.94829511166105
18.67111294606672
19.40972036219337
20.164155706683157
20.934612270800834
21.721106005428883
22.523757458583393
23.342682177583544
24.17800773954496
25.029850810256917
25.89254261532143
26.783640877498637
27.685878567098207
28.60520590665061
29.541784718415315
30.495780459313483
31.46736275323657
32.45670888305527
33.46400019216023
34.48942125310811
35.53317598697916
36.59544656715902
37.67644590896371
38.776376077342576
39.89544894272251
41.03387957031529
42.191886168932704
43.36969880573003
44.56753432947892
45.78562701564661
47.02420897285308
48.28351490991249
49.56374538427752
50.865261696251025
52.1881816171747
53.5327935375253
54.89934310241569
56.28807821654147
57.69924805433624
59.13310283718735
60.5898936113424
62.06987202674498
63.57329011705274
65.10040008107113
66.65145406592099
68.2267039522216
69.82640114161067
71.45079634695564
73.10013938560368
74.7746789760545
76.47466253844821
78.20033599927302
79.95194360069854
81.72972771499262
83.53392866440791
85.36478454701374
87.2225310688873
89.10740138309225
91.0196259358868
92.95943232055514
94.92704513928425
96.92268587345865
98.94657276273554
100.99892069325894
103.07994109532657
105.18984185078475
107.32882721043646
109.49709772168825
111.69485016659195
113.92227751053754
116.17956886160735
118.46690944078138
120.7844805629495
123.13245962891943
125.51102012814529
127.92033165238307
130.36055992003222
132.83186681109666
135.33441041261477