 0.00000000000000E+00
 0.00000000000000E+00
 0.00000000000000E+00
 0.00000000000000E+00
 0.00000000000000E+00
 0.00000000000000E+00
 0.00000000000000E+00
 0.00000000000000E+00
 0.98055740159946E-16
-0.16416919546112E-15
 0.11322547013754E-15
-0.21572893156039E-15
 0.24877050296164E-15
 0.11951431227884E-16
 0.54318952445883E-15
 0.17391788918455E-14
 0.61435836722054E-14
 0.17443900096728E-13
 0.43058011067079E-13
 0.10713612104785E-12
 0.24076952821183E-12
 0.50286657299582E-12
 0.97305369968421E-12
 0.17857972529733E-11
 0.31084475737965E-11
 0.51807488632833E-11
 0.82983008775956E-11
 0.12828071445513E-10
 0.19206656171778E-10
 0.27953558609335E-10
 0.39652423647257E-10
 0.54955474300244E-10
 0.74585444656265E-10
 0.99307059194216E-10
 0.12994077916430E-09
 0.16734383946502E-09
 0.21239438600018E-09
 0.26599890414757E-09
 0.32907779145285E-09
 0.40254621128868E-09
 0.48733606290796E-09
 0.58435766792251E-09
 0.69453711494337E-09
 0.81877545648275E-09
 0.95798486298238E-09
 0.11130600189844E-08
 0.12849200482438E-08
 0.14744641991278E-08
 0.16826200605948E-08
 0.19103356439220E-08
 0.21585696211784E-08
 0.24283211157326E-08
 0.27206206368638E-08
 0.30365371739956E-08
 0.33771912787591E-08
 0.37437393056156E-08
 0.41373845808399E-08
 0.45593784292585E-08
 0.50110059990680E-08
 0.54935869489499E-08
 0.60084651888339E-08
 0.65569959311239E-08
 0.71405406102529E-08
 0.77604357258892E-08
 0.84179927998126E-08
 0.91144709825337E-08
 0.98510576674520E-08
 0.10628857564445E-07
 0.11448860964900E-07
 0.12311932179868E-07
 0.13218788277901E-07
 0.14169988394773E-07
 0.15165907734057E-07
 0.16206737097193E-07
 0.17292459076828E-07
 0.18422841645442E-07
 0.19597439895272E-07
 0.20815568099666E-07
 0.22076316403673E-07
 0.23378530124130E-07
 0.24720795133481E-07
 0.26101457670664E-07
 0.27518578248272E-07
 0.28969929188634E-07
 0.30452977812793E-07
 0.31964840669112E-07
 0.33502259430725E-07
 0.35061523284718E-07
 0.36638432458744E-07
 0.38228185620078E-07
 0.39825304522715E-07
 0.41423494121882E-07
 0.43015497071837E-07
 0.44592934819831E-07
 0.46146105317025E-07
 0.47663771208033E-07
 0.49132933807299E-07
 0.50538560074295E-07
 0.51863351290207E-07
 0.53087492613047E-07
 0.54188435674760E-07
 0.55140744313388E-07
 0.55916030315810E-07
 0.56483009323143E-07
 0.56807748257868E-07
 0.56854145500780E-07
 0.56584682777459E-07
 0.55961547411124E-07
 0.54948101308056E-07
 0.53510759606731E-07
 0.51621231459553E-07
 0.49259026868273E-07
 0.46414156749084E-07
 0.43089734341953E-07
 0.39304282628779E-07
 0.35093396342954E-07
 0.30510493057772E-07
 0.25626326762113E-07
 0.20527171257314E-07
 0.15311582936580E-07
