 0.00000000000000E+00
 0.00000000000000E+00
 0.00000000000000E+00
 0.00000000000000E+00
 0.00000000000000E+00
 0.00000000000000E+00
 0.00000000000000E+00
 0.00000000000000E+00
-0.14991937943399E-15
 0.66828049925494E-15
 0.50280323748701E-15
-0.63627219020745E-15
 0.19542421087139E-14
-0.23818967538706E-14
-0.16675292990873E-14
-0.44226164133759E-14
-0.43763855721809E-14
-0.12400644720661E-13
-0.32857147967579E-13
-0.11319676146800E-12
-0.23506093536444E-12
-0.49472125891630E-12
-0.97865675005754E-12
-0.17845664352667E-11
-0.31335822763989E-11
-0.51849569712153E-11
-0.83160070942784E-11
-0.12848758137629E-10
-0.19232851881672E-10
-0.27947301093054E-10
-0.39679177817725E-10
-0.54980279210926E-10
-0.74635947915702E-10
-0.99430776129951E-10
-0.13010205543772E-09
-0.16762143549358E-09
-0.21287516253014E-09
-0.26677802591829E-09
-0.33028937472606E-09
-0.40447553260631E-09
-0.49026432846408E-09
-0.58876013657202E-09
-0.70098748275672E-09
-0.82810028384082E-09
-0.97122927193279E-09
-0.11315616354614E-08
-0.13104480431728E-08
-0.15091088373184E-08
-0.17290181486589E-08
-0.19717957186356E-08
-0.22389690174864E-08
-0.25323687384676E-08
-0.28538687520000E-08
-0.32054536537701E-08
-0.35893378667688E-08
-0.40078000013047E-08
-0.44632127632425E-08
-0.49580847048891E-08
-0.54949894527511E-08
-0.60767088366310E-08
-0.67058437496118E-08
-0.73852016431863E-08
-0.81173830224934E-08
-0.89050460278948E-08
-0.97506280940912E-08
-0.10656527483723E-07
-0.11624791124030E-07
-0.12657340700739E-07
-0.13755873288848E-07
-0.14921505977539E-07
-0.16155137153875E-07
-0.17457353217843E-07
-0.18828204032243E-07
-0.20267439381784E-07
-0.21773950099630E-07
-0.23346630153034E-07
-0.24983644856491E-07
-0.26682504479834E-07
-0.28440315265401E-07
-0.30253497714141E-07
-0.32117733299659E-07
-0.34028047141586E-07
-0.35978364177386E-07
-0.37961716838152E-07
-0.39969907364239E-07
-0.41993392467249E-07
-0.44020635516544E-07
-0.46038081417097E-07
-0.48029728650455E-07
-0.49976108320975E-07
-0.51854785097340E-07
-0.53638147247924E-07
-0.55293818188042E-07
-0.56783239565829E-07
-0.58060808329549E-07
-0.59072778222565E-07
-0.59756748984249E-07
-0.60040107898106E-07
-0.59840044891427E-07
-0.59063200844251E-07
-0.57605236404335E-07
-0.55353023607117E-07
-0.52186235786046E-07
-0.47980485906779E-07
-0.42613390297433E-07
-0.35971099824718E-07
-0.27957662345939E-07
-0.18506094636158E-07
-0.75921281625031E-08
 0.47525555787418E-08
 0.18425689726018E-07
 0.33241906507700E-07
 0.48924765068902E-07
 0.65103416233802E-07
 0.81318837770704E-07
 0.97039478214925E-07
 0.11168750152888E-06
 0.12467469876343E-06
 0.13544547185898E-06
 0.14352241176234E-06
