43.610782769425704
44.07347703629414
44.56057699839118
45.071791754377884
45.606803228367454
46.16534465889888
46.747127727790996
47.35188162204577
47.97934722505913
48.62928027559143
49.30144832739895
49.99554986786028
50.71165117799616
51.44930766405303
52.20843814485359
52.98889784761002
53.79055847432096
54.61320640289085
55.457048189203014
56.32170462431339
57.20721439301912
58.11353403206925
59.040633583106235
59.98849055325051
60.957140813832325
61.94655350512031
62.95679017697097
63.987883564662745
65.03989129328242
66.11288227994439
67.20693873947745
68.32215104213886
69.45862168845716
70.61646247473934
71.79579943555028
72.99676451055798
74.21949512141884
75.46414191812967
76.73086112412658
78.01981161270326
79.33118332431079
80.66513701977296
82.0218605651358
83.40154512156354
84.80438373074708
86.23050952882454
87.68033195182635
89.15385265451344
90.65135677726069
92.17305821140562
93.7191692402843
95.28993051382456
96.88554907966696
98.50622870844713
100.15227887045464
101.82384921437323
103.52119802164157
105.24455293329017
106.9941524861185
108.7702201889329
110.57300436679456
112.40272272113437
114.25960977678447
116.14389545999342
118.05580882547225
119.99556635067546
121.96343545966417
123.95959553044263
125.98428353120799
128.03772031844622
130.12012051324007
132.23169535401593
134.37266411692912
136.54322493510483
138.74358703970694
140.97394682910624
143.23450159699493
145.52544757585122
147.84696747453688
150.19924899160566
152.58247129929234
154.9968089677616
157.4424301081937
159.91950402674243
162.42813652493777
164.96865356660592
167.54103511225998
170.1454879463629
172.782152611387
175.4511678651303
178.1526669452149
180.88677843423537
183.65362631035032
186.45333000875092
189.28600449444946
192.15176034591317
195.05070384902484
197.9829371008552
200.9485581226501
203.9476609814697
206.98033592002267
210.0466694939261
213.14674471596743
216.2806412067369