53.327199191391166
53.805226093472285
54.308694337966976
54.83732160204601
55.39081994138948
55.968910280783994
56.57131815403788
57.19777951263706
57.84803987350214
58.521858241678316
59.21900685450787
59.93927596622799
60.68246631175547
61.44840015070811
62.23691497605177
63.04786443394643
63.881124278896145
64.73658423412085
65.61414964715937
66.51374535126735
67.4353124994217
68.37880981818782
69.34421012888767
70.33150215764049
71.3406900330886
72.37179281823975
73.42485729848332
74.49987546164927
75.59697504968959
76.71618790894863
77.85760405390283
79.02130505147606
80.2074294582525
81.41605453794642
82.6473220701711
83.9013575581803
85.17830489063292
86.47831287500046
87.80153821102839
89.14814529478397
90.51830329205774
91.91218462407198
93.32999085342912
94.77188969532618
96.23808201684108
97.72876398976587
99.2441398246066
100.78441415051172
102.34991100537074
103.94049930754666
105.55673878848896
107.19872947736877
108.8666954324018
110.56085550138754
112.28143326748953
114.02865041339855
115.8027352490612
117.6039095932918
119.43239881909918
121.28842865954064
123.17222028352995
125.08400937429924
127.02400312078832
128.99242687844102
130.98950299860428
133.01544748040266
135.07047381614774
137.15479634019692
139.26862311279783
141.41214250160732
143.58561838060083
145.78919078452452
148.0230748447487
150.28746734172674
152.58256103808495
154.90855855935385
157.26556685350772
159.65383992032267
162.07352788439272
164.524784984918
167.00779836618702
169.52271424651715
172.0696818303041
174.64885068092852
177.26036815580676
179.9043707920396
182.5809986894929
185.2903750305168
188.0326288851912
190.80787645519598
193.61623352236043
196.45781474512287
199.3327213906452
202.24105644717739
205.18291693518725
208.15839558742664
211.1675809667143
214.21055759242964
217.28740607510915
220.39820325842527
223.54302236791975
226.72193316599726
229.9350021123206
233.18229252918084