79.17270732259946
79.68324114689894
80.22153301172409
80.78693222510704
81.37959470933666
81.99914058245805
82.64532893092428
83.3179274978163
84.01671357213019
84.74147587251912
85.4920167958082
86.26815230218217
87.06971501926279
87.89655191423215
88.74852658341784
89.62551907515801
90.52742982069704
91.45416913800382
92.40566734232242
93.3818718423107
94.38274437977289
95.40826088932896
96.45841391878191
97.53320953479465
98.63266794352818
99.75682131842493
100.90571460805225
102.0794110724064
103.27797253936409
104.50148893916968
105.75003210364441
107.0237355433341
108.32268676137605
109.6470066291154
110.99682647988651
112.37228186957171
113.77351588279915
115.20067909357266
116.65392810747927
118.13342663495561
119.63934308621525
121.17193563528627
122.73112739689789
124.31735640002941
125.93072633546372
127.5714257207394
129.23964928438718
130.93559175484546
132.659454820721
134.41143579599495
136.19172489197857
138.0005698609477
139.83812541217688
141.70462288694037
143.60025583664222
145.52523367917595
147.4797636065871
149.46404589931097
151.4782835272036
153.52267763440096
155.59742516244188
157.70272905231698
159.83878167183855
162.00576723507842
164.20389136022627
166.43332622658124
168.69425696380884
170.98686506018976
173.3113222879273
175.66780411970169
178.0564730926212
180.47749501665294
182.93102692678835
185.41721953983657
187.93621506358903
190.4881770753923
193.07322507650244
195.6914938012071
198.34311539026686
201.02822046977235
203.74691011901504
206.49931263698423
209.285520583905
212.10565101153435
214.9597875410718
217.84803237018878
220.77046525967015
223.72717306434978
226.71822371169668
229.74371139249084
232.80368313165536
235.8982082508358
239.02735364462458
242.19116856643873
245.3897011376836
248.6230051452879
251.89112357746774
255.19409486521144
258.531957355262
261.90474524405494
265.3124898190341
268.755219644521
272.2329607490935
275.7457368135604