90.8274613592065
91.35013350230824
91.90122785800656
92.48056121168977
93.08781949053716
93.72284766546137
94.38540746723498
95.07528054598009
95.79226585854775
96.53617137635554
97.30681780553829
98.10403984141625
98.92769264511313
99.7775897092289
100.6537532024422
101.55594126357656
102.4841139934383
103.43819965723746
104.41814161530438
105.42390398571716
106.45545855512533
107.51279316299973
108.59591149216612
109.7048320090122
110.83958333536195
112.00020578803463
113.186755338961
114.39929517990893
115.63789723201079
116.90266504601256
118.19367567618099
119.51103910482806
120.85487698993605
122.22530538839777
123.62245307538929
125.04646156474347
126.4974742168063
127.97564187199958
129.4811209684128
131.01407329039156
132.57466854272573
134.16307580388056
135.7794718456824
137.42403882549254
139.09695731605237
140.79841607343076
142.52860360719376
144.2877091796415
146.07592608561376
147.8934533278819
149.74046763354428
151.61720715372996
153.52383334727418
155.4605410388119
157.4275275417976
159.4249569121137
161.45317861467566
163.51220994142045
165.60229666373326
167.7236214913165
169.87640458337808
172.06079533873012
174.27698553233532
176.52515166890151
178.80546872057286
181.11810994965066
183.46322738620526
185.8410149561119
188.25160092470227
190.6951472940958
193.17180289520067
195.68171395145586
198.22501317351288
200.8018421921774
203.41232359265908
206.05658311326448
208.73473704247806
211.44690025360097
214.1931771634866
216.97367204423364
219.78847975768312
222.63769318319683
225.52139797265593
228.43968491473757
231.3925799109424
234.38024060256953
237.40266300177038
240.45993520687534
243.55210796727857
246.67923401012908
249.84135994259034
253.0385328958263
256.2707821355608
259.53816296340955
262.84068567338227
266.1783917669745
269.551303021808
272.95943924445476
276.4028219270162
279.88146538870234
283.39538429111366
286.944590008605
290.52909175959866
294.14889679748