29.879185316049924
30.314965515223317
30.77332729844199
31.25395977194936
31.756559245378085
32.280832973067305
32.82650681746218
33.39329497152547
33.980962615752304
34.58926710596167
35.217986492569835
35.86691605620866
36.53586787406317
37.22466878438114
37.933169573110604
38.66122980455914
39.40872799891041
40.175564894115105
40.96165030656377
41.766914972316904
42.59130353230217
43.4347783554907
44.29731470010472
45.1789030844293
46.079550314457606
46.9992744872785
47.938108804603644
48.89609235926583
49.87330169758662
50.86979009361459
51.88564396857014
52.9209559431066
53.97583012408742
55.050379966041504
56.144727606695234
57.259007476978596
58.393359194602475
59.547932798822
60.7228864330503
61.91838428090326
63.13459872002448
64.37185292271302
65.62990330820607
66.90936472127112
68.21030283684868
69.53290189604974
70.87739221048507
72.24396752442225
73.63284598106621
75.04425377333507
76.47840873658521
77.9355397406099
79.41587480147825
80.919646902863
82.44708899645171
83.99844078124386
85.57393409824097
87.17381676405678
88.79832335059167
90.44769470950698
92.12217579724074
93.82200690982945
95.54743202680464
97.29868835032858
99.07602578358183
100.87967688344175
102.70988227695781
104.56688557101609
106.45091872271018
108.36221272355012
110.30101694109936
112.26754519404439
114.2620300253613
116.28470004869749
118.33577662243997
120.41547729951289
122.52402588264361
124.66162721890409
126.82849524921444
129.02483632250852
131.25085071382705
133.50673675717528
135.7926918491513
138.10890284830862
140.45555666140876
142.83283481216412
145.24091443586713
147.6799682267455
150.15016439790807
152.65166665389697
155.184634175762
157.74922161855443
160.34557912108394
162.97385232772973
165.6341824220645
168.32670617201964
171.05155598623065
173.8088599812187
176.59874205910154
179.42132199528106
182.27671553578367
185.16503450376223
188.0863869146996
191.04087709984208