48.99112091775098
49.46259087676174
49.95906017611467
50.480237651201996
51.025833537096915
51.59556302843081
52.18914810335728
52.80632118064644
53.446825301019885
54.11041729173334
54.79686714648359
55.50596069473461
56.237500904499335
56.991305455508176
57.76721116024418
58.56507119907269
59.3847559878888
60.22615514193974
61.08917300754523
61.97372667396729
62.87977715087334
63.8072573369236
64.75614927494411
65.72643702690344
66.7181259078033
67.73123235925131
68.76578620434246
69.82183319692469
70.89942995174361
71.99864524835743
73.1195758946382
74.26227202479724
75.42687792499582
76.61349436057877
77.82224111493215
79.0532572657672
80.30667681466218
81.58265239349925
82.88134226250972
84.20290124329142
85.54751275517778
86.91534144804609
88.30656170812587
89.72142106252129
91.160054567154
92.6226632672597
94.10948244072843
95.62069223166718
97.15651241781613
98.71715762655465
100.30284406295759
101.91379199636822
103.55022312533256
105.21236206117274
106.90043287358635
108.61453539625792
110.3552769849791
112.12250729392787
113.91657799463692
115.73772300011304
117.58616377109287
119.46213227008968
121.36585455536769
123.29754988679503
125.257440055144
127.24577750163775
129.26273956402184
131.30857234809466
133.3834792453842
135.48767369364717
137.6213670839156
139.78476615359298
141.9780745521105
144.20148988589852
146.45520937837634
148.73942270236637
151.05432482254903
153.4000914916577
155.77690897850263
158.1849465925424
160.62437692427358
163.09536795175825
165.59807521654483
168.13265926512062
170.69927572851915
173.29806795361782
175.9291782409978
178.5927437138166
181.28888292972687
184.01776625548462
186.77947461514543
189.57414078500693
192.40187869541347
195.2627977531339
198.15700292857443
201.08459485339586
204.0456699279489
207.04032043794004
210.0686346797547
213.1306970936763
216.22658840464965
219.35638576970567
222.5201629316182
225.7179903781246