75.63934093902955
76.14594198561925
76.67990519025574
77.24097616311772
77.82890214465677
78.44343208479674
79.08431998565895
79.75133431817903
80.44422968936411
81.16280588722078
81.90685834577269
82.67618856888926
83.47063162142848
84.29002945225214
85.13423741389424
86.00313709941773
86.89661722132742
87.81458691109904
88.75697304524518
89.72372000004475
90.71475494520861
91.73013769837159
92.76977113807176
93.83368593026009
94.92190343982143
96.03445255992007
97.17137435036203
98.3327265006296
99.51857662558065
100.72900357398062
101.96409707092802
103.22395589411033
104.50868950723371
105.81842242725895
107.15327403149932
108.51337947513584
109.89889094704397
111.3099492462766
112.74671225631626
114.20934628979973
115.69802449960217
117.21290970358018
118.75419161830406
120.32204587147012
121.91666401307246
123.53823968257137
125.18696795397155
126.8630421860751
128.56666377958445
130.2980360745156
132.05736652205732
133.84485743384397
135.66071565011293
137.50561580311748
139.3783649255607
141.28040756524922
143.2119783814748
145.1727897990034
147.16321242242847
149.18344970148235
151.23370706526316
153.31418197038414
155.4250763460924
157.5665859598018
159.7389001633113
161.9422147086459
164.17671755735023
166.44258824372633
168.74000812156478
171.0691545155935
173.43019508708267
175.82330814397284
178.24864520903603
180.70637087041973
183.1966404860469
185.71959851169424
188.2753925784621
190.86416046140147
193.48603697417596
196.141151915445
198.82962695449456
201.55158303729763
204.3071333906325
207.09638871877596
209.9194473096178
212.77641136234354
215.66737459611153
218.59239642151417
221.551643955712
224.54511010544852
227.57290768016773
230.63509436310542
233.73174201700107
236.86291127713216
240.0286598474509
243.22905754949844
246.46410472536212
249.733896893846
253.03846087185872
256.3778364417966
259.7520603699292
263.16116658940666
266.6051863852996
270.0841485808264