78.95104014198661
79.46133289069101
79.99928293262154
80.56448945555104
81.15685935641875
81.77609333064237
82.42195573699918
83.09420914750763
83.79263119187738
84.51701177446613
85.26714844812203
86.04286482456338
86.84398800708767
87.67036469116108
88.5218591876624
89.39835192828407
90.29970641122944
91.22593562628268
92.1768703835202
93.1524885198504
94.15275321373392
95.17763096436802
96.2271406094759
97.30126182783322
98.40002281879588
99.52345697338757
100.67160978925719
101.84453602796209
103.04231117190403
104.26501383980539
105.51273223119883
106.78556971417255
108.08363342981686
109.40704858801644
110.75593854002824
112.13044077726205
113.53069751095461
114.95686074683583
116.40908504199903
117.8875351023952
119.39237973385717
120.92376802106139
122.4819501273786
124.06703621938739
125.67924038881807
127.31871439203417
128.9857613231035
130.68046907744386
132.40307180958638
134.15377014973535
135.9327707710892
137.7402728069919
139.57645551622156
141.44160337713888
143.3358423059037
145.2593987568942
147.2124935730852
149.19531580912422
151.2080702689413
153.25096163651438
155.32418833422574
157.42794473024904
159.56243098561134
161.72783624417153
163.9243493893532
166.15215839035477
168.4114450025724
170.7023891803132
173.02516420393755
175.37994590401695
177.76689644310133
180.18617951241018
182.63795662611673
185.12237036197158
187.63959233281216
190.18974323827211
192.77297165131455
195.38940674805065
198.0391803652982
200.722414094619
203.43922760947243
206.18974016462408
208.97403703874303
211.79224218933456
214.6444469216332
217.5307426994235
220.45122121797533
223.4059582106604
226.3950354943013
229.41852740309838
232.4764992372832
235.56901530458276
238.69613744320318
241.8579186878758
245.0544166464525
248.28567494426898
251.5517363015622
254.852644921182
258.18843742258775
261.55914835053727
264.9648093340096
268.4054492718986
271.8810945202611
275.391769080191