 0.00000000000000E+00
 0.00000000000000E+00
 0.00000000000000E+00
 0.00000000000000E+00
 0.00000000000000E+00
 0.00000000000000E+00
 0.00000000000000E+00
 0.00000000000000E+00
 0.00000000000000E+00
 0.00000000000000E+00
 0.00000000000000E+00
-0.55724062946324E-15
-0.64649243362277E-14
 0.70050426161047E-29
 0.55268523517461E-15
 0.11296299551530E-13
 0.11759197975668E-13
 0.10206076493111E-13
 0.33535202258977E-13
-0.29874699543262E-13
-0.19153868821667E-12
 0.13886750406485E-12
 0.34616196145440E-13
-0.16606959844062E-12
 0.92256537810126E-13
 0.37935236048760E-12
-0.24829293307188E-12
 0.22269549594031E-12
-0.98421258532025E-12
-0.41708361347879E-12
-0.82215145513577E-12
-0.20918181397959E-11
-0.25042756852083E-11
-0.38657011109963E-11
-0.57998219072233E-11
-0.85086029492263E-11
-0.12001267395571E-10
-0.14590230975253E-10
-0.19473985600055E-10
-0.25793539118564E-10
-0.34484427975382E-10
-0.43235388396314E-10
-0.54676102745250E-10
-0.64830411360074E-10
-0.82759248081008E-10
-0.10219763019713E-09
-0.12305521017036E-09
-0.14926827766128E-09
-0.18065206719170E-09
-0.21358925778386E-09
-0.24520850974828E-09
-0.29304545405632E-09
-0.33680419762390E-09
-0.39821862886649E-09
-0.46122247013666E-09
-0.52855670732303E-09
-0.61041227803218E-09
-0.69261960731520E-09
-0.79847308636910E-09
-0.90109735120016E-09
-0.10201118979507E-08
-0.11645722954168E-08
-0.13195393088394E-08
-0.14868460274548E-08
-0.16720531673927E-08
-0.18784822952131E-08
-0.21112630280057E-08
-0.23669971807493E-08
-0.26445198885434E-08
-0.29460120023099E-08
-0.32877409781376E-08
-0.36526777505943E-08
-0.40612693752865E-08
-0.45081863945474E-08
-0.49796663530811E-08
-0.54926630025357E-08
-0.60561956532162E-08
-0.66629492043941E-08
-0.73053437172529E-08
-0.79903441672479E-08
-0.87283652441965E-08
-0.95055048218272E-08
-0.10319425065700E-07
-0.11183359386027E-07
-0.12079823901065E-07
-0.13035853832062E-07
-0.14034837486449E-07
-0.15068423119450E-07
-0.16119001431041E-07
-0.17215310190255E-07
-0.18350838039127E-07
-0.19513539614173E-07
-0.20683733221574E-07
-0.21933238087357E-07
-0.23135189660602E-07
-0.24347111999759E-07
 0.21142736795041E-07
-0.99035364166371E-07
-0.27994685531806E-07
-0.29141706419039E-07
-0.30230263283547E-07
-0.31233086907870E-07
-0.32120879170482E-07
-0.32866312450495E-07
-0.33382421689861E-07
-0.33673311169284E-07
-0.33573980986312E-07
-0.33067430424369E-07
-0.32078033762177E-07
-0.30346678598732E-07
-0.27808460766232E-07
-0.24314957761316E-07
-0.19407484330995E-07
-0.13122298440729E-07
-0.49197381361730E-08
 0.54424563752022E-08
 0.18423895266115E-07
 0.34560320253585E-07
 0.54139534733200E-07
 0.77783640752668E-07
