0.
0.
0.
0.
0.
0.
0.
0.
0.
5.9578338411851955e-12
5.9578338411851955e-12
6.33019845625927e-12
1.0426209222074092e-11
3.748470458412352e-11
2.0045628444821022e-10
9.17258168465804e-10
3.6404847200408703e-9
1.2484392571126861e-8
3.792719786836988e-8
1.037854655134461e-7
2.596220428665601e-7
6.008337653927692e-7
1.2992950785379662e-6
2.6471918072430924e-6
5.116986877677205e-6
9.439746965775233e-6
0.00001670385039886027
0.000028475135315315686
0.000046939136741466504
0.00007506517985778563
0.00011679128658525965
0.00017722852667958916
0.0002628826829111393
0.0003818908757450578
0.0005442705618216735
0.0007621779917393331
0.0010501735449151921
0.0014254912093606578
0.0019083096195545036
0.0025220226227782583
0.0032935071203632205
0.004253386792943143
0.005436290099235616
0.006881101780536331
0.008631206934429194
0.01073472727181846
0.013244749428072312
0.016219545255790987
0.0197227843426017
0.02382373917090466
0.028597483173026374
0.034125082509422616
0.04049378172905489
0.04779718422559903
0.056135427667476256
0.06561535501896304
0.07635068140769777
0.08846215697226327
0.10207772594044634
0.11733268161396894
0.13436981729010097
0.15333957261088363
0.17440017484695294
0.19771777450615402
0.22346657457223829
0.2518289524817055
0.2829955739521915
0.31716549783835757
0.35454627098668723
0.3953540122747046
0.43981348493225053
0.48815815642950383
0.5406302453136238
0.5974807543598751
0.6589694897059557
0.7253650657045286
0.7969448953674773
0.8739951664197572
0.9568108030282577
1.0456954135479994
1.1409612245263405
1.2429290012314302
1.3519279551780634
1.4682956387463855
1.5923778272463218
1.7245283881950086
1.865109137826957
2.014489684003228
2.173047254863138
2.3411665116939098
2.519239344197038
2.7076646457290066
2.906848065366776
3.117201733205722
3.339143954343069
3.5730988666837473
3.819496056867391
4.078770128452488
4.351360216059372
4.637709439543772
4.938264292419834
5.253473960053681
5.583789564432755
5.929663334564021
6.291547704345714
6.669894343170802
7.065153128428538
7.477771073243931
7.908191227177718
8.356851571497137
8.82418393374585
9.310612948709652
9.816555093260527
10.342417821685439
10.888598825205525
11.455485435085677
12.043454182740854
12.652870523920031
13.284088726930525
13.937451918383498