 0.00000000000000E+00
 0.00000000000000E+00
 0.00000000000000E+00
 0.00000000000000E+00
 0.00000000000000E+00
 0.00000000000000E+00
 0.00000000000000E+00
 0.15646420771480E-14
 0.88011116839575E-15
-0.27960777010014E-15
-0.82266038460049E-15
 0.12255100334511E-14
-0.83333517863173E-16
-0.91526613769578E-15
-0.11643489741264E-13
-0.33743816689663E-13
-0.10949431379071E-12
-0.24442974810959E-12
-0.61016361149665E-12
-0.13097184391237E-11
-0.26053360474237E-11
-0.48580878729867E-11
-0.85421784262201E-11
-0.14314329808188E-10
-0.22969880832645E-10
-0.35476889922602E-10
-0.52922547413720E-10
-0.76554117394593E-10
-0.10787440850599E-09
-0.14826318692822E-09
-0.19947298914335E-09
-0.26313894467176E-09
-0.34109081033625E-09
-0.43509686275095E-09
-0.54702981777547E-09
-0.67886445829772E-09
-0.83250305304696E-09
-0.10100203454424E-08
-0.12135385683136E-08
-0.14452215062269E-08
-0.17074861996286E-08
-0.20028194207832E-08
-0.23339746678714E-08
-0.27037675643318E-08
-0.31155616367648E-08
-0.35728070618639E-08
-0.40792639907620E-08
-0.46390907383296E-08
-0.52567604129155E-08
-0.59370764025997E-08
-0.66851516403775E-08
-0.75063499198639E-08
-0.84062728036933E-08
-0.93907958053268E-08
-0.10465728657337E-07
-0.11637073317500E-07
-0.12910640550396E-07
-0.14292058497947E-07
-0.15786749812972E-07
-0.17399590390622E-07
-0.19135083969533E-07
-0.20997033263983E-07
-0.22988480578380E-07
-0.25111621652255E-07
-0.27367849384106E-07
-0.29757353357602E-07
-0.32279352945831E-07
-0.34931778971898E-07
-0.37711352336942E-07
-0.40613403748902E-07
-0.43631478362842E-07
-0.46757694498492E-07
-0.49982131837407E-07
-0.53292423928183E-07
-0.56673882106909E-07
-0.60108379217993E-07
-0.63574184240418E-07
-0.67045050133361E-07
-0.70489101923610E-07
-0.73868030816818E-07
-0.77793875457733E-07
-0.80234835260880E-07
-0.83099346490939E-07
-0.86093127947468E-07
-0.87784709372449E-07
-0.89395592380037E-07
-0.90347578457697E-07
-0.90486727814782E-07
-0.89637476386924E-07
-0.87602922293884E-07
-0.84168077481407E-07
-0.79103292082945E-07
-0.72173437631785E-07
-0.63149242359376E-07
-0.51823889403344E-07
-0.38034312889695E-07
-0.21686931718686E-07
-0.27869962439255E-08
 0.18531291722473E-07
 0.41976470272332E-07
 0.67078969547275E-07
 0.93183065817969E-07
 0.11945618528698E-06
 0.14492062282371E-06
 0.16850875075288E-06
 0.18913928849258E-06
 0.20580727583431E-06
 0.21767787129064E-06
 0.22417016166799E-06
 0.22501785975730E-06
 0.22029796677747E-06
 0.21042161707593E-06
 0.19608837422633E-06
 0.17821258388062E-06
 0.15783259557081E-06
 0.13601613553362E-06
 0.11377524646642E-06
 0.91998683566236E-07
 0.71407618238368E-07
 0.52535670786916E-07
