109.86030880487453
110.40060330073703
110.97051151607758
111.56983203740577
112.19837186257578
112.85593878625808
113.54234810219995
114.25742243876893
115.00099582713595
115.77291205936494
116.57302988055922
117.40121623596959
118.25736355240838
119.14136336715282
120.05313203495884
120.99259702211728
121.9597019278803
122.95440123163517
123.97667037360847
125.02648932293378
126.10385705458665
127.20877374667207
128.34129420429835
129.5014212114526
130.6892113565005
131.90472146143875
133.14801725216518
134.41918352292626
135.71830061914633
137.04546551106517
138.4007735736751
139.78436699153545
141.1963361425585
142.63661085466507
144.10594734208476
145.6038632483031
147.1307120779094
148.68664527210632
150.27181827951387
151.8863927847578
153.53053302509937
155.2044065276069
156.9081864871612
158.6420459905475
160.40616164858292
162.2007218295474
164.02588191532018
165.88184736251614
167.7687923891367
169.68689660386445
171.63635248872444
173.61733341576436
175.63002460098775
177.6746053370189
179.75125293656953
181.86015087405636
184.00147269410226
186.1753870933074
188.38230353625684
190.62167754958963
192.89438452609826
195.2003468471237
197.53972134818363
199.91265660590616
202.3193056532749
204.75980745430465
207.23430081576254
209.74291809950262
212.28578780031293
214.8630341891734
217.4747717482866
220.12111372680548
222.80216753565261
225.51803068611733
228.26879873103522
231.0545549813357
233.87541007111165
236.73140642780368
239.62264185755535
242.54916493959152
245.51105329110783
248.50835548911857
251.5411209188018
254.6093959825381
257.71322693782446
260.85264422012995
264.0276830263155
267.2383684205372
270.4847222416077
273.7667648877233
277.0845111819069
280.43796824861744
283.8271523326233
287.2520601612083
290.712691027237
294.2090518197781
297.7411298463919
301.30892209961877
304.9124164463877
308.55160183081415
312.2264767488041
315.93699711599913
319.6831721638502
323.4649757595355