118.46350046292719
119.01107088731972
119.58874090825903
120.1963292128405
120.83365687071185
121.50068507649672
122.19683952212718
122.92236829321214
123.67698653328912
124.46055693815616
125.27295523284852
126.11406799568555
126.9837979903397
127.88206041418967
128.8087829186357
129.76390955947377
130.74739688408334
131.75920322540463
132.7993458172349
133.86778630208116
134.96454487710562
136.08963978810493
137.24310955604386
138.42499017958858
139.63533959722716
140.87421899074994
142.1417047864772
143.4378793640134
144.76283351362795
146.11666974560958
147.49949504117606
148.91142329945123
150.3525812458668
151.82309456502114
153.3230994873699
154.85273832498538
156.41215662674196
158.00150582901165
159.6209397924644
161.27062305247793
162.95071340993331
164.66137991143265
166.40278998879202
168.1751177772339
169.978532373493
171.8132122326749
173.67935576018124
175.57706874317046
177.50658563014764
179.4681015190816
181.461750602039
183.48772321393827
185.54619237351102
187.6373300820333
189.7613083241603
191.91830131492512
194.1084679484985
196.3319735755479
198.58897737203895
200.87988562859047
203.20410267331576
205.56252550684832
207.9550470911215
210.38180891802062
212.84294462373757
215.3385786481653
217.86884992757146
220.4338635284238
223.0337388692053
225.66858192080997
228.33849765315517
231.0435807191468
233.78392251041308
236.55960176002787
239.37071759614602
242.21732365163132
245.09949432681657
248.01729070540034
250.97077286774623
253.9599901657025
256.98498680683554
260.0458007307589
263.1424733055797
266.2750305492722
269.4434979843627
272.64778793021986
275.88824349017256
279.1645486667476
282.4768205183824
285.8250641000305
289.20927625375464
292.62945982615895
296.08560477014333
299.57770009959205
303.10573279816555
306.6696908712998
310.2695555756371
313.90530762609785
317.5769225788937
321.2843800521217
325.0276516033477
328.8067150565699
332.6215387443724
336.4720949992583