125.41105394004143
125.96424153589469
126.54790814968149
127.16188554914505
127.80600843599268
128.48011660418481
129.18405829748826
129.9176883053187
130.68087345077842
131.47349092857468
132.29543142888352
133.1465962070268
134.02689996562762
134.93627409305108
135.8746554382767
136.84200619099283
137.83828730913703
138.8634840708261
139.9175877558232
141.00060399124652
142.11255018625647
143.2534546240037
144.4233568459644
145.6223072441712
146.85036434030192
148.10760049138668
149.39409221814213
150.70992800209982
152.05519920976832
153.43002220183934
154.83448308314513
156.2687434323746
157.73288718997856
159.2270589618698
160.75139586903427
162.3060390232024
163.89113473665734
165.5068196857563
167.15329513172114
168.83067229613846
170.5391288033266
172.27882950011107
174.0499406398315
175.85263192375984
177.68707102693926
179.55343576023733
181.45189217082813
183.38261509018395
185.34577573444483
187.34154770213866
189.3701005909403
191.43160570354547
193.5262303310892
195.65413933672735
197.81549676305275
200.01042292458416
202.23921287095195
204.50187740144207
206.7986114444605
209.1295755392917
211.49490657053386
213.89473824016667
216.32921269399822
218.79844967400814
221.30257491840067
223.84171952265936
226.4159817264961
229.02547486687763
231.67030008217526
234.35055486470117
237.0663268396945
239.8177020490695
242.6047591683402
245.42756809853384
248.28619876004313
251.1807088143733
254.11048865676108
257.07758758559817
260.080044791812
263.1185698414689
266.1931916455499
269.30393320348384
272.4508396913975
275.633902203056
278.8531276842541
282.10856947329273
285.4001868202787
288.7280562138521
292.09198697045053
295.4921575107539
298.92848582790657
302.40097785601057
305.909588646404
309.4543320497113
313.03515840324144
316.65204811800044
320.3049747273002
323.99388878509865
327.71880785669
331.4796596343786
335.27641621842605
339.10904594901143
342.9775089375468
346.88177052323357