157.59113905075333
158.1679873210706
158.77694136227737
159.41792070829504
160.090812854725
160.7955299964017
161.53199640923154
162.30014164526324
163.09990781003785
163.93124354519315
164.79411016971983
165.6884785568496
166.6143293693687
167.5717274123731
168.56045961746912
169.5807503151889
170.63254989871825
171.71588968537404
172.83080687523818
173.97735282994879
175.1559128755721
176.36555870126475
177.60735675867633
178.88105701228676
180.1867454365287
181.5245088009655
182.8944721117887
184.29671814337067
185.73136613324294
187.1985368759927
188.69835076853622
190.23093763108497
191.79643025286603
193.39496225019545
195.02667431186615
196.69171110623188
198.39021627241783
200.12233897878644
201.8882304699045
203.6880408203564
205.5219222746415
207.3900306578859
209.29252039860538
211.22954394794453
213.2012552802721
215.20780679739798
217.2493497521738
219.32603713762646
221.43801066795172
223.58541768544043
225.76840672064753
227.98710881665892
230.24166116492796
232.53219655909857
234.85884035930403
237.22171643437025
239.6209264670215
242.0566269505989
244.52881196600876
247.03780440747786
249.58349215792117
252.1660327002291
254.78550956921157
257.44198309968755
260.1355699925621
262.8662877837402
265.63420202403034
268.43937521484963
271.2818410536522
274.161637724431
277.07879506130547
280.03333631800473
283.0252822670895
286.0546396647869
289.12141437266996
292.2256024066793
295.36720321021437
298.5461990156002
301.7625706842162
305.01629776968974
308.3073497162987
311.6356993732749
315.0013010669393
318.40411949104856
321.8441059234983
325.3212132538599
328.83538659830157
332.3865766819699
335.9747165138781
339.5997299469076
343.26160951046256
346.96023916049023
350.6955609671654
354.4675106226024
358.27600424009745
362.121008539222
366.0024068570114
369.9201441379178
373.8741486024409
377.86433413642993
381.8906445328791
385.9529887888772
390.0512980573286
394.18549395712523