0.
0.
0.
0.
0.
0.
0.
0.
0.
0.
0.
0.
0.
0.
0.
3.971889227456797e-12
0.
1.241215383580249e-13
4.716618457604946e-12
3.475403074024697e-12
1.439809844953089e-11
5.386874764738281e-11
1.705429937039262e-10
4.98720341122544e-10
1.360372060403953e-9
3.4416420155913147e-9
8.158632837811335e-9
1.826299491092307e-8
3.879567627226098e-8
7.860306720367821e-8
1.5259402628504897e-7
2.8494941513313014e-7
5.136190217362729e-7
8.963418274294014e-7
1.5186359585611965e-6
2.5039095028872008e-6
4.026271341786828e-6
6.3262593351179395e-6
9.729747134547228e-6
0.00001467052809745446
0.000021716612172535164
0.00003160066707944755
0.000045254628730932874
0.00006384863915237065
0.00008883443961983172
0.0001219931724710522
0.00016548755894536384
0.00022191840191450687
0.00029438525053274557
0.00038655102064041137
0.0005027104582185165
0.0006478621010848044
0.0008277834910846478
0.0010491094389270595
0.0013194128567229687
0.001647288122975243
0.002042436355316757
0.0025157525713852993
0.003079414240604443
0.003746971045280558
0.004533435570128937
0.005455374575419389
0.006531000789073991
0.007780264814073742
0.009224947140127311
0.010888749926211435
0.012797388597301352
0.014978682890498116
0.017462647568013686
0.02028158242589041
0.02347016175298621
0.027065523080605208
0.031107355291040542
0.03563798607634099
0.04070246869926629
0.04634866812122258
0.05262734663656654
0.0595922488225033
0.06730018613685161
0.07581112097997629
0.08518825041749654
0.095498089579037
0.1068105547779536
0.11919904637251434
0.13274053151090212
0.14751562661258358
0.1636086798759917
0.18110785350581773
0.2001052060110525
0.22069677423852468
0.24298265543585598
0.2670670890567397
0.29305853854052655
0.3210697727775344
0.3512179474447754
0.3836246859879365
0.41841616037336266
0.45572317142336477
0.4956812287934358
0.5384306305128084
0.5841165420970408
0.632889075111117
0.6849033654068519
0.7403196507152369
0.7993033479864456
0.8620251301560281
0.9286610027705957
0.9993923801413515
1.0744061615842546
1.1538948074464492
1.2380564153713778
1.3270947967978641
1.4212195539649928
1.5206461575923307
1.62559602544427
1.7362966020761301
1.8529814398801847
1.975890281889995
2.1052691463714726
2.2413704136025765