0.
0.
0.
0.
0.
0.
0.
0.
0.
0.
0.
0.
0.
0.
0.
3.971889227456797e-12
1.9859446137283985e-12
1.241215383580249e-13
4.716618457604946e-12
3.7236461507407475e-12
1.5018706141321012e-11
5.597881379946923e-11
1.8121744600271637e-10
5.194486380283342e-10
1.4096483111320888e-9
3.5615434216451667e-9
8.434430896042867e-9
1.885368931196891e-8
4.00062336358668e-8
8.098061527092618e-8
1.5704564525825952e-7
2.9299522149257403e-7
5.276740482537822e-7
9.201528068618516e-7
1.557792083780849e-6
2.566655174714873e-6
4.124415607503441e-6
6.476355167200457e-6
9.954608319988932e-6
0.000015000992632460402
0.000022193738841386488
0.000032278249163896314
0.0000462021734236088
0.00006515482483811057
0.0000906109962873332
0.00012437931595483145
0.00016865493890676079
0.00022607658441415598
0.00029978774102822466
0.0003935018612942484
0.0005115713990200682
0.0006590602744090947
0.0008418196801727667
0.0010665668371431251
0.0013409664564796536
0.0016737144618810874
0.0020746238810693506
0.0025547124162655405
0.0031262914675085213
0.003803056298015788
0.004600177140882081
0.005534390871399851
0.006624093107599026
0.007889430513725502
0.009352393047492571
0.011036906112379367
0.01296892234588086
0.015176512996667285
0.017689958804264473
0.020541840269173297
0.023767127277681228
0.027403268111775805
0.03149027768280201
0.0360708251644955
0.041190320946574537
0.046897002939176306
0.05324202229975567
0.06027952861819344
0.06806675457687053
0.07666410022013162
0.08613521681129298
0.0965470903454612
0.10797012483260308
0.1204782252794965
0.13414888055612423
0.14906324605652252
0.16530622624245891
0.18296655707614526
0.2021368883182792
0.22291386574329616
0.24539821325098032
0.26969481473901696
0.295912795952583
0.3241656059548696
0.3545710985062519
0.38725161306327427
0.42233405547899916
0.4599499783586703
0.5002356608903421
0.5433321884080267
0.5893855313190911
0.6385466236241626
0.690971440953209
0.7468210780650412
0.8062618259626595
0.8694652485234092
0.9366082588669912
1.0078731953957913
1.0834478977278459
1.1635257825529743
1.2483059196693858
1.3379931082420902
1.432797953630283
1.532936944774394
1.6386325326519446
1.7501132097045369
1.8676135907825948
1.9913744957110133
2.1216430336867145
2.2586726899173435