0.
0.
0.
0.
0.
0.
0.
0.
0.
0.
0.
0.
0.
1.9859446137283985e-12
3.971889227456797e-12
3.971889227456797e-12
1.9859446137283985e-12
4.2201323041728465e-12
5.461347687753096e-12
6.57844153297532e-12
3.0285655359358076e-11
9.433236915209892e-11
2.985122997510499e-10
8.518461177511249e-10
2.2598808488845595e-9
5.605949279940195e-9
1.30526209737299e-8
2.873252254988411e-8
6.007892057604987e-8
1.199592466907269e-7
2.297211642761119e-7
4.235230448098717e-7
7.542729352324979e-7
1.301541181896093e-6
2.181761359194324e-6
3.5612465229254143e-6
5.672211687314165e-6
8.832403894546354e-6
0.000013468443021813886
0.000020143326990093392
0.00002958828023379505
0.00004273915941681377
0.00006077761064519026
0.00008517691102662968
0.00011775266052737481
0.00016071821452711516
0.00021674471073263848
0.0002890256518484261
0.00038134573667926317
0.0004981537066887366
0.0006446390136392908
0.0008268119276330842
0.001051586798584649
0.0013268680740605528
0.0016616388467160133
0.002066051473319987
0.002551519985847029
0.003130813892109774
0.0038181532249299743
0.00462930431394513
0.00558167615506033
0.006694417076178205
0.007988511481001322
0.009486876480876962
0.011214458183694077
0.01319832756039466
0.015467775738291844
0.018054408635674996
0.020992240812835555
0.02431778861982021
0.02807016243499383
0.032291158156142474
0.03702534784519165
0.04232016964954423
0.04822601684277604
0.05479632632267213
0.06208766631600227
0.07015982360518022
0.07907589015094772
0.08890234926710373
0.09970916134876853
0.11156984930238384
0.12456158354389398
0.13876526684487825
0.15426561878273554
0.1711512600966607
0.18951479670030086
0.20945290348228773
0.23106640792977298
0.25446037339933403
0.279744182109103
0.3070316178011047
0.3364409479810849
0.36809500573707027
0.40212127103165235
0.43865195146017766
0.47782406236797315
0.5197795063439854
0.564665152002211
0.6126329119919584
0.6638398203332626
0.7184481089486119
0.7766252834427465
0.8385441982342946
0.9043831309334941
0.9743258562532174
1.048561719304726
1.1272857086021115
1.2106985288269336
1.299006673434107
1.3924224974748773
1.4911642906617089
1.5954563509568416
1.7055290588980065
1.8216189529675055
1.9439688061240636
2.072827703835556
2.2084511238469573
2.3511010177970793
2.5010458950395833