1.9859446137283985e-12
3.971889227456797e-12
3.971889227456797e-12
6.454319994617295e-12
1.3516835527188912e-10
5.797592935164985e-9
9.013296514483187e-8
7.38710328510092e-7
3.929882651108752e-6
0.000015395011615237954
0.00004815461552406822
0.0001269968718829685
0.0002933263535532133
0.0006098256962462471
0.0011645473942461786
0.0020742711014676922
0.0034871452433795354
0.005584751246686069
0.008583785808185248
0.012737565942645893
0.018337540876732533
0.02571495770382311
0.035242783555100424
0.047337941569876106
0.06246387368028341
0.08113340086403523
0.10391181271371022
0.13142008186647275
0.1643380662058354
0.20340753230147185
0.24943480633149692
0.3032928312378412
0.3659223752334989
0.4383320885734857
0.5215970273816029
0.6168551369799307
0.7253009906078637
0.8481757987919822
0.9867523568058693
1.1423132766760893
1.3161207959622199
1.5093771127698146
1.7231761375630044
1.9584510699628468
2.2159265216766233
2.4960866220915525
2.799168701918246
3.125185087768333
3.4739666897544748
3.8452165728469008
4.23856193706791
4.653597119780388
5.0899150528342645
5.547127939714176
6.024879407695672
6.522850606604902
7.040762341310686
7.57837478320213
8.135485815266849
8.711928690150138
9.307569418284936
9.922304129906847
10.556056544916522
11.208775616917197
11.880433377587117
12.57102298454737
13.280556963511959
14.009065629282084
14.756595667968266
15.523208862407852
16.308980943769583
17.114000553643088
17.938368302632117
18.78219591301817
19.645605434740826
20.528728525212067
21.43170578487332
22.354686141423677
23.297826276686447
24.261290090871924
25.245248199724173
26.249877460706184
27.27536052483694
28.32188541132755
29.389645102537518
30.47883715709166
31.589663339324044
32.72232926350011
33.877044051424804
35.05402000229803
36.25347227387038
37.47561857401139
38.72067886208271
39.9888750594634
41.28043076885937
42.595571001950795
43.93452191516167
45.29751055332083
46.684764601086925
48.096512142065926
49.532981425608774
50.994400641302626
52.480997701242565
53.993000030165554
55.53063436361377
57.09412655424844
58.68370138652517
60.29958239991426
61.94199172087696
63.611149903801795
65.30727578114758
67.03058632298273
68.78129650615415
70.55961919328927
72.36576502184336
74.1999423033602
76.0623569331427
77.95321231047505
79.87270926954724
81.82104602119348