1.9859446137283985e-12
3.971889227456797e-12
3.971889227456797e-12
1.0426209222074092e-11
7.366613301548778e-10
2.3694056943316805e-8
3.0137727309942983e-7
2.1241950309192555e-6
0.000010049443133128304
0.00003584223566978098
0.00010383604603329931
0.00025692092025090044
0.0005623217643039286
0.0011165898785119182
0.0020495773563734354
0.003527450067884087
0.0057549685694288
0.008977336338031171
0.013481912721566276
0.01960004414303846
0.02770920537138467
0.038235575990690954
0.051657112377484674
0.06850711505751254
0.08937823443099592
0.11492680613167562
0.14587735762231757
0.18302708152328773
0.22725002547819156
0.27950069880504863
0.34081673403121254
0.41232014863560196
0.49521660026560194
0.590791776176433
0.7004036505511858
0.8254687438415159
0.9674397617073838
1.1277713308196768
1.3078706747794957
1.5090322502185274
1.732360953312163
1.9786971781131055
2.2485643384306564
2.5421579010652438
2.859381263869911
3.1999156614849205
3.563301393116862
3.9490106508968377
4.356502102982566
4.785256286713264
5.234795500770374
5.704692954698955
6.194575239422663
6.704121022226911
7.233057835744976
7.78115807975923
8.348234864099235
8.93413802020973
9.538750433332845
10.161984748836108
10.803780453931111
11.464101310170715
12.14293310139035
12.840281658733375
13.55617112590289
14.2906424308278
15.043751933906515
15.815570226971698
16.606181060734457
17.41568038188309
18.24417546382531
19.09178411758943
19.958633971466007
20.84486180980274
21.750612962769484
22.676040740263865
23.621305904100833
24.586576173540372
25.572025759948286
26.57783492698791
27.60418957331009
28.651280835080897
29.71930470615358
30.808461673941395
31.91895636936174
33.05099722945668
34.20479617150712
35.38056827760635
36.57853148888131
37.79890630859322
39.041915513598084
40.3077838736229
41.59673787801875
42.9090054696692
44.244815785842
45.60439890585438
46.987985605435135
48.395807117771675
49.82809490126448
51.285080414040095
52.766994895332644
54.2740691538788
55.806533363469406
57.36461686587488
58.94854798133829
60.55855382687336
62.19486014259261
63.857691126335396
65.54726927682631
67.26381524563445
69.00754769817698
70.77868318400773
72.5774360166422
74.40401816313101
76.25863914360887
78.14150594099033
80.05282292102757
81.99279176284959
83.96161140015307
85.95947797312998