0.021265758958987854
0.031117172365869344
0.04420390420666114
0.06123039231025473
0.08299880394478898
0.1104209804081334
0.1445318886410223
0.1865042582274423
0.23766390458915312
0.29950492966356157
0.37370337008652227
0.46212653460531533
0.5668324570726685
0.6900482882912401
0.8341068453472167
1.0013093851775683
1.1936858647025788
1.4126768389062807
1.65887109478512
1.9319808188164864
2.23108435230087
2.554966517118747
2.9023824855466236
3.2721971189327785
3.663433386070807
4.075273851016324
4.507043658017575
4.958188975912726
5.428256594096259
5.916876481488415
6.423747519329234
6.948626051900787
7.4913167621065
8.05166540243514
8.62955298434107
9.224891107557095
9.837618179468208
10.467696330896038
11.115108878641028
11.77985821916166
12.461964063851402
13.161461946354214
13.878401947578412
14.612847595879188
15.364874908868376
16.13457155036136
16.922036081354975
17.727377288247716
18.5507135748247
19.392172407113648
20.25188980239586
21.130009855197496
22.026684294473576
22.9420720672249
23.876338944632714
24.82965714747557
25.802204988143796
26.79416652706068
27.805731241553843
28.837093705717784
29.88845327988076
30.96001380858865
32.05198332617975
33.16457376915246
34.29800069465541
35.45248300458461
36.628242674776615
37.82550448896219
39.0444957771744
40.28544615834322
41.548587286965144
42.8341526036594
44.142377089599634
45.47349702477464
46.82774975009744
48.205373433444535
49.60660683971616
51.03168910504591
52.48085951535405
53.95435728940933
55.45242136664871
56.97529019999418
58.52320155393816
60.096392308173066
61.69509826709316
63.3195539754573
64.96999254054751
66.64664546116482
68.34974246376608
70.07951134610298
71.83617782868231
73.61996541437068
75.43109525645106
77.26978603545271
79.13625384502319
81.03071208712991
82.95337137683738
84.90443945688715
86.88412112230402
88.89261815519801
90.93012926993374
92.99685006879307
95.09297300823599
97.21868737584865