13.96398945112438
14.343238056986552
14.759437679207641
15.186005641867697
15.631432027310034
16.095461919198723
16.577858938305475
17.078407769757725
17.596906220842854
18.133181822701715
18.687063370378464
19.258406062255087
19.847079568456426
20.452968249723995
21.075974203137477
21.716010230188928
22.373005588920062
23.046902374924706
23.737658028663816
24.445239254618013
25.169629346911357
25.910820890519176
26.668816775801645
27.443643548474167
28.23531668978949
29.04389346990092
29.869410071338347
30.711933066141242
31.571533476910165
32.4482939167925
33.342305436591964
34.25366722424873
35.18249162185537
36.12918925090902
37.09300773123356
38.07496197788111
39.0748994990387
40.09297753252525
41.12935058650339
42.18418135132348
43.25764211959258
44.349917406848434
45.461185298462084
46.591630049011066
47.74146706772079
48.91088404630447
50.10008555424392
51.30928444602058
52.53870187714467
53.78855005626944
55.059054702256695
56.35044350944839
57.66294695098699
58.996797242373894
60.35223224060235
61.72948807598943
63.12881109532767
64.55043445781837
65.99462265392538
67.4616038608897
68.95163126234797
70.4649570631913
72.0018276981798
73.56248485907103
75.14721241649058
76.75622714472648
78.38979165264007
80.04815533430883
81.73156877187876
83.44028141546184
85.17454065338649
86.93459431903064
88.72068610864473
90.53306024015572
92.37195838720838
94.23762013800919
96.13028280418878
98.05018123635554
99.99754764676011
101.97261143951232
103.97559904878938
106.00673378544386
108.06623569243634
110.15432140945857
112.27120404712835
114.41709307109444
116.59219419636878
118.79670929214404
121.03083629738212
123.29476914734676
125.58869771127205
127.91280774130124
130.26728083278098
132.6522943959585
135.06802163911613
137.51463156306122
139.99228896699876
142.5011544655608
145.04138451693623
147.61313146188658
150.21654357343525
152.85176511700607
155.5189364207197
158.2181939555622