0.
0.
0.
0.
0.
0.
3.971889227456797e-12
3.971889227456797e-12
1.9859446137283985e-12
4.964861534320996e-12
1.5515192294753115e-11
1.271004552786175e-10
8.427852454509891e-10
4.329359257927909e-9
1.8198575832515252e-8
6.461866584149463e-8
1.995567756597296e-7
5.483062750888832e-7
1.3647210308649414e-6
3.121787017319602e-6
6.640580995209651e-6
0.000013262858531886875
0.000025070594220511892
0.00004515318022574363
0.00007792030490682609
0.00012945685502167387
0.00020791381839018624
0.0003239283455617168
0.000491065506313868
0.0007262738338200099
0.001050347422682267
0.0014883876853820318
0.0020702590981449827
0.0028310339219587014
0.0038114223946677382
0.005058185586516929
0.006624529545365781
0.008570479896980687
0.010963237120596608
0.013877513367109502
0.017395851885979408
0.021608930918943618
0.02661585367821593
0.03252442634286146
0.039451425768226564
0.04752285849618665
0.056874212346649654
0.06765070140939314
0.08000750491708199
0.09410999999350876
0.1101339876648893
0.1282659112755408
0.14870306563006738
0.17165379511342901
0.19733767846471773
0.22598569759560672
0.25784038782619156
0.293155966541433
0.3321984374765842
0.3752456679281104
0.4225874360894241
0.4745254464656624
0.5313733110334032
0.5934564947484551
0.6611122238829699
0.734689356392908
0.8145482135995512
0.9010603728463344
0.9946084209578477
1.095585668406055
1.2043958238664758
1.3214526289482325
1.447179452095932
1.5820088405872479
1.7263820283567617
1.8807483968904464
2.0455648853139756
2.221295344736683
2.4084098309490765
2.6073838285570927
2.8186973990854685
3.0428342452546278
3.280280683921374
3.5315245216441262
3.7970538287740765
4.077355611826767
4.372914388589666
4.684210676951747
5.011719415667427
5.355908343955834
5.717236374897612
6.096152005546369
6.493091812299212
6.908479083261964
7.342722638431744
7.796215883617402
8.269336134851692
8.76244423727386
9.275884487438747
9.809984852235148
10.365057462493233
10.941399347008772
11.539293363472561
12.159009277759441
12.800804941780019
13.464927522452077
14.151614739126897
14.861096073537317
15.593593923706141
16.34932468074443
17.128499714544198
17.931326260422015
18.758008203880024
19.60874676471683
20.483741084532223
21.383188723917343
22.307286076737753
23.256228709728976
24.230211635729816
25.22942952888691