0.
0.
0.
0.
0.
0.
3.971889227456797e-12
3.971889227456797e-12
2.1100661520864233e-12
7.074927686407419e-12
4.1828958426654395e-11
3.398447720242722e-10
2.09393035209988e-9
1.0139364346928697e-8
4.0288486014092947e-8
1.3613973043107902e-7
4.0240748870440447e-7
1.0634223266992921e-6
2.556132274814418e-6
5.666534368149669e-6
0.000011716345620539696
0.000022804295543364992
0.00004210302312760275
0.00007420956503776535
0.00012554437073483986
0.00020479180907119146
0.00032337340014966265
0.0004959445581603467
0.0007409051814644232
0.0010809154051410173
0.0015434083214931201
0.0021610930579235577
0.0029724426444611646
0.004022162950766414
0.0053616398264019335
0.007049363339934479
0.009151328752075133
0.0117414150604299
0.01490174238661699
0.018723010255742117
0.023304818876560277
0.0287559758939562
0.03519479077010692
0.04274935897265952
0.05155783769273097
0.061768714244577964
0.07354106810230016
0.08704482658288605
0.10246101369202386
0.11998199120809618
0.13981169009450017
0.16216583013395094
0.18727212507209182
0.2153704700535534
0.2467131080263629
0.281564771685846
0.32020279710863986
0.36291720592673693
0.4100107524762928
0.4617989331092236
0.5186099549401476
0.5807846619305198
0.6486764164322484
0.7226509349588883
0.8030860771825011
0.8903715874218794
0.9849087882887446
1.0871102258430116
1.1973992658704802
1.3162096401990009
1.443984941755053
1.5811780661127672
1.728250596528055
1.8856721282318758
2.053919526791261
2.2334761139309802
2.4248307733778667
2.628476968387454
2.844911662435334
3.074634134979146
3.318144685823966
3.5759432245052243
3.848527745459459
4.136392696013135
4.440027252160953
4.759913526243021
5.096524741072211
5.450323414914218
5.821759610798313
6.211269309825521
6.619272970308087
7.0461743320064025
7.492359516445459
7.9581964611112825
8.44403470803993
8.950205547858666
9.477022501003942
10.024782100417902
10.593764926670998
11.18423683790417
11.796450333621312
12.430645992799402
13.087053932023903
13.765895237204509
14.467383331664221
15.191725253047863
15.939122820362307
16.709773680727174
17.50387223172893
18.32161042074336
19.163178426300146
20.02876522916393
20.91855908253813
21.832747891509555
22.77151951215662
23.735061980473645
24.72356368078157
25.73721346265168
26.776200714553006
27.84071540161082