0.
0.
0.
0.
0.
0.
5.9578338411851955e-12
3.971889227456797e-12
4.468375380888897e-12
1.3777490757740765e-11
1.1444005836609896e-10
8.791528561898904e-10
5.028411761960305e-9
2.2884412148607408e-8
8.610522122511396e-8
2.774842493301251e-7
7.865660082317203e-7
2.002648393874468e-6
4.656039327229314e-6
0.000010016825234063198
0.000020156958886286638
0.00003827735081003325
0.00006909768998152388
0.00011930310784324487
0.00019803873114029868
0.0003174413813542682
0.0004931970559182995
0.0007451124550254653
0.0010976898562432603
0.001580695826245476
0.002229715975821813
0.0030866897172940875
0.004200420772183366
0.005627060932547402
0.007430566267833056
0.009683125885974137
0.01246556495888125
0.01586772393037377
0.019988816875044644
0.024937771640675864
0.030833555088870288
0.0378054858576211
0.04599353726292149
0.05554863218758439
0.06663293099219746
0.07942011318350949
0.09409565235344348
0.11085708345881783
0.12991426046302998
0.15148960183840557
0.17581832078000098
0.20314863624101476
0.23374196085006613
0.2678730612801943
0.30583018657935823
0.34791516016299073
0.39444343133833837
0.44574408236101937
0.5021597878138916
0.5640467232559588
0.6317744208712558
0.7057255701140184
0.7862957619515369
0.8738931755316208
0.9689382064450457
1.0718630354815277
1.1831111368286626
1.3031367240597824
1.432404131549942
1.5713871281085123
1.720568158325995
1.8804375059182723
2.051492372008874
2.2342358599783885
2.4291758575939855
2.6368238068404812
2.8576933523198194
3.092298860901644
3.3411538087737145
3.6047690374577073
3.8836508877729594
4.178299230762828
4.489205425782061
4.81685024881709
5.161701846507057
5.52421378182078
5.904823244646549
6.303949502120077
6.721992658658277
7.159332783915959
7.616329448381498
8.093321683849336
8.590628360795384
9.108548951156873
9.647364624533324
10.207339611672436
10.78872276094475
11.391749212853792
12.016642121841985
12.663614363619022
13.33287017760125
14.024606706164203
14.739015404478218
15.47628330534775
16.23659413247991
17.020129262724907
17.82706854303072
18.657590971515617
19.511875254177454
20.3901002499595
21.292445317140878
22.21909057368014
23.170217083638118
24.146006980664065
25.1466435387143
26.172311199007925
27.22319556121654
28.299483345897873
29.401362334311123
30.529021290902662