34.255097290421105
34.295326065870604
34.36234776647489
34.45612224746902
34.57659496974539
34.72369040224873
34.897316583977684
35.097359932279666
35.32368323580914
35.5761243521375
35.85449355216238
36.158575413317436
36.48813078709475
36.842898241431506
37.22259973184029
37.62694359026172
38.05562971079998
38.5083521144787
38.98480401350214
39.48468130037629
40.00768322133482
40.55351767683342
41.121901689276164
41.71256406577056
42.32524521653964
42.959701429569535
43.615703787645565
44.29303871516101
44.991508899571684
45.71093482237941
46.451153931633165
47.21201842395023
47.99333170404159
48.79520188138498
49.61731113598419
50.459662428119636
51.32219085346102
52.20485167270218
53.1076197715744
54.03048333734037
54.97343996330841
55.93650864241297
56.919718916102596
57.92311408992848
58.9467507832247
59.990697754015684
61.055035534734806
62.13985560808193
63.24526026549222
64.37136352754884
65.51828617828326
66.68616256661053
67.87512495591702
69.08534143176274
70.31695397251718
71.57012949406268
72.84503997459467
74.14186516427671
75.46078788225924
76.80200061742595
78.16610927377411
79.5520824168589
80.96135829583443
82.39373513008786
83.84942958559839
85.32865697994677
86.831638415164
88.35860002304436
89.90976549288662
91.48536681344571
93.0856290588763
94.71079640266025
96.36108998700719
98.036756005954
99.73802136560265
101.4651267905074
103.21830497500548
104.99779950057376
106.80384057772321
108.63666468026496
110.49650642067063
112.38359730946394
114.29817344223211
116.24045837253946
118.21069011977985
120.20908464911894
122.23588666863789
124.29126585965335
126.3754890273237
128.4887593810933
130.63128313570084
132.80327099087572
135.00492752730742
137.23645317170795
139.4980429269303
141.78988790010146
144.11220150786852
146.46513472469138
148.84888282214246
151.26362074024328
153.70952003836126
156.18674676848383
158.69546359864177
161.23582816262524
163.80799343255285
166.41210772895232
169.04831472963207
171.71675349114565
174.4175584825588
177.15085963119876
179.91678238001649
182.7154477561246
185.54697245013068
188.4114689057297
191.30904541908
194.23980624754907
197.20385172715015
200.20127839825614
203.2321791390059
206.29664330588508