37.66329183331235
37.71757970162185
37.7854112883861
37.88032223967496
38.0022588580686
38.15115020165291
38.326907863369506
38.52940782194094
38.758566365894524
39.014181734486655
39.29608942420784
39.60408406745193
39.93793600684305
40.297394138748395
40.6821893616627
41.09203927157243
41.52665046318486
41.985724060245694
42.46895726609386
42.97605059689207
43.50670573521427
44.060632211614575
44.637547678097974
45.23718184877749
45.859275133728296
46.5031145486975
47.169872713994586
47.857932395460466
48.567562173803175
49.298581321802295
50.050826517662344
50.82414952644228
51.61842170383322
52.433531825068044
53.26938368393708
54.125900834886224
55.00302164194741
55.900702555669774
56.81891323298577
57.75764164977355
58.716887712147454
59.6966690291821
60.69701525136607
61.717969364289175
62.75958656055682
63.82193962922471
64.90510485198915
66.0091742464586
67.13425298656217
68.28045310345908
69.44789546407759
70.6367131274689
71.84704512054574
73.0790396122191
74.33286244760248
75.60867621727749
76.90664192890958
78.2269431646671
79.56976460442755
80.93529851375489
82.32373698787538
83.73541982959073
85.17013672466021
86.62851238735362
88.11062191977535
89.61667901721434
91.14690931793506
92.70153130000078
94.2807688888638
95.88485572702292
97.5140150768584
99.16848155851953
100.84848477006435
102.55425876164702
104.28607166638088
106.04405027837909
107.82853324638846
109.63973132200582
111.477863802509
113.34316698672737
115.23587039180485
117.15620766225946
119.10440019427966
121.08068465520368
123.08528080606469
125.11840587058423
127.18028259988782
129.27111995813573
131.39115283073815
133.5405683917526
135.7195828551106
137.92840133559784
140.1672198291588
142.43623352206185
144.73563636313182
147.0656132221984
149.42635089396998
151.81802518449726
154.2408110765138
156.69487853122783
159.18039240193923
161.69751590788258
164.24639941766145
166.82720082355834
169.4400621132731
172.08512637076035
174.76253074125964
177.47240772546886
180.21488522329304
182.99008658946772
185.7981307006223
188.63913203333192
191.51320075266614
194.4204428107563
197.36096005478447
200.33485034387147
203.3422076744269
206.3831223131857
209.45768093754285
212.56596678255738