47.44172320889629
47.4976710397925
47.56758017180728
47.665404931393034
47.79109646360465
47.944591169666346
48.12580938808025
48.334654891832436
48.571011135237335
48.83474186665878
49.12568661281351
49.44366357445207
49.78846268210032
50.1598688126629
50.55762703707672
50.98147841149477
51.43115042286455
51.906361225600016
52.40682436780167
52.932251857729455
53.48235660276883
54.05685570714096
54.65547471220051
55.277946719931165
55.924015503195996
56.59344040923794
57.2862824962944
58.00145721233705
58.7396392597953
59.500357485013055
60.28345000581454
61.088769508757736
61.91616666657883
62.76559613816729
63.636899138613494
64.5300198857324
65.44490274552766
66.38149225618854
67.33978674545422
68.31974872761475
69.3213940997983
70.34473800803833
71.38980998034828
72.45665772030843
73.54533780303815
74.65592103176351
75.78848851994927
76.94313374960669
78.11995915420108
79.31907992200988
80.54061941028509
81.78470823469581
83.05148962052934
84.34096198758701
85.6537294854025
86.98950939391219
88.34862258842804
89.73124339473443
91.13755726720991
92.56775098880141
94.02202010192056
95.50056129255375
97.00357660150893
98.53127405490444
100.0838632700702
101.66155672768768
103.26457080112279
104.89312332149649
106.54743864480768
108.22773602485444
109.93423801106847
111.66707529241216
113.42676174423237
115.21323917358663
117.02682285912203
118.86774398926168
120.73622775349
122.63249966890352
124.55677905336317
126.50929587212818
128.490269046509
130.4999102388833
132.53845473329838
134.60610139482293
136.70305518990006
138.82955954602963
140.9857901970391
143.1719581939109
145.38826241368105
147.63490334931208
149.91207054627776
152.21995246679123
154.55873092259566
156.92858933424915
159.32970249604938
161.76223976191562
164.22636876525598
166.7222507408422
169.25004319479436
171.80989703702636
174.40196363960436
177.02638264157733
179.68328225545585
182.37282077456302
185.09510552953992
187.85026217485742
190.6384141694839
193.45967308272182
196.3141489482484
199.20194666663457
202.12316672336547
205.07790529259043
208.06625435044225
211.08830179729227
214.14413158837144
217.23382387195386
220.35745513475158
223.51509835361344
226.7068231530863
229.93269596818294