53.73397885642537
53.776651097732
53.84775900498283
53.94724272618695
54.07508339571866
54.2312113689181
54.41555294661969
54.62801570876427
54.868491793997414
55.13685294370909
55.432949681401176
55.7566112643879
56.107644271965604
56.48583600133383
56.89095370031386
57.32274898213644
57.780960953933764
58.26531872154547
58.77554542872694
59.311362157201955
59.87249054145639
60.45865438984821
61.06958297239374
61.705017362175646
62.364709028126946
63.048415291653306
63.75591952393095
64.48704762006328
65.24148451467433
66.01917857862622
66.81992794261063
67.64359113189347
68.49004280327897
69.3591758780531
70.25090093583766
71.16514421530229
72.1018487865359
73.06097528252428
74.0424988055563
75.04641145774956
76.07271810585358
77.12143925742814
78.19260910000534
79.28627425425177
80.4024945046682
81.54134085592898
82.70290017636842
83.88726295431685
85.09453476946058
86.32483200776493
87.57827576643093
88.8550004969005
90.15515262287884
91.47887156660465
92.82632383032262
94.1976659971344
95.5930709498345
97.01271515467074
98.4567827338979
99.9254575137821
101.41893170137942
102.93740415959381
104.48107874539811
106.05015348312695
107.64483758302424
109.2656433025419
110.91188610280913
112.58467714374638
114.28393604009202
116.00987865791335
117.76273012520222
119.54270987493068
121.35003093942407
123.18493348641061
125.04762271945567
126.9383189911907
128.8572574675882
130.80464667953987
132.78070220824765
134.78564625459455
136.8196914761684
138.8830475928884
140.97592905392108
143.09853937103966
145.2510827475088
147.4337625158211
149.64677107206268
151.8903170986859
154.1645761824304
156.46974050648
158.80598965258594
161.17350646987956
163.57246046743654
166.00302478471957
168.46536133067067
170.9596349433747
173.48599652612725
176.04459652808993
178.63558509816448
181.2590991241887
183.9152760952366
186.60424500833832
189.32613679541447
192.08106919761892
194.8691581765896
197.69051664468935
200.5452514071075
203.43346597643406
206.3552559710275
209.310715445672
212.2999334639753
215.32299475007036
218.37997993132487
221.4709656743983
224.59602482878557
227.75522657711969
230.9486365915609
234.17631719575937
237.43832753153794
240.73472372984466