58.52010350488913
58.56328363617329
58.63522976095736
58.73591039611004
58.865281237146895
59.023284489934426
59.20984796850397
59.42488482589853
59.66829076507721
59.939943301867075
60.239700277605024
60.56739826003522
60.92285160522829
61.30585858142934
61.716193508393886
62.15361723459812
62.61787742298371
63.108711585700455
63.6258504107989
64.16902148131211
64.73794736384198
65.3323746958991
65.95202214513914
66.59664346551925
67.26599083006566
67.9598313078866
68.67794397859265
69.42012887935809
70.18619345290911
70.97596500558436
71.78928988197777
72.62603059766164
73.48606412436027
74.36928762194644
75.27561379021522
76.20498250509546
77.1573133166447
78.13259679650206
79.13080019759936
80.15192265169453
81.19596722411991
82.26295921556388
83.3528950370942
84.46593795725836
85.6020402004585
86.76130516272706
87.94382663958221
89.14969349007067
90.37901337033092
91.63190244290206
92.90848570163524
94.20889658411713
95.53327700004955
96.88177528659287
98.2546333784886
99.6517628068615
101.07358526048156
102.5201921084545
103.99176459907349
105.48849231220335
107.01056123213208
108.55817149770651
110.13151742590091
111.73080834409191
113.35624551013466
115.00803839045643
116.68704691966674
118.39153722649165
120.1236699845355
121.88301450607199
123.66978513174126
125.48420256088866
127.32648058529853
129.19683879255214
131.09549994265814
133.02267163835265
134.9785755289867
136.9634230590435
138.97743025732285
141.02080749070188
143.09376027304864
145.1965005013813
147.32922787081392
149.4921467695841
151.6854509670009
153.90933812889818
156.16399797834777
158.44961995548664
160.76638421183677
163.1144731081391
165.49405881501093
167.90531481994196
170.34840476971766
172.8234538752352
175.33073191286965
177.87027417270758
180.44226885347624
183.04685168458877
185.68418095134018
188.35436424317155
191.0575408957481
193.7938281694195
196.56334416867514
199.36620280377346
202.2025150533603
205.07237801434096
207.97588986355782
210.91314969777244
213.88424026009037
216.88924979773427
219.92825676343926
223.0013379727849
226.10856556191462
229.25000780613684
232.42572927249523
235.63579097843956
238.88025055573516
242.15916241925407
245.47257793967657
248.82054561970884