60.14667283230682
60.19001941873665
60.262243149503114
60.36331304676353
60.493183524799676
60.65180265414626
60.83909420576207
61.05497390392127
61.29933911583025
61.572069291222725
61.873023982599705
62.202042574221394
62.5589425676678
62.943522686448674
63.35556329183674
63.794826352903996
64.26106263576399
64.7540122202096
65.27340867584846
65.81898198664794
66.39046206656019
66.98758177087218
67.6100781941804
68.25770115343504
68.9302037653688
69.6273583121995
70.34894393062629
71.09475923305739
71.86487478397142
72.65834622567654
73.47579288976345
74.31682001543898
75.1813097387108
76.0691573648253
76.9802793399186
77.91459816563086
78.87208708147647
79.85268626662746
80.85638233946878
81.88317048170113
82.93305972847496
84.00607391733732
85.10225103711178
86.22163969038863
87.36432648357955
88.53031447263515
89.71975990781002
90.93273520672763
92.1693462522326
93.42970999347187
94.71395085470719
96.02220277919575
97.35460759893981
98.71131470539711
100.09248087843632
101.49827072775449
102.92885345013553
104.38440379918958
105.86510381887082
107.37113921097979
108.90270083638781
110.45998308168666
112.04318711153854
113.65251208671235
115.28816577793728
116.94985702680665
118.63928464686236
120.35517849828402
122.09824162705634
123.86868942752639
125.66674017047823
127.49261141257581
129.34651696108642
131.22867304355572
133.13929596007847
135.0786065716263
137.04681039738387
139.04412504231524
141.07075192244068
143.1269272608103
145.21283181858792
147.32867697049798
149.47466955687898
151.6509993917902
153.85787666012257
156.09547368203553
158.36400533574655
160.6636292772596
162.99454758996114
165.35692388810065
167.75093659268867
170.176751542744
172.63452810057137
175.12443706526494
177.64666780575965
180.20123289886743
182.78841385936116
185.40831169626688
188.06104078827704
190.74676709766825
193.46557846076306
196.2176092220019
199.002972529609
201.8217764482052
204.67412770472924
207.5601235707095
210.47985995823507
213.43343058946056
216.42091738089383
219.44240230364022
222.49796408641944
225.5876755392004
228.71160594277436
231.86982075322885
235.06238175742985
238.2893472343499
241.55077212137718
244.84670818522662
248.177204196512
251.542306107554