60.403358697318616
60.44673126184848
60.51899835689437
60.62012901159754
60.750079524036835
60.90879287734668
61.09619814099342
61.31220946103009
61.55672436903886
61.829622923670364
62.130764694429274
62.45998937651229
62.8171153037702
63.20194135138704
63.61424773123455
64.05379776457468
64.52034268566858
65.01362212582212
65.5333712025099
66.07931928395183
66.65119704504852
67.24873745854372
67.87167986078549
68.51976912518718
69.1927658455667
69.89043709492967
70.61256491636264
71.3589474244855
72.12949997100112
72.9237443789294
73.74183478205012
74.58353175810495
75.44871570816622
76.33728835404067
77.24915996051757
78.18426379477864
79.1425488414
80.12397726845934
81.12853093775902
82.15620748521346
83.20701112879361
84.28096820827379
85.37811590061325
86.49850343377324
87.6421953056589
88.80926119431454
89.99978840927098
91.21387751228802
92.45163162773505
93.71316679359734
94.99860691925998
96.30808705658414
97.64174953799807
98.99974213862117
100.38222423797795
101.78935825178897
103.22131276616463
104.67826488518128
106.16039428121827
107.66789062746467
109.20093912092814
110.75973953163509
112.34448587784217
113.9553862569635
115.59264220915053
117.25645968544644
118.94705199692677
120.66462963368862
122.40940687579582
124.18159731556
125.98141851839591
127.80908462751846
129.6648123245635
131.5488211389984
133.4613219830059
135.4025280821175
137.37266593378013
139.3719377244709
141.40055341165257
143.45872781008921
145.5466622984824
147.66456679256032
149.81263816527837
151.99107519082992
154.2000794917923
156.43983485445918
158.7105355295857
161.01236124943765
163.34549665335453
165.7101142108068
168.10638984072511
170.53448790914615
172.99457311876614
175.48680418406633
178.0113378630884
180.56830797308723
183.1578738341953
185.78016949320343
188.4353276027147
191.12347868036727
193.84474530650095
196.59924516188548
199.38709297476035
202.2083982319983
205.0632625742352
207.95179268397723
210.87407452879057
213.8302016900463
216.82025994598533
219.84432948784738
222.90248747137778
225.994807008132
229.1213568112622
232.2822018934404
235.47740360436785
238.7070197925147
241.97110497179796
245.26971049282005
248.60288471772893
251.97067319826576