-0.00000000000000E+00
-0.00000000000000E+00
-0.00000000000000E+00
-0.00000000000000E+00
-0.00000000000000E+00
 0.26017804536481E-15
-0.75242033523986E-15
-0.69469591590330E-16
 0.16066829492917E-16
-0.10680822312715E-16
-0.65799675713309E-15
-0.43276843547080E-14
-0.21409514371507E-13
-0.84302638419196E-13
-0.27463249603162E-12
-0.76594714229590E-12
-0.18840717121647E-11
-0.41734893575172E-11
-0.84668724684285E-11
-0.15943870793467E-10
-0.28171855798523E-10
-0.47122864117325E-10
-0.75163572456278E-10
-0.11502158610741E-09
-0.16972923090645E-09
-0.24255278413820E-09
-0.33691152310960E-09
-0.45629366486832E-09
-0.60417403834451E-09
-0.78393773974506E-09
-0.99881314651611E-09
-0.12518159115489E-08
-0.15457053989054E-08
-0.18829532488465E-08
-0.22657237485526E-08
-0.26958650388914E-08
-0.31749097595755E-08
-0.37040835913113E-08
-0.42843203100033E-08
-0.49162817467100E-08
-0.56003810897769E-08
-0.63368084878150E-08
-0.71255574585265E-08
-0.79664514472649E-08
-0.88591694089205E-08
-0.98032698975890E-08
-0.10798213109437E-07
-0.11843380414674E-07
-0.12938091262383E-07
-0.14081617148827E-07
-0.15273192759897E-07
-0.16512024211655E-07
-0.17797294598330E-07
-0.19128167019560E-07
-0.20503785292478E-07
-0.21923272749431E-07
-0.23385729275100E-07
-0.24890227104392E-07
-0.26435805608067E-07
-0.28021465410228E-07
-0.29646162235548E-07
-0.31308800702893E-07
-0.33008228350741E-07
-0.34743230124931E-07
-0.36512523447450E-07
-0.38314754042034E-07
-0.40148492489752E-07
-0.42012231591085E-07
-0.43904384434541E-07
-0.45823283076314E-07
-0.47767177684102E-07
-0.49734235962666E-07
-0.51722542599509E-07
-0.53730098535150E-07
-0.55754819747894E-07
-0.57794535309797E-07
-0.59846984472837E-07
-0.61909812553893E-07
-0.63980565479680E-07
-0.66056682912754E-07
-0.68135490025448E-07
-0.70214188112762E-07
-0.72289844444472E-07
-0.74359381976202E-07
-0.76419569800675E-07
-0.78467015436864E-07
-0.80498160362694E-07
-0.82509280337273E-07
-0.84496492177473E-07
-0.86455768646780E-07
-0.88382962835760E-07
-0.90273843032322E-07
-0.92124138359339E-07
-0.93929594622322E-07
-0.95686038803522E-07
-0.97389449630646E-07
-0.99036030818884E-07
-0.10062228298240E-06
-0.10214507006637E-06
-0.10360167639763E-06
-0.10498985117529E-06
-0.10630783821301E-06
-0.10755438994241E-06
-0.10872876589803E-06
-0.10983071694427E-06
-0.11086045732432E-06
-0.11181862711711E-06
-0.11270624789329E-06
-0.11352467429126E-06
-0.11427554398578E-06
-0.11496072812153E-06
-0.11558228384463E-06
-0.11614241011468E-06
-0.11664340756675E-06
-0.11708764283468E-06
-0.11747751747400E-06
-0.11781544139491E-06
-0.11810381057620E-06
-0.11834498872176E-06
-0.11854129247915E-06
