 0.00000000000000E+00
 0.00000000000000E+00
 0.00000000000000E+00
 0.00000000000000E+00
 0.00000000000000E+00
 0.26280227841601E-15
 0.73758624689277E-15
 0.11889120764845E-15
 0.24878609563561E-16
 0.19049752304918E-15
 0.66415821137787E-15
 0.43070279363017E-14
 0.21521962150853E-13
 0.84358378789785E-13
 0.27465571110121E-12
 0.76592925749163E-12
 0.18839250265260E-11
 0.41732953075887E-11
 0.84667785408947E-11
 0.15943734113655E-10
 0.28171943144581E-10
 0.47123502214176E-10
 0.75166108111170E-10
 0.11502869824611E-09
 0.16974647004589E-09
 0.24259139985139E-09
 0.33699172250086E-09
 0.45645188136899E-09
 0.60447129929706E-09
 0.78447166143852E-09
 0.99973563845053E-09
 0.12533545932354E-08
 0.15481906983566E-08
 0.18868528713441E-08
 0.22716819240313E-08
 0.27047498268664E-08
 0.31878662460299E-08
 0.37225936214443E-08
 0.43102677482113E-08
 0.49520230021050E-08
 0.56488191367707E-08
 0.64014699276636E-08
 0.72106707318482E-08
 0.80770245327632E-08
 0.90010654642422E-08
 0.99832787168636E-08
 0.11024116958711E-07
 0.12124011373148E-07
 0.13283378900936E-07
 0.14502624447459E-07
 0.15782138103019E-07
 0.17122288749357E-07
 0.18523412989766E-07
 0.19985800836543E-07
 0.21509678725966E-07
 0.23095190169886E-07
 0.24742374815474E-07
 0.26451147071414E-07
 0.28221274435154E-07
 0.30052356492594E-07
 0.31943805258256E-07
 0.33894826639898E-07
 0.35904404526708E-07
 0.37971286154969E-07
 0.40093970200801E-07
 0.42270696330884E-07
 0.44499436331821E-07
 0.46777886452495E-07
 0.49103459826844E-07
 0.51473278647184E-07
 0.53884164775848E-07
 0.56332628049150E-07
 0.58814851229909E-07
 0.61326670325911E-07
 0.63863549592508E-07
 0.66420550372336E-07
 0.68992293221466E-07
 0.71572913415800E-07
 0.74156010558777E-07
 0.76734593442421E-07
 0.79301023159499E-07
 0.81846957999366E-07
 0.84363305482257E-07
 0.86840188637929E-07
 0.89266934691359E-07
 0.91632096083888E-07
 0.93923514269142E-07
 0.96128436484524E-07
 0.98233694153136E-07
 0.10022594787039E-06
 0.10209199877292E-06
 0.10381915843840E-06
 0.10539566112084E-06
 0.10681109386589E-06
 0.10805681317934E-06
 0.10912631385348E-06
 0.11001551656804E-06
 0.11072294679067E-06
 0.11124978787483E-06
 0.11159980373607E-06
 0.11177913967561E-06
 0.11179602156978E-06
 0.11166038166219E-06
 0.11138344309068E-06
 0.11097729497576E-06
 0.11045448597080E-06
 0.10982765778397E-06
 0.10910923308004E-06
 0.10831116481728E-06
 0.10744474797367E-06
 0.10652049002020E-06
 0.10554803324867E-06
 0.10453612048915E-06
 0.10349259536863E-06
 0.10242442852678E-06
 0.10133776220022E-06
 0.10023796675552E-06
 0.99129703942692E-07
 0.98016992922024E-07
 0.96903276065224E-07
