 0.00000000000000E+00
 0.00000000000000E+00
 0.00000000000000E+00
 0.00000000000000E+00
 0.00000000000000E+00
-0.22301948828327E-15
-0.79773423075684E-15
-0.23225006062017E-15
 0.28137707635722E-15
-0.35811164327498E-14
-0.25236762173106E-14
 0.46015880264559E-14
 0.25954878430420E-13
 0.12411062886809E-12
 0.28392945843891E-12
 0.91540608998712E-12
 0.22287858963824E-11
 0.48433894483462E-11
 0.95649495227587E-11
 0.17782997522655E-10
 0.31226046502805E-10
 0.51929565757334E-10
 0.82390768689082E-10
 0.12543511298127E-09
 0.18517751526495E-09
 0.26498054088830E-09
 0.37144792924893E-09
 0.50857145546463E-09
 0.68322622910750E-09
 0.90739596998757E-09
 0.11889227602383E-08
 0.15419009971041E-08
 0.19905327776734E-08
 0.25467562975395E-08
 0.32482378479958E-08
 0.41272597241951E-08
 0.52258787923635E-08
 0.65935704584543E-08
 0.82988580505404E-08
 0.10405903478665E-07
 0.13007937703944E-07
 0.16195651828938E-07
 0.20072793434398E-07
 0.24752033803969E-07
 0.30366106678010E-07
 0.37062364421995E-07
 0.44955999144873E-07
 0.54209911570935E-07
 0.64967092223617E-07
 0.77362976755099E-07
 0.91551880009926E-07
 0.10765978068366E-06
 0.12577411705805E-06
 0.14599830461608E-06
 0.16839168263150E-06
 0.19291827846589E-06
 0.21948829666541E-06
 0.24788825359936E-06
 0.27771733146726E-06
 0.30834609696313E-06
 0.33874709767516E-06
 0.36746465945354E-06
 0.39227283917658E-06
 0.41015903754016E-06
 0.41676180043088E-06
 0.40615332840133E-06
 0.37041372771342E-06
 0.29907324188357E-06
 0.17867609809573E-06
-0.77126193230695E-08
-0.28063793906833E-06
-0.66389587779154E-06
-0.11838441515145E-05
-0.18671207500796E-05
-0.27370582674411E-05
-0.38079805816806E-05
-0.50771680840874E-05
-0.65144916171388E-05
-0.80507047578089E-05
-0.95652126683629E-05
-0.10877940096344E-04
-0.11747865193897E-04
-0.11884412514193E-04
-0.10976218152351E-04
-0.87387671456341E-05
-0.49791748578011E-05
 0.33126406403179E-06
 0.69926170662864E-05
 0.14539570331662E-04
 0.22252576870224E-04
 0.29227672700057E-04
 0.34502466720970E-04
 0.37219930705777E-04
 0.36794150305900E-04
 0.33041012761929E-04
 0.26236920466266E-04
 0.17088859577340E-04
 0.66207573534441E-05
-0.39993796151111E-05
-0.13651098991118E-04
-0.21429576845569E-04
-0.26758837873632E-04
-0.29433523239334E-04
-0.29591432479896E-04
-0.27634603972363E-04
-0.24124090179686E-04
-0.19671793363319E-04
-0.14851059138039E-04
-0.10135839566781E-04
-0.58693226330415E-05
-0.22611305713262E-05
 0.59723869545403E-06
 0.27073859479640E-05
 0.41339369737313E-05
 0.49783733256178E-05
 0.53567450004124E-05
 0.53835907402630E-05
 0.51627039209954E-05
 0.47815728408398E-05
 0.43095340707458E-05
