110.52718721645856
111.06806079617073
111.63859061152323
112.23855906429102
112.86779678858454
113.5261038982222
114.21329662030853
114.92919979133742
115.67364753337405
116.44648766088902
117.24757836919424
118.07678860677082
118.93400801023228
119.81913527573907
120.73208574602491
121.67278734707914
122.64118548053695
123.63723171520624
124.66091419747616
125.71220166588427
126.79109836268086
127.89761195691425
129.03177541756057
130.19361507436082
131.38318023798496
132.60047978652858
133.84573333028072
135.11886496043925
136.4200039282528
137.74929055935542
139.10675631739403
140.49256831493395
141.90683128986495
143.34967238245036
144.82130941360492
146.32163486135968
147.85104237371303
149.4095997645427
150.99746058409335
152.6147941660669
154.26175656785517
155.93851755875042
157.64525147759028
159.38213021570218
161.14933089917076
162.9470318512802
164.77541292316874
166.63465609946593
168.52494211619873
170.44645486631796
172.3993746401939
174.3838856255057
176.40016507403064
178.44840147694634
180.52876180763076
182.64143626125238
184.7865871784764
186.9643900653046
189.17505292910494
191.41863726569622
193.6954057165153
196.00548480026575
198.34902881457148
200.72618986054016
203.13711486729875
205.58194337660555
208.06081175197318
210.57385919972276
213.12120457985108
215.7029703798447
218.31928003327465
220.97023416651874
223.65597607230134
226.37650564497417
229.1320129351384
231.92256106657607
234.74822293729554
237.6090732486293
240.50520049370851
243.43665842464114
246.40350555104288
249.40579833044094
252.4435896218027
255.51692122000495
258.6258343832037
261.77036383970653
264.95053511794924
268.1663862145905
271.4179286400866
274.70518466114675
278.02816149727863
281.38687294116266
284.7813291251117
288.2115281605077
291.6774699572324
295.17915459005815
298.71657313828894
302.28971990131436
305.89858133410326
309.54315174357197
313.22340919096587
316.9393414804339
320.6909298920501
324.47815584713135