156.3639219472737
156.93992698615986
157.5479855563496
158.18799409510333
158.85985219217864
159.56347050430932
160.2987664944308
161.0656685977936
161.86411328733348
162.6940476457226
163.55543155674403
164.44823186731716
165.37242739209555
166.32800779211576
167.31497252891273
168.33333009638002
169.38310051994856
170.4643117171881
171.57700184236427
172.72121728401285
173.89701308850744
175.10445238717196
176.34360927536707
177.61456104347144
178.91739248185485
180.2521976718379
181.61907828512767
183.01814132101526
184.449491680971
185.91325614972789
187.4095516047192
188.9385083843896
190.50025770954306
192.09493442803947
193.72268034969184
195.38363716436842
197.0779492574538
198.80576993727513
200.5674602969157
202.3625260194786
204.1917737164793
206.0551334518548
207.95276465181675
209.88482037417185
211.85145036098643
213.85282292448207
215.88907575676907
217.96036462116183
220.06683702007766
222.20864194051205
224.38592008271496
226.59880636956277
228.84745667556436
231.13198430047674
233.45252364083225
235.80920147340075
238.2021328041492
240.63143519516495
243.0972172638889
245.5995791844512
248.13861817872328
250.7144283070334
253.3293272452606
255.97668866580796
258.6632888776756
261.3869598083504
264.14775664033755
266.94574150088897
269.7809502933531
272.65341169356003
275.56318992938213
278.5102898694213
281.49472944756405
284.516523947629
287.5756819751442
290.6722061809115
293.80608741814285
296.97732043871827
300.18587912142505
303.43176217392937
306.7149301134626
310.0353515389253
313.39299359252146
316.7878178285569
320.2197837577024
323.6888392354782
327.1949369289032
330.73802281386145
334.3180395607943
337.93492963833376
341.58862907683454
345.27907616994963
349.00620586715735
352.76994915288344
356.5702389061621
360.4070028916665
364.28017095068844
368.18966955097466
372.1354288540855
376.1173750573323
380.1354186171103
384.1895298500071
388.2795876076196
392.4055445182565