160.21832871242728
160.7969639500187
161.40785457657003
162.05088152400862
162.7259625439788
163.4330181042931
164.1719741626335
164.94276757614068
165.74534522167355
166.57966346538268
167.44568900036188
168.34339776336734
169.2727783230519
170.23382586560874
171.22654687516012
172.2509580632155
173.3070840140052
174.3949596516027
175.51462770387724
176.66614018068688
177.84978114015902
179.06494360230522
180.31237847709366
181.5919429344285
182.90372612557056
184.24782425202085
185.62433962608782
187.03338055532248
188.47492124921982
189.94950043727647
191.45682120534434
192.99715448576418
194.5706321034793
196.17738962479675
197.81756738348642
199.4913027306067
201.19875813691937
202.94006457652407
204.71537736291322
206.52484708084188
208.3686269484864
210.2468677672175
212.15972492069326
214.10734894958622
216.08989262729068
218.10750640322894
220.16033677554427
222.2485414820839
224.37225544977753
226.5316215060568
228.72678935111645
230.95788420932834
233.22504309474445
235.52839329041325
237.86805747353827
240.24415774726597
242.6568048146309
245.10610799640887
247.59217043451355
250.11508701904506
252.67495151609978
255.2718480133108
257.90585421561303
260.57704057065683
263.2854726453293
266.0312117442709
268.8143031737272
271.63479899302695
274.4927335522505
277.3881367797905
280.3210373012619
283.29143877081844
286.29938435469376
289.3448585222584
292.42785517637213
295.5483823800336
298.7064172389269
301.90194667037565
305.13494392559164
308.4053866180722
311.7132348596114
315.0584585290937
318.4410091497619
321.8608416119178
325.31790661603844
328.8121439763606
332.3435171127678
335.911938689272
339.51737284417817
343.1597310588252
346.8389537018949
350.5549833727998
354.3077317412097
358.0971311902853
361.92311082394883
365.785589322539
369.6844949365461
373.6197527939089
377.5912804256552
381.59900072839787
385.6428349556006
389.72270619917197
393.83853933965804
397.9902522575273