132.46503531453402
133.0237172468942
133.6132522407769
134.23348547068696
134.88426575206043
135.5654482152195
136.2768955968178
137.01847983744824
137.79008281323115
138.5915967661751
139.42292814785682
140.2839934700212
141.1747221865823
142.09505630458628
143.0449518422591
144.02437390553735
145.03330546447827
146.07173503121322
147.13966747210358
148.23711893091675
149.36411325996013
150.52068930270224
151.7068928819861
152.92277903926484
154.16841683102243
155.4438813368061
156.74925377042118
158.08462642719982
159.45010516883968
160.84578910943628
162.27178320433566
163.72825078426683
165.21526577779744
166.73298781010055
168.28154538466012
169.86108962321617
171.4717656394164
173.11370923455962
174.78709136841147
176.49206303119695
178.2287871636443
179.9974229939167
181.7981383195667
183.63109533451802
185.49646530804836
187.39441183532895
189.32510651040494
191.28871591686303
193.28539730633236
195.31534674617563
197.37869951720728
199.4756315023199
201.60630224724488
203.77087160533287
205.9694942671689
208.2023285611186
210.46951966259974
212.77121467540132
215.1075573914015
217.47868384797093
219.88636645144229
222.32581811401963
224.80207613029526
227.31362405481005
229.86057140247027
232.4430251185121
235.06108698105274
237.714856226014
240.4044143682702
243.12985666505585
245.89124776928043
248.68866552102634
251.52217487193457
254.39183502885126
257.2976992725534
260.2398147573803
263.2182222257229
266.23295650730313
269.2840508032332
272.37152717155556
275.49540584894453
278.65570288843264
281.85242511508943
285.08556596637857
288.35515709774705
291.66116423179005
295.003588832687
298.3824160927667
301.79763237281065
305.2492156919218
308.73714407624396
312.26139214292806
315.8219282081309
319.418712719761
323.0517447805017
326.72095195541476
330.4263089214545
334.16778342793526
337.945325772698
341.75888940027727
345.6084395114292
349.49392837586635
353.4153102925172
357.37253932216515