146.76673333251554
147.33599765722246
147.93684288997306
148.56914417556067
149.23279439264377
149.92763878150134
150.65361856598577
151.41061924335386
152.19855735681628
153.01735845881004
153.86695927959883
154.74730706345343
155.65836064279333
156.6000911897508
157.57248102322407
158.57551997524325
159.60921314755785
160.67357122712716
161.76862813797888
162.89440823994133
164.05095815596104
165.23833093970282
166.4565878505226
167.70579928019765
168.98604467876876
170.29740900760348
171.63998494609126
173.01387950295256
174.41919259930626
175.85604042186046
177.32454230546392
178.8248233019604
180.35701329475253
181.92124796337052
183.5176646768187
185.14640746057069
186.80762185579243
188.50145876683177
190.22806954521846
191.98760930594554
193.78023190749616
195.60609955898403
197.4653678913479
199.35819771710223
201.28474789680664
203.24517988154318
205.2396511666887
207.2683200257466
209.33134259692815
211.42887565520886
213.5610691873571
215.72807581303826
217.93004046277053
220.1671096355474
222.43941194330677
224.74711347930597
227.090316335536
229.46915802139083
231.88375757287437
234.33424333766672
236.82071882080808
239.34329273286295
241.90206300787582
244.4971286673139
247.12857548387922
249.79649427275163
252.50094166839511
255.2420076473623
258.01974869813955
260.83422164322286
263.6854778683728
266.57356086839536
269.49851065109027
272.46035908996504
275.45912644966654
278.49484355832755
281.5675133872143
284.67715401296897
287.82375903331905
291.00733100723994
294.22785884089103
297.48533688598985
300.7796910935232
304.1110482412281
307.4792442772781
310.88428536453523
314.32614735827957
317.80478480912575
321.320164096403
324.8722337403923
328.4609508854325
332.0862875417445
335.74816346565626
339.446532676158
343.1813447931067
346.952543519283
350.76006343451303
354.6038567019281
358.4838528269146
362.3999947751089
366.3522215772923
370.34047177426083
374.36467714471206
378.42478393406606