189.53886769944347
190.13648239508004
190.76772800413863
191.43257688936347
192.13101162591616
192.86302363153905
193.62861229160092
194.4277876215821
195.26056498006184
196.1269694230425
197.02703283588164
197.96079425594525
198.9282992596
199.92960077577376
200.96475738858575
202.0338320633339
203.13690106343984
204.27403583563498
205.44531961654954
206.65084141312383
207.890692271255
209.16497091245137
210.47377510337787
211.81722335450428
213.19541505621402
214.60847160222366
216.05651021155467
217.53965429728248
219.05803048940527
220.61176661929005
222.20099604560335
223.8258534661323
225.48647455131078
227.18299826669065
228.91556178665786
230.68429967984972
232.48936635627868
234.33091647032353
236.20905841265207
238.12394542661448
240.07589923699953
242.06452051461383
244.09047565014265
246.15373464510745
248.25441486782748
250.3926496401481
252.56856201346056
254.78227378230585
257.0338950753832
259.32355320634827
261.65133951725016
264.017357804499
266.42170469599944
268.8644419275627
271.3457314382521
273.86556897469643
276.4240496077362
279.0212349647568
281.6571790970164
284.3319290232011
287.04552215979265
289.79799293148386
292.58936460520965
295.4196517198115
298.28886327267674
301.1969954132663
304.14405564225115
307.13001533309597
310.1548603181075
313.2185587669496
316.32107550655326
319.4623760106678
322.64240324306854
325.8611028773912
329.1184244709331
332.41429217731036
335.7486354990854
339.12138581881203
342.53245770269723
345.98176585138214
349.46922107608543
352.9947320445554
356.55820051894557
360.1595243749541
363.7986176164094
367.4753588939024
371.1896495823618
374.9413747549405
378.73043503261636
382.55670870379487
386.42009154658274
390.32046778580485
394.25772216315863
398.23174508693415
402.24241798580704
406.28963282307825
410.37327209556685
414.49322720070813
418.64938334520656
422.8416338977958
427.0698674956852
431.33398070790764
435.6338640929353
439.9694177434837