3.971889227456797e-12
3.971889227456797e-12
3.971889227456797e-12
5.9578338411851955e-12
6.206076917901245e-12
2.9044439975777827e-11
8.561903715936558e-10
1.2486378515740589e-8
1.0450102618208011e-7
5.883123846032116e-7
2.47572174976917e-6
8.359169056530248e-6
0.00002379209012025659
0.00005914517633661627
0.0001318237349668215
0.00026868191735364904
0.0005084642006277596
0.0009041332109489776
0.0015249873072034703
0.0024585215814015623
0.0038120243933137685
0.0057139362863373126
0.008315016198344141
0.011789370201098525
0.01633539950022754
0.02217671953858032
0.02956309352164122
0.03877141204453711
0.05010673762008703
0.06390341954888594
0.08052627082918108
0.10037178625710146
0.12386936896380069
0.15148252224896241
0.18370995517317143
0.22108654397107816
0.2641840866477946
0.3136117856629811
0.3700163918333858
0.43408194116738025
0.506529013674186
0.5881134372424599
0.6796243489990187
0.7818815086415426
0.8957317323859416
1.0220442821994908
1.1617050069444832
1.3156089987800395
1.4846515168914145
1.669716968645237
1.8716658624561984
2.091319893570269
2.3294457128608004
2.586738427822856
2.8638063851849727
3.1611590983753186
3.4792001062795888
3.818225975105491
4.17843167875615
4.559921509440141
4.962723837965026
5.38680769655709
5.8320993089371225
6.298497174412908
6.78588490099536
7.294141502413731
7.823149242627491
8.372799321092874
8.942995776748804
9.533657991939444
10.144722137196831
10.776141840429874
11.427888304992354
12.099950048152762
12.792332387420663
13.505056767589014
14.238159994500249
14.991693421869483
15.76572212276965
16.56032406697591
17.375589317728007
18.211619256318077
19.068525839128657
19.946430889324432
20.84546542362199
21.7657690135816
22.707489180106226
23.67078081941988
24.655805658695627
25.662731739331548
26.691732925950742
27.742988439288787
28.816682411199547
29.91300346019474
31.032144286050215
32.17430128215305
33.339674164424196
34.528465615774294
35.74088094518443
36.977127760622245
38.23741565513762
39.521955905532025
40.8309611831642
42.1646452764805
43.5232228249521
44.90690906419277
46.315919582064865
47.75047008563623
49.210776178932456
50.69705315141509
52.209515777204565
53.74837812505205
55.313853379131594
56.906153670682095
58.525489920626356
60.17207169320887
61.84610706077891
63.547802479802066
65.27736267819695
67.0349905540852