0.
0.
0.
0.
0.
0.
0.
0.
0.
0.
0.
0.
0.
0.
0.
0.
0.
0.
0.
3.971889227456797e-12
3.971889227456797e-12
5.9578338411851955e-12
5.9578338411851955e-12
5.9578338411851955e-12
6.08195537954322e-12
6.57844153297532e-12
5.9578338411851955e-12
9.805601530283968e-12
2.4203699979814856e-11
4.679381996097539e-11
1.1183350606058044e-10
2.5209084440514857e-10
5.597881379946923e-10
1.1875948790095824e-9
2.4234730364404363e-9
4.771107812944119e-9
9.087186066267719e-9
1.676596503678693e-8
3.002090411804041e-8
5.230295444099632e-8
8.88326679089932e-8
1.4735026365403748e-7
2.390925886652195e-7
3.800401668845966e-7
5.925740976227345e-7
9.07467461520123e-7
1.3664263366804423e-6
2.0251562212756974e-6
2.9570436024954548e-6
4.257582875333922e-6
6.049596522128668e-6
8.489271142970977e-6
0.000011773222329547648
0.00001614651366124815
0.000021911829162727743
0.000029439781101181972
0.0000391804829544616
0.00005167640070691116
0.00006757653832762323
0.00008765208552453623
0.00011281346025225857
0.00014412878196886562
0.00018284396480289374
0.00023040424568943914
0.00028847723994590807
0.00035897762681180826
0.00044409332072335516
0.0005463131515336193
0.0006684561782962404
0.0008137024135663033
0.0009856251192040112
0.0011882245208875417
0.001425962970007163
0.0017038016012238847
0.0020272382231755963
0.0024023466985175395
0.002835817547428789
0.0033349998066080893
0.003907944235484873
0.004563447577090986
0.0053110980648644205
0.006161322056104247
0.007125431704571062
0.008215673734914348
0.009445279226332037
0.010828514397146185
0.012380732364105064
0.014118425858041727
0.016059280871933555
0.018222231223489305
0.020627514023823387
0.02329672604688015
0.026252880972797897
0.029520467568018193
0.03312550871215226
0.03709562133279645
0.04146007728689859
0.04624986514349488
0.05149775293198829
0.057238351799741356
0.06350818076566206
0.07034573242183019
0.07779153974241176
0.08588824393271208
0.09468066350243942
0.10421586444005097
0.11454323168168637
0.12571454181970299
0.13778403716984575
0.15080850121368333
0.16484733553298564
0.17996263821258265
0.19621928379995623
0.2136850050197858
0.23243047609611664
0.25252939788906054
0.2740585849388726
0.2970980544143001
0.3217311170807618
0.34804447044239123