0.
0.
0.
0.
0.
0.
0.
0.
0.
0.
0.
0.
0.
0.
0.
0.
0.
0.
0.
1.9859446137283985e-12
5.9578338411851955e-12
5.9578338411851955e-12
5.9578338411851955e-12
6.206076917901245e-12
6.82668460969137e-12
8.688507685061743e-12
1.6384043063259287e-11
3.016153382100005e-11
7.07492768640742e-11
1.6632286139975338e-10
3.88748658137334e-10
8.700919838897546e-10
1.8650502353676824e-9
3.835603778339686e-9
7.590652678285013e-9
1.4494665006373432e-8
2.6785924463815206e-8
4.802200258302804e-8
8.371240620864796e-8
1.4214783349529922e-7
2.3560911769120152e-7
3.8183856385386603e-7
6.059645774238749e-7
9.42995638295109e-7
1.4408780349121981e-6
2.1642030022566595e-6
3.1988162234169006e-6
4.6572362312237004e-6
6.685038847818729e-6
9.468451188614371e-6
0.000013242977736844993
0.00001830339101031092
0.00002501506236837205
0.00003382668931036958
0.000045284585215972506
0.000060048492925650626
0.00007890903908376305
0.00010280683495385302
0.00013285331419075056
0.0001703532167125168
0.0002168289165219621
0.00027404636881775375
0.00034404289683496493
0.00042915664352781804
0.0005320577144083879
0.0006557810423234064
0.0008037608607220835
0.0009798667757334627
0.0011884413550089764
0.0014343393008523157
0.001722968009042156
0.0020603295348207607
0.0024530638796598767
0.0029084936253659286
0.0034346696907404032
0.0040404183489427025
0.004735389255947048
0.005530104669697296
0.00643600953935375
0.007465522602655092
0.008632088453538392
0.009950230376209608
0.011435604073261534
0.013105052215600444
0.014976659681495533
0.017069809636800003
0.019405240246330186
0.022005102204322696
0.024893016851862328
0.028094135081364654
0.03163519691019779
0.035544591723567553
0.03985241926796552
0.044590551349130925
0.049792694277472536
0.055494452064673995
0.06173339042336555
0.06854910158190194
0.07598326991772184
0.08407973852807302
0.09288457670806623
0.10244614836634289
0.11281518148820467
0.12404483864657691
0.13619078861926748
0.14931127916912018
0.16346721102355471
0.1787222131273453
0.1951427192140665
0.2127980457597566
0.23176047136373035
0.2521053176096651
0.2739110315449838
0.2972592696928905
0.322234983799377
0.34892650833518324
0.3774256498223455
0.40782777800506537
0.4402319190526972
0.47474085080726525