0.
0.
0.
0.
0.
0.
0.
0.
0.
0.
0.
0.
0.
0.
0.
1.9859446137283985e-12
1.9859446137283985e-12
5.9578338411851955e-12
4.096010765814822e-12
6.702563071333345e-12
6.950806148049394e-12
1.7625258446839536e-11
4.455963227053094e-11
1.3330653219651874e-10
3.7435055968780313e-10
9.778294791845201e-10
2.4296791133583374e-9
5.67160957373159e-9
1.2536151252622158e-8
2.6381908856459836e-8
5.3045201240377314e-8
1.0238314037307713e-7
1.9035167413202178e-7
3.4203626190552147e-7
5.956542977186272e-7
1.0079762425424557e-6
1.6611813533438565e-6
2.6716444950288534e-6
4.200804967070503e-6
6.468377751808648e-6
9.768225804410523e-6
0.000014487081180379758
0.000021126332833913595
0.00003032709060426506
0.000042898716289036095
0.00005985075093100323
0.0000824285847416894
0.00011215269911868809
0.00015086156317344147
0.00020075813263842617
0.0002644598816456855
0.00034505226373522316
0.000446145437011613
0.0005719340989175091
0.0007272603437389795
0.0009176791255460514
0.0011495263594606764
0.0014299892490444851
0.0017671787252421533
0.002170203655670269
0.0026492467553642478
0.003215641773370541
0.0038819519035495757
0.004662049117725848
0.005571194276211208
0.00662611777949806
0.007845100668651907
0.00924805592764966
0.010856609969045444
0.012694184062168136
0.01478607571998643
0.017159539874222564
0.019843869841941843
0.02287047797525991
0.02627297598920283
0.03008725498460058
0.03435156510134658
0.039106594802271535
0.044395549893507275
0.05026423219073178
0.05676111798483387
0.06393743618858551
0.07184724641318543
0.08054751682336998
0.09009820194486122
0.10056232042948964
0.11200603283483908
0.1244987194324396
0.13811305814715688
0.15292510259215497
0.1690143602978614
0.18646387109806978
0.2053602857578313
0.22579394477896433
0.24785895748595424
0.2716532813051107
0.2972788012495183
0.3248414097275723
0.3544510863971909
0.38622197834311595
0.42027248041805376
0.4567253156445121
0.4957076159330221
0.5373510028233235
0.5817916683893894
0.6291704563787935
0.67963294342084
0.7333295205063952
0.7904154746153009
0.8510510707653032
0.9154016343089768
0.9836376337196883
1.0559347639572065
1.1324740305070449
1.2134418341937017
1.2990300571014366
1.3894361495420127
1.4848632185313833
1.5855201177768148
1.6916215395839207