0.
0.
0.
0.
0.
0.
0.
0.
0.
0.
0.
0.
0.
0.
1.9859446137283985e-12
3.971889227456797e-12
5.9578338411851955e-12
5.9578338411851955e-12
4.2201323041728465e-12
7.32317076312347e-12
9.805601530283968e-12
2.805146766891363e-11
7.832069070391371e-11
2.3347261365144485e-10
6.472938225370998e-10
1.6706759062990151e-9
4.061629099689649e-9
9.32214813837946e-9
2.0263089380024283e-8
4.195109402039869e-8
8.310421067069364e-8
1.581626149819434e-7
2.9021080302258847e-7
5.150446817258532e-7
8.865380877221929e-7
1.483731616637998e-6
2.4198115751804128e-6
3.853403427547918e-6
6.002323220665016e-6
9.160259270694471e-6
0.00001371647633313011
0.00002017890407075449
0.000029200746725518243
0.000041610823015011695
0.000058447691239370266
0.00008099777718367034
0.00011083734656085428
0.0001498785222032259
0.00020041911277814584
0.00026519633258983283
0.00034744409421964687
0.0004509539077659121
0.0005801390418736464
0.0007401018446504147
0.00093670389728393
0.0011766388745021639
0.0014675076916004358
0.0018178958607077645
0.002237452616157504
0.0027369717383371127
0.003328473636006198
0.0040252885592376554
0.004842140748607571
0.005795233125430906
0.006902332582124826
0.00818285545503069
0.009657953171254426
0.011350597839900478
0.013285667745622076
0.015490032600755141
0.017992638395298386
0.02082459196104152
0.024019245079422682
0.027612278053429064
0.031641782885163415
0.03614834597293606
0.04117513029225958
0.046767957197279796
0.05297538776258474
0.05984880381694393
0.06744248860083527
0.07581370719620896
0.08502278667735026
0.09513319616877525
0.10621162671843373
0.118328071081917
0.13155590357158117
0.14597195977459815
0.16165661641920775
0.17869387123637728
0.197171422921379
0.21718075117902552
0.23881719685653477
0.262180042160674
0.28737259094465945
0.3145022490768527
0.3436806048123115
0.3750235091896612
0.40865115645887307
0.44468816438839576
0.48326365458631315
0.5245113327152535
0.5685695685962106
0.6155814762608536
0.665694993847941
0.719062963495638
0.7758432110979214
0.8361986261294989
0.9002972414727147
0.9683123134533518
1.0404224019855366
1.1168114512283978
1.1976688705862912
1.2831896164562404
1.3735742747209703
1.469029144360404
1.5697663222467815
1.6760037893957225
1.7879654990222666
1.9058814665076398