0.
0.
0.
0.
0.
0.
0.
0.
0.
0.
0.
0.
0.
0.
1.9859446137283985e-12
3.971889227456797e-12
5.9578338411851955e-12
5.9578338411851955e-12
4.344253842530871e-12
7.571413839839519e-12
1.0798573837148167e-11
3.165099228129635e-11
9.197405992329646e-11
2.677301582382597e-10
7.395161255371124e-10
1.9010454814915095e-9
4.6071432607731685e-9
1.0515328486615155e-8
2.2754084533331483e-8
4.693469790701175e-8
9.264481271658322e-8
1.7571501408576675e-7
3.213937329827367e-7
5.686726335888214e-7
9.760811031952091e-7
1.6292303593043488e-6
2.6504072998157956e-6
4.210503575834723e-6
6.543678813727388e-6
9.96489576133112e-6
0.000014890723926633901
0.000021863590443938744
0.00003157971350194964
0.00004492080335703281
0.00006298976924500693
0.00008715038241872541
0.00011907099113327845
0.0001607722581620101
0.00021467883594421827
0.0002836748966995931
0.00037116335515842116
0.00048112860206950275
0.0006182026557669918
0.0007877342534317507
0.0009958609572648716
0.0012495837684127593
0.0015568441211709536
0.0019266028755447215
0.0023689212138340464
0.0028950429479840216
0.003517478221564851
0.004250088138070889
0.00510817025980815
0.006108544674513736
0.00726964042962326
0.008611582222104513
0.010156277060736163
0.011927500944273986
0.01395098526046779
0.016254502900839983
0.018867953999375908
0.02182345126992922
0.025155404801712643
0.028900606359295554
0.03309831327808943
0.03779033168188153
0.04302109937020518
0.048837768152872836
0.055290285785334195
0.06243147756766499
0.07031712750354491
0.07900605928385175
0.08856021702077138
0.09904474570325471
0.11052807166736937
0.12308198287376647
0.1367817091569717
0.15170600253115182
0.16793721738876438
0.1855613908672676
0.20466832318480038
0.22535165803903978
0.24770896307668375
0.2718418104233813
0.2978558571967817
0.325860926079659
0.35597108581148806
0.3883047317183749
0.4229846660839868
0.4601381785028574
0.49989712603894476
0.5423980132884924
0.5877820722563347
0.6361953421008831
0.6877887486645042
0.7427181839458111
0.8011445854371573
0.8632340153530279
0.9291577399825534
0.9990923090426428
1.073219635318707
1.1517270745786976
1.2348075059982788
1.3226594132183973
1.4154869662672356
1.5135001044825849
1.616914620708449
1.7259522470218194
1.840840742211549
1.9618139812374618