0.
0.
0.
0.
0.
0.
0.
0.
0.
0.
0.
0.
0.
0.
0.
0.
1.9859446137283985e-12
3.971889227456797e-12
0.
3.971889227456797e-12
2.2341876904444484e-12
8.688507685061743e-13
7.447292301481495e-12
1.6135799986543236e-11
4.6421455345901315e-11
1.1766721836340761e-10
3.0881438743476595e-10
7.596238147511124e-10
1.8000105492680771e-9
4.033329388944019e-9
8.615027734353792e-9
1.7597579343785697e-8
3.45123661050639e-8
6.520687781177331e-8
1.1905824844378599e-7
2.106873746119855e-7
3.6221941701484317e-7
6.063715719481508e-7
9.90390827109429e-7
1.5810853522768078e-6
2.471147250472985e-6
3.786833074637282e-6
5.697308814127081e-6
8.42580308379006e-6
0.000012262658876087164
0.000017580534477652218
0.00002485187643061122
0.000034668740252799645
0.000047765119530148435
0.00006504183427106941
0.00008759406751798308
0.00011674156411760111
0.00015406149524948822
0.00020142400571755394
0.0002610304618779763
0.0003354542083116584
0.0004276838914542201
0.0005411692685115522
0.0006798692724084514
0.0008483023702550418
0.001051598977514114
0.0012955559170708091
0.0015866925965167579
0.0019323089926438183
0.002340545090518122
0.002820441789298338
0.0033820030603161394
0.0040362591621756864
0.0047953309672373705
0.005672495061254611
0.006682249622121563
0.00784038095658908
0.009164030545630761
0.010671762558864279
0.012383631739103137
0.01432125159510221
0.01650786279562842
0.01896840182418663
0.02172956973242219
0.024819901037007944
0.02826983276287056
0.032111773530231744
0.036380172786002835
0.041111590136834866
0.04634476479040272
0.05212068516499798
0.05848265864620589
0.06547638161292596
0.07315000958602476
0.08155422778336258
0.0907423219432949
0.1007702495019204
0.11169671119234209
0.12358322312576826
0.13649418932863602
0.15049697484200533
0.16566197942343908
0.18206271183150954
0.19977586476827316
0.2188813905649852
0.23946257753943592
0.26160612710422204
0.2854022316912415
0.3109446534559198
0.33833080377978597
0.3676618237006088
0.39904266509533
0.4325821728863801
0.46839316808444875
0.5065925317760682
0.547301290152825
0.5906447004743385
0.6367523381897879
0.6857581850970985
0.7378007186958012
0.7930230028590587
0.8515727796939055
0.9136025630262395
0.9792697332980679
1.0487366342188393