0.
0.
0.
0.
0.
0.
0.
0.
0.
0.
0.
0.
0.
0.
1.9859446137283985e-12
3.971889227456797e-12
5.9578338411851955e-12
6.08195537954322e-12
4.468375380888897e-12
8.067899993271618e-12
1.2784518450876565e-11
3.8601798429345743e-11
1.1406769375102489e-10
3.3165275049264255e-10
9.104314838561126e-10
2.3252928995992385e-9
5.590185844568726e-9
1.2681869938654478e-8
2.72714879218718e-8
5.590309966107084e-8
1.0972629470387625e-7
2.0702169321965794e-7
3.7678520366269575e-7
6.63566528580452e-7
1.1339514119543193e-6
1.8848730656511506e-6
3.0542190996051824e-6
4.833954395582476e-6
7.486049624198403e-6
0.000011361694266083158
0.000016923750198170726
0.00002477302263790006
0.000035678286012194634
0.000050610315228484854
0.00007078004522809622
0.00009768085348477717
0.000133135038431831
0.0001793443641108446
0.00023894468171646593
0.00031506443192519975
0.000411386901900739
0.0005322159860020805
0.0006825453324030859
0.0008681304668912612
0.0010955638518926763
0.001372352336450077
0.0017069969908239922
0.0021090748222798764
0.0025893222408648214
0.0031597199076499644
0.0038335787937784976
0.004625627082671294
0.0055520977967299465
0.006630816899301187
0.007881291603055408
0.00932479882755929
0.010984473577038271
0.012885397126122994
0.015054684869226394
0.01752157384422586
0.020317509704921653
0.023476233276695187
0.02703386646388052
0.031028997682867474
0.03550276666404666
0.04049894878494756
0.04606403878810602
0.05224733406140344
0.05910101748956594
0.06668023984877226
0.07504320187196709
0.08425123605699465
0.09436888815660884
0.10546399851271061
0.11760778329327438
0.13087491548301702
0.14534360597249543
0.16109568447566805
0.17821668050417988
0.19679590432849078
0.21692652790685604
0.23870566584794417
0.26223445636278
0.28761814216716336
0.3149661513705586
0.3443921782433451
0.376014263926723
0.40995487695482397
0.4463409936400394
0.4853041782148222
0.5269806628018289
0.5715114270742538
0.6190422776951034
0.6697239274398359
0.7237120741870602
0.7811674795250786
0.8422560472746469
0.9071489019099562
0.9760224668257022
1.0490585427908345
1.1264443864692073
1.208372789293728
1.2950421568306614
1.3866565887454279
1.4834259596697712
1.5855660011268142
1.693298384704282
1.806850806892814
1.9264570755912291
2.052357198791985