0.
0.
0.
5.9578338411851955e-12
5.9578338411851955e-12
7.32317076312347e-12
7.410055839974087e-11
1.4082829742101506e-9
1.5006666352100286e-8
1.0257106038215119e-7
5.059088400165491e-7
1.9498209018123705e-6
6.2069592979174325e-6
0.000016983286955867227
0.00004113185810617729
0.00009015025366154515
0.0001818796954776533
0.00034230717230581553
0.000607374481425376
0.001024715451692191
0.0016552647897900537
0.002574707701138525
0.0038747615234695355
0.005664298144245387
0.008070328765304774
0.011238879793060215
0.015335791693655669
0.02054747200941945
0.02708163032618361
0.03516801762048007
0.04505918592915623
0.05703127655912471
0.07138483754846371
0.08844566312172983
0.1085656405374532
0.13212358310228725
0.15952602218495945
0.19120792645205462
0.2276333133208743
0.2692957153687074
0.31671846377615454
0.3704547509245987
0.43108743492749657
0.4992285494097564
0.5755184818001913
0.6606247814671078
0.7552405548518872
0.8600823975165272
0.9758878021043706
1.1034119670951725
1.2434239156129696
1.3967018189454254
1.564027412373412
1.7461793993674801
1.9439257767138767
2.158015090014144
2.3891667575787214
2.6380607823501023
2.905327388599647
3.191537332230745
3.4971937753965254
3.8227266178027945
4.168489992876728
4.534763276953797
4.92175549977788
5.329612603445338
5.758426686934992
6.208246255527305
6.67908656205317
7.170939321957951
7.683781331301933
8.217581752839102
8.772308022876627
9.347930458454737
9.944425715989789
10.56177928147926
11.199987173058524
11.859057021416653
12.53900867071186
13.239874418001445
13.961698985974655
14.704539303259045
15.468464149604674
16.253553709277664
17.059899065153985
17.88760165745508
18.736772724536145
19.607532738250683
20.500010842699837
21.41434430236717
22.35067796373729
23.309163732900423
24.289960070651954
25.293231505852447
26.319148167196033
27.36788533333115
28.439623000895725
29.53454546998789
30.652840946489714
31.794701160597686
32.960321000990724
34.14989816401926
35.36363281738444
36.60172727782161
37.86438570232036
39.15181379252782
40.4642185119808
41.801807815917314
43.164790393406705
44.55337542165855
45.967772332340516
47.40819058983473
48.874839481343066
50.367927918826126
51.887664252741885
53.43425609762068
55.00791016945617
56.608832135004796
58.237226472970235
59.89329634717453