38.77217297633457
39.226241497225786
39.70413141495323
40.2055382385509
40.730162306061025
41.277711922146665
41.8479036205002
42.44046675870856
43.05536585755694
43.691684995114755
44.34986551075198
45.02947076587658
45.7302997526106
46.45218165045397
47.19494388448844
47.958444601131085
48.74255471508931
49.54716342478081
50.37217683682589
51.21751811458794
52.083126208877246
52.96895818075856
53.87498431662439
54.8011920675921
55.7475831972346
56.71417357075663
57.700994070981146
58.708087327826085
59.735510370191946
60.78333124878195
61.85163076424047
62.940500080462314
64.050043071963
65.1803700178145
66.33160759992145
67.50388432106332
68.69734151107465
69.91213089063419
71.1484042402266
72.40633256985947
73.68608266295114
74.98783505136613
76.31177306530161
77.65808791713117
79.02697893955471
80.41863461341181
81.83326858660517
83.27110249807136
84.7323331539991
86.21718592044402
87.72587791162955
89.25863544770031
90.81568403203518
92.39724686519678
94.00356919197908
95.634865015415
97.29138840334413
98.97336513204417
100.68101085011672
102.41458697570165
104.17432251335327
105.96045118660633
107.77320899606381
109.61283033599095
111.47955019991176
113.37360081439542
115.29521155918758
117.24461417422678
119.22203280108276
121.22769629233389
123.26182290896209
125.32463676660983
127.41635288764562
129.53718356770472
131.6873431353539
133.86703579275178
136.0764648808517
138.31583701725407
140.5853396305887
142.8851650608562
145.21550987591658
147.5765481903819
149.96846561911505
152.39143045865654
154.8456187179594
157.33119200431864
159.84831250398025
162.39713705596859
164.97781693795608
167.59049912721275
170.23532595062457
172.91243510823523
175.62195970909139
178.3640283190376
181.13876502009768
183.94628948100384
186.78671703845484
189.66015878858468
192.5667216881421
195.50650866496787
198.47961873708027
201.48614713994365
204.52618546134795
207.59982178334977