34.11666920043423
34.561622285825095
35.02977809384183
35.520828277341735
36.0344725323654
36.570410737168814
37.12836922242715
37.708129930789674
38.309263143080145
38.93170152952278
39.575159842275184
40.239428352430004
40.92431339173843
41.62963727021932
42.355239572033
43.10098231901851
43.86673550842066
44.65239486042417
45.45786620491365
46.28307560862384
47.1279658614801
47.99249098228729
48.87663574325183
49.78037571071128
50.703714906067695
51.646681479890354
52.609295622094905
53.59160501503948
54.593664241214015
55.615549066461604
56.65733396048977
57.719112044614555
58.80098963793014
59.9030761311617
61.025494907424225
62.168377391846306
63.33186855544741
64.51611344005535
65.72127087516047
66.94750597572623
68.19499036297948
69.46390252894619
70.75442852778745
72.0667555138087
73.40108567728345
74.75761680784541
76.13655668276303
77.53811649715863
78.96251025263012
80.4099564158477
81.88067892369537
83.37490010849366
84.89285102351784
86.4347605563083
88.0008576870563
89.59139163091211
91.20658244892869
92.84667161753954
94.51190016650789
96.20250551679298
97.91872616601185
99.66080320878382
101.42897407087423
103.22347711853178
105.04449562116456
106.89242753489255
108.76735758572947
110.66955841456718
112.5992734976893
114.55671477908086
NaN
118.55576095995039
120.59778400396667
122.66846176278233
124.76798273369224
126.89657421121014
129.05444532303463
131.24180064384277
133.4588344246551
135.70577929017057
137.98279808952685
140.29008787071612
142.6278444950951
144.99624413530682
147.39546685687216
149.82568719635088
152.28707428246415
154.779792999532
157.3040036568611
159.85986197345198
162.4475190754289
165.06712150601822
167.71881124783457
170.40272575722207
173.11899801033098
175.8677565605746
178.6491256071112
181.46322507388328
184.31017069878965
187.1900741326108
190.10304304705963
193.0491812515732
196.02858881829658
199.04136221476693