124.64349059132235
124.69190268315953
124.77257463469977
124.8854842859295
125.030599904925
125.2078808886023
125.41727676044496
125.65872739310716
125.93216160984957
126.23749755964523
126.57463975529944
126.94348705054594
127.34391621377742
127.77579831076005
128.23899193801947
128.73334332922474
129.25871183258576
129.81492268436187
130.40181593171576
131.01923280177525
131.6670151171998
132.34501209472515
133.0530780246933
133.79107835159812
134.55888818916983
135.35639072546292
136.18348983327755
137.04009027736635
137.9261168194533
138.84150610354337
139.78620723877233
140.76018098489737
141.7634020116601
142.79585715926189
143.85767146564027
144.9484776516338
146.06867315277927
147.2181689389545
148.39701044764263
149.6052440255773
150.84293845507813
152.11016367560813
153.4070000006775
154.7335444665115
156.089891003747
157.4761416908649
158.89241352208904
160.33882466636294
161.81550058636608
163.3225691387528
164.86017842184373
166.4284607131163
168.02756458357103
169.65763988020137
171.31884614613088
173.01133484991053
174.735275703166
176.49082311706238
178.27814654260536
180.0974119027519
181.9487909581833
183.83245121570897
185.74856209486254
187.69735443305657
189.67881716711378
191.69330004746575
193.7409109470013
195.82181677538134
197.93617752140585
200.08416748312763
202.26593571381892
204.48164106788283
206.73144057825982
209.01548017550743
211.33391035179167
213.68687008480157
216.07450017720217
218.4969295870785
220.95428772767872
223.44670518742006
225.9742895187671
228.53715738029803
231.1354151647116
233.76916253200108
236.43849598994353
239.1435091725644
241.88427912954182
244.6608833614052
247.47339597570368
250.32187613413294
253.20641638212552
256.1269974375504
259.0837292357513
262.07663968682465
265.1057573386381
268.1711190020476
271.2727446533128
274.4106586010438
277.5848432065158
280.79540423765496
284.0422478514283
287.3254144702398
290.64489622025627
294.000686315839
297.3927754456378
300.82114821862757
304.28578630001675
307.786669708688
311.3237119916992
314.897074208555
318.5065370730154
322.15213876249015
325.83383814331296
329.55160364341447
333.3053980447841
337.0951825180543
340.9209159115206
344.78256669149056
348.68008390072185
352.6134267231565