134.41849583558732
134.4675114436023
134.54918989649923
134.66350957973032
134.81043999173673
134.98994142990972
135.20196649307184
135.4464555900612
135.7233409544979
136.0325425178391
136.3739743305261
136.7475319971125
137.15310416174069
137.59056904637384
138.05979607105166
138.56064777121483
139.09298209327736
139.65665510422718
140.25152297138024
140.87744388118617
141.534280928108
142.22190433372404
142.9401912218401
143.68902880904605
144.46831400349578
145.27795481132802
146.11787044431713
146.9879923270839
147.88826353473308
148.8186396452333
149.77908715103072
150.76958632797192
151.790125459823
152.84071087125702
153.92135291660938
155.03207414418003
156.17290870654818
157.3439082311855
158.54511718916152
159.77659925176238
161.03843654068166
162.33069787290836
163.6534778657483
165.0068698225221
166.39098041705515
167.80591466398928
169.2517933039339
170.72873743023817
172.2368759526723
173.77634091368648
175.3472734736918
176.9498109826199
178.58410449070834
180.25030752510304
181.94856631524823
183.67903986569212
185.44188718875424
187.23726738294306
189.06534417960484
190.92627948345526
192.82023842060667
194.7473824587799
196.70787930839424
198.70189022460073
200.7296103314148
202.79110419606337
204.8866271791697
207.01630271244983
209.18029416624069
211.37875180580548
213.6118156157838
215.87963861527325
218.18236077524944
220.52012114718386
222.89305071395052
225.30128055170985
227.7449325296092
230.2242001004784
232.73897285204376
235.28957977876144
237.87605311058905
240.49848773866765
243.15696863094888
245.85158309758097
248.5824109659706
251.34951680659975
254.15297718638152
256.99283930671726
259.86915263396475
262.7819921593905
265.73136700882424
268.7173263283118
271.7398919508446
274.7990960692959
277.89494852141064
281.0274651764855
284.1966500002925
287.40250765067634
290.6450318083183
293.9242205883169
297.24005672982855
300.5925231236996
303.9816047849574
307.4072720131934
310.86950036170333
314.3682582965523
317.9035119951667
321.4752258536985
325.08335687270716
328.72786967011996
332.4087132582643
336.1258481828603
339.87920220302584
343.66878965353897
347.4944973079857
351.356296802108
355.2541355624633
359.1879592928362
363.15770981721056
367.16335142990664