141.55159735876524
141.6010358530771
141.683419423398
141.79872672332365
141.94692857571505
142.12798613013817
142.34184904831173
142.58846893227198
142.8677711237614
143.17968171399653
143.5241132553313
143.90096788030942
144.31014195608893
144.75151523025426
145.22496630885752
145.73036741777022
146.26758652798617
146.83649265140477
147.43695308066756
148.06884751565653
148.73205746616995
149.4264443379489
150.1519281705983
150.90840546109618
151.6957880009806
152.51400078753113
153.3629790545742
154.24266939331335
155.15303002015858
156.09402977966613
157.0656505737135
158.06788187858106
159.10072937152967
160.16420345360285
161.25832859740822
162.38313827249058
163.53867204670397
164.72499171630557
165.94214992254686
167.19021837295324
168.46927551996396
169.7794079939493
171.12070925233897
172.49327915279503
173.89722343531142
175.33265710135817
176.79969931709127
178.29847401648055
179.82910901617154
181.39174728848147
182.98651783927252
184.61356936137193
186.27304696678198
187.96509883577974
189.68987470481997
191.44754140946154
193.23824269631564
195.06214015922703
196.91939519716928
198.81016575754109
200.73461179666535
202.69289373426471
204.68517025105217
206.71160260992016
208.7723436671591
210.86755125628883
212.9973774964906
215.16197047646185
217.36148669272418
219.5960630025249
221.86584051435756
224.17095912987116
226.51154929719655
228.88773943683717
231.29964989687227
233.7474106376882
236.2311210395728
238.75089573856636
241.30683275005453
243.8990302668025
246.5275758266572
249.1925558173658
251.8940449921728
254.63211505544282
257.40683212894385
260.21825054013965
263.06642665280515
265.95140247281256
268.8732171261112
271.8319042158255
274.8274970100531
277.8600055186548
280.9294480068087
284.03583784207217
287.17917871357326
290.35946518155055
293.57668994351457
296.83084380001605
300.1219095980748
303.4498666988237
306.8146884706971
310.21632168689456
313.654810304964
317.13005160544157
320.64201163828983
324.1906611642651
327.7759478738114
331.3978284571983
335.0562508827765
338.75115987655954
342.48250786519907
346.25023389710054
350.05428028397586
353.89458840014
357.77107777229867
361.68375832908885
365.63249595491743
369.61725363221046
373.63796924698124
377.69458041713546