168.63881190350054
168.7067214168218
168.79159332909958
168.91038745588745
169.06307556044848
169.24962223222596
169.4699838511767
169.72410285685507
170.01193430544583
170.33339317104398
170.6884079493877
171.0768954259797
171.49876768448252
171.9539346128802
172.44229951968072
172.96379108149733
173.5183063292889
174.10577183589407
174.72611367871028
175.37926565229614
176.06517113963628
176.7837800983171
177.53505336075676
178.3189589497733
179.13547685014908
179.98459262564427
180.86630440542487
181.78061603740207
182.72753001498614
183.70710514611545
184.71933526596317
185.76427175381042
186.84196038521068
187.95245393483407
189.09581695645744
190.27211539885937
191.48142427988768
192.72518493361918
193.999407663434
195.3082656358281
196.65049611022795
198.02620772278664
199.43550849814426
200.87851494031264
202.35534701062943
203.86612766026224
205.4109859315813
206.99005272708692
208.60346303356147
210.25135479588354
211.93386840221734
213.65114540952618
215.4033303510401
217.1905693175106
219.01300641511492
220.87104932854862
222.76406805931325
224.69298436561382
226.657688470243
228.65832251508527
230.69503013462457
232.76795365412835
234.8772294904996
237.02299788929776
239.20538761680584
241.4245310965733
243.68055092827936
245.973570549935
248.30370350529856
250.67106209404756
253.07575424884152
255.5178762356229
257.99752545801425
260.51479032005903
263.0697452133278
265.66245965686346
268.29304959503935
270.9615189261495
273.66794490571374
276.41237274239467
279.19484227356406
282.0153892704601
284.8740367622478
287.7708045814488
290.70570630319725
293.6787418133848
296.689913273274
299.7392156123183
302.826626944984
305.9521269351541
309.1156948889832
312.31729128679626
315.55687688002604
318.8344110771549
322.14984294824916
325.50311652832215
328.89418041365957
332.32295270449424
335.7893968474287
339.29343082814773
342.8349694900772
346.41394235988577
350.03027045347443
353.6838747384088
357.3746648778618
361.1025604017544
364.86746989861297
368.6693021398863
372.5079691391458
376.3833786229822
380.2954356040549
384.2440489453112
388.22912554964637
392.2505679697648
396.30828596544956
400.40218597149453
404.53217448833635
408.69815650504523
412.9000454362199
417.13774691113395