169.52940876509138
169.59738002832538
169.68232958817978
169.8012316480008
169.95405900408005
170.14077609986904
170.36133927414087
170.61569639722546
170.90378726791369
171.22554243883206
171.5808857411227
171.9697340907407
172.39200074178345
172.84759600951452
173.33643130283903
173.85841755794445
174.41347277886936
175.00151839021964
175.6224821021949
176.2763012205335
176.96292021508123
177.68228880185504
178.43437839565968
179.2191511656729
180.03659069605277
180.88668720917
181.76943814650207
182.68485058037984
183.63294039478575
184.61373296343808
185.62725887090934
186.6735588115327
187.75268058438152
188.86467937611454
190.00961733605092
191.18756527184394
192.39859733536255
193.6434866970383
194.92025301434774
196.2310611850501
197.57531991646482
198.95313706145024
200.36462128557005
201.80988924397846
203.28906079703052
204.80226666850945
206.3496261266393
207.9312744119694
209.54734622553676
211.19797968281333
212.8833145145277
214.60349296593645
216.3586592760916
218.14895867701273
219.97453748724942
221.83553579559538
223.73211635140598
225.66441026040576
227.63256902004144
229.6367342795786
231.67705055587618
233.75365827659647
235.86669509584485
238.01629550691945
240.20259487362281
242.4257174068998
244.68578962392053
246.98292941727092
249.31725528513246
251.6888747802912
254.09789179519302
256.54440649953705
259.02851203971755
261.5503070962075
264.1098345023525
266.70720482040315
269.3424732089794
272.0156978940078
274.72693208335215
277.4762239895552
280.2636092210435
283.0891190477356
285.95277883605394
288.8546052757941
291.7946107923681
294.7727924053296
297.78915192095724
300.8436778217839
303.9363518828951
307.0671512853529
310.2360482067914
313.4430064883665
316.6879839857317
319.97092957712533
323.29181909823876
326.65056609663196
330.0471233198207
333.48142282501607
336.95339860710817
340.4629752584828
344.0100851431591
347.5946418741647
351.2165688884757
354.87578232398334
358.5721923243057
362.30571703180016
366.0762626827286
369.8837349592305
373.7280473033906
377.6091125968054
381.526820665778
385.4810940394563
389.47182224704034
393.4988794348495
397.562296738012
401.6618469805676
405.7974845833625
409.9691053740786
414.1766250643576
418.4199621251464