169.82900934848064
169.89700138797437
169.9819767935708
170.10091407294735
170.2537893328374
170.44056353798982
170.66119450422397
170.91562968123725
171.20380336283645
171.5256641386229
171.88111728481786
172.27008732258784
172.6924863330638
173.14822582847341
173.63721637838066
174.15937135293404
174.7146075796966
175.30284744873993
175.92402061694492
176.5780637038705
177.2649196787155
177.98454978887926
178.73690953099035
179.52197355202728
180.3397232540549
181.19014854013633
182.07324865739056
182.98903124595478
183.93751287242503
184.91871796188573
185.9326792882597
186.9794374033491
188.05904085088596
189.17154532861937
190.31701345688168
191.49551442322678
192.7071254660716
193.95244587218275
195.23001302232896
196.541479726752
197.88642091992386
199.2649447246536
200.67716482564452
202.12319430931058
203.60315532597107
205.11717157929726
206.66536725301287
208.24788749122848
209.86485347486374
211.51640845912996
213.20270270373916
214.92384595567486
216.6800140603969
218.47134167301977
220.29797605314104
222.16006218428777
224.05774736779614
225.9911762778846
227.96049483582192
229.96584824803782
232.00737720587202
234.08521967262652
236.19952405996997
238.35041300933878
240.53802492902105
242.76248557647185
245.0239200569339
247.32244522048404
249.6581796705696
252.0312310921892
254.44170257509634
256.8896938027592
259.3752968984857
261.89859829419805
264.4596768298701
267.05860593542474
269.69545352178716
272.3702752528306
275.0831221498117
277.83405318002417
280.6230885826419
283.45026673894057
286.3156118390624
289.2191377974094
292.16085655921296
295.1407686257526
298.1588697445431
301.21515053197237
304.30959015468443
307.44217103493406
310.61286046177867
313.8216185310503
317.068409688413
320.35318581601763
323.67589044536277
327.03648041945735
330.4348808556114
333.8710330289786
337.3448675897938
340.85631295426464
344.4052889213229
347.9917236979658
351.61553037627255
355.2766247628383
358.97492521812757
362.7103374653205
366.482774463177
370.2921457280395
374.1383573122629
378.0213137877959
381.9409246942927
385.89709187780954
389.88972243871535
393.91872015230797
397.98398783783483
402.08543541008345
406.22296888085333
410.39648327525316
414.60589511032026
418.85112216310483