123.22289840689577
123.27122064641455
123.351741841671
123.46444066916074
123.60928502455346
123.78623405816252
123.99530167564855
124.23623320953283
124.50915142993756
124.81390921866041
125.15041192383075
125.51855288625887
125.91821273641294
126.34925965808434
126.81155156804087
127.30493754631222
127.82925871995349
128.3843514402216
128.9700547844477
129.5862012054442
130.23263252376998
130.9091933284515
131.61573591496406
132.35212136117408
133.11822264553004
133.91392135017963
134.73910730267207
135.59370358112542
136.47761562959016
137.39077959052636
138.33314480357924
139.30466890146502
140.30532346854645
141.33509361615307
142.39406966750923
143.481979631865
144.59911265193492
145.74544061945983
146.9209728423173
148.12577122805646
149.35989866567525
150.62342649294004
151.91643758227517
153.23878316340532
154.5912615228126
155.973280226403
157.38518413289847
158.82709035281533
160.29912661912928
161.8014205427732
163.33406847573679
164.89734611080732
166.49126294945356
168.11601527486445
169.77176025630715
171.45865369780935
173.17685826906447
174.92653614193262
176.70785591855648
178.5209841384923
180.36608905240064
182.2433409419174
184.15291384170504
186.09497509979636
188.0696974505081
190.07725053184225
192.11780618300816
194.19152358692887
196.2985769673796
198.43912783012098
200.61333672594185
202.8213641918461
205.06336308074208
207.3394867104499
209.64988450341656
211.99469759396408
214.37436906504414
216.78812684201333
219.23701435036634
221.72083190165588
224.23974513996987
226.79382641470835
229.38320016103606
232.00795741631208
234.66822770192894
237.36407234925036
240.09557504270558
242.86285164282816
245.66593492446233
248.50492005673746
251.37985461219168
254.2907872953902
257.23780200154476
260.22090981680765
263.2401620077663
266.29559042365696
269.38722353310743
272.5150854324592
275.6791924084101
278.8795557159044
282.1161880145714
285.389061774284
288.69826486223553
292.0437014922883
295.4253947452265
298.8433353412982
302.2975061770991
305.7878856206982
309.31445602394797
312.87718991819
316.47606290217584
320.1110445841701
323.78210435231586
327.48918743369165
331.23231752967695
335.0114074763592
338.8264299699003
342.67734739342
346.5641240878595
350.48671659618265