 0.00000000000000E+00
 0.00000000000000E+00
 0.00000000000000E+00
 0.00000000000000E+00
 0.00000000000000E+00
 0.00000000000000E+00
 0.00000000000000E+00
 0.00000000000000E+00
 0.00000000000000E+00
 0.00000000000000E+00
 0.00000000000000E+00
 0.00000000000000E+00
 0.00000000000000E+00
 0.00000000000000E+00
 0.00000000000000E+00
-0.30499512002576E-18
 0.24904837756310E-16
 0.40709764655700E-16
 0.16349116818634E-16
 0.37969480003576E-16
 0.21667886453314E-16
 0.31388823099490E-16
 0.39590291224993E-16
 0.64951967254379E-16
 0.15134141806690E-15
 0.35847956211126E-15
 0.80659269220330E-15
 0.17098568581340E-14
 0.34681159223839E-14
 0.67192466802034E-14
 0.12472136107915E-13
 0.22231911050805E-13
 0.38217444084041E-13
 0.63572711485655E-13
 0.10259510553287E-12
 0.16105226731397E-12
 0.24647354929076E-12
 0.36849334383753E-12
 0.53918389417392E-12
 0.77339541338520E-12
 0.10890946859791E-11
 0.15076894832531E-11
 0.20543087146301E-11
 0.27580695349287E-11
 0.36522950152873E-11
 0.47746806254532E-11
 0.61674287165847E-11
 0.78773028153361E-11
 0.99556521648059E-11
 0.12458368636922E-10
 0.15445794955821E-10
 0.18982577263628E-10
 0.23137480802521E-10
 0.27983149738825E-10
 0.33595838669458E-10
 0.40055103413878E-10
 0.47443468925549E-10
 0.55846071587721E-10
 0.65350284916728E-10
 0.76045333429676E-10
 0.88021902374959E-10
 0.10137174102867E-09
 0.11618727352912E-09
 0.13256121158749E-09
 0.15058618265473E-09
 0.17035436765945E-09
 0.19195715667037E-09
 0.21548482467000E-09
 0.24102622619705E-09
 0.26866851140152E-09
 0.29849686855561E-09
 0.33059428736320E-09
 0.36504134821970E-09
 0.40191603619451E-09
 0.44129357827407E-09
 0.48324630527633E-09
 0.52784353834001E-09
 0.57515149499154E-09
 0.62523321995486E-09
 0.67814853503662E-09
 0.73395400895691E-09
 0.79270294475505E-09
 0.85444538531468E-09
 0.91922813341295E-09
 0.98709478692539E-09
 0.10580857862221E-08
 0.11322384740022E-08
 0.12095871647776E-08
 0.12901632234490E-08
 0.13739951524899E-08
 0.14611086842004E-08
 0.15515268798334E-08
 0.16452702326041E-08
 0.17423567732710E-08
 0.18428021794567E-08
 0.19466198853314E-08
 0.20538211927102E-08
 0.21644153812342E-08
 0.22784098190114E-08
 0.23958100708444E-08
 0.25166200050305E-08
 0.26408418979682E-08
 0.27684765359867E-08
 0.28995233139669E-08
 0.30339803311033E-08
 0.31718444830018E-08
 0.33131115502411E-08
 0.34577762837083E-08
 0.36058324857925E-08
 0.37572730887342E-08
 0.39120902287682E-08
 0.40702753178041E-08
 0.42318191114444E-08
 0.43967117743099E-08
 0.45649429427838E-08
 0.47365017853702E-08
 0.49113770608106E-08
 0.50895571745790E-08
 0.52710302340375E-08
 0.54557841020351E-08
