 0.00000000000000E+00
 0.00000000000000E+00
 0.00000000000000E+00
 0.00000000000000E+00
 0.00000000000000E+00
 0.00000000000000E+00
 0.00000000000000E+00
 0.00000000000000E+00
 0.00000000000000E+00
 0.00000000000000E+00
 0.00000000000000E+00
 0.00000000000000E+00
 0.00000000000000E+00
 0.00000000000000E+00
 0.00000000000000E+00
-0.64966886693041E-17
-0.72435478820329E-17
-0.47095725584831E-16
-0.24046871417015E-16
-0.57564928570694E-17
 0.45132782909338E-17
 0.16419733783759E-17
 0.23125467057618E-16
 0.65512191546543E-16
 0.14007468091606E-15
 0.34690987509955E-15
 0.73515180444082E-15
 0.16832981744257E-14
 0.34545387793888E-14
 0.66954379346259E-14
 0.12369025574806E-13
 0.22185682842174E-13
 0.38289779334380E-13
 0.63578983672508E-13
 0.10258997964080E-12
 0.16100569534696E-12
 0.24645537708159E-12
 0.36850214769428E-12
 0.53916585835681E-12
 0.77336882917981E-12
 0.10891237430129E-11
 0.15077076376141E-11
 0.20543537068902E-11
 0.27581046435448E-11
 0.36523236578977E-11
 0.47747550134462E-11
 0.61675462222626E-11
 0.78775104618467E-11
 0.99559759906213E-11
 0.12458913405569E-10
 0.15446618833426E-10
 0.18983885986884E-10
 0.23139476304319E-10
 0.27986177749412E-10
 0.33600342740841E-10
 0.40061712985955E-10
 0.47453061747432E-10
 0.55859748813377E-10
 0.65369551199205E-10
 0.76072222533074E-10
 0.88058967083597E-10
 0.10142234519600E-09
 0.11625558889982E-09
 0.13265261661399E-09
 0.15070731737170E-09
 0.17051349573187E-09
 0.19216448718035E-09
 0.21575280854953E-09
 0.24136990918329E-09
 0.26910610207613E-09
 0.29905008181765E-09
 0.33128898581753E-09
 0.36590812354348E-09
 0.40299079126620E-09
 0.44261829850721E-09
 0.48486984449001E-09
 0.52982234716176E-09
 0.57755056873773E-09
 0.62812702281288E-09
 0.68162197618884E-09
 0.73810346595828E-09
 0.79763738225686E-09
 0.86028744174122E-09
 0.92611533328635E-09
 0.99518069699241E-09
 0.10675412690076E-08
 0.11432529293189E-08
 0.12223697573024E-08
 0.13049441828295E-08
 0.13910269795019E-08
 0.14806674080735E-08
 0.15739132689142E-08
 0.16708109179022E-08
 0.17714054059454E-08
 0.18757404856114E-08
 0.19838586092574E-08
 0.20958010242549E-08
 0.22116077661949E-08
 0.23313176588294E-08
 0.24549682809292E-08
 0.25825960337543E-08
 0.27142360194877E-08
 0.28499220775077E-08
 0.29896867288237E-08
 0.31335610944543E-08
 0.32815748863877E-08
 0.34337563535888E-08
 0.35901321615843E-08
 0.37507274176954E-08
 0.39155655294087E-08
 0.40846682533398E-08
 0.42580555476253E-08
 0.44357455815612E-08
 0.46177546939493E-08
 0.48040973716336E-08
 0.49947862111221E-08
 0.51898319477883E-08
 0.53892434666336E-08
 0.55930277790638E-08
 0.58011901220936E-08
