 0.00000000000000E+00
 0.00000000000000E+00
 0.00000000000000E+00
 0.00000000000000E+00
 0.00000000000000E+00
 0.00000000000000E+00
 0.00000000000000E+00
 0.00000000000000E+00
 0.00000000000000E+00
 0.00000000000000E+00
 0.00000000000000E+00
 0.00000000000000E+00
 0.00000000000000E+00
 0.00000000000000E+00
 0.00000000000000E+00
 0.75033248091984E-14
 0.71604079495926E-15
 0.12918853936615E-13
 0.20870981282217E-13
 0.15857921674587E-13
-0.97342679221355E-14
-0.16129964195656E-13
 0.76178093610565E-14
-0.80483529732555E-13
 0.65134597175959E-14
-0.64384104554176E-14
 0.14036243915009E-12
-0.51159479264828E-14
-0.20138556063416E-12
 0.70021195361743E-12
 0.13257035409033E-11
 0.30655015450522E-12
-0.97272370492511E-12
-0.23894996635455E-12
-0.37969307598273E-12
 0.14680751162038E-11
 0.13006157470228E-12
 0.19415525379935E-12
 0.16247747318640E-11
 0.19617840622333E-11
-0.26235280628100E-12
 0.13527010387923E-11
-0.15851581584771E-11
 0.20062797049720E-11
 0.47231567296861E-11
 0.57373611813106E-11
 0.62718514886316E-11
 0.72482743919906E-11
 0.11178689283220E-10
 0.99700990118825E-11
 0.14708128084978E-10
 0.21914179801763E-10
 0.26656360170529E-10
 0.29307891207073E-10
 0.31623367830826E-10
 0.39476625302457E-10
 0.37183180672746E-10
 0.54406158010105E-10
 0.71439685870920E-10
 0.65167241096847E-10
 0.10231630433421E-09
 0.86520776003490E-10
 0.12957387158591E-09
 0.12353367961221E-09
 0.15656612884903E-09
 0.20233450763595E-09
 0.22277008862531E-09
 0.21812145914015E-09
 0.27821259156412E-09
 0.28389306305993E-09
 0.35079758566065E-09
 0.40675758906277E-09
 0.42417877813451E-09
 0.50668078592852E-09
 0.59763167880921E-09
 0.63062390271360E-09
 0.70444234452508E-09
 0.78787194554922E-09
 0.88908180239296E-09
 0.96507399477020E-09
 0.10929159294314E-08
 0.11708152443807E-08
 0.13441883589621E-08
 0.14593815479926E-08
 0.16212306951489E-08
 0.18295857888323E-08
 0.19610155278227E-08
 0.21997220179954E-08
 0.23849588630283E-08
 0.25970315590079E-08
 0.29154209398204E-08
 0.30684566610765E-08
 0.33969507360141E-08
 0.38056494470876E-08
 0.39620995030654E-08
 0.44231001161268E-08
 0.47353453371494E-08
 0.51957271963782E-08
 0.54831329077225E-08
 0.59928364520036E-08
 0.62362634428875E-08
 0.66868864538412E-08
 0.72237601957928E-08
 0.75666585692953E-08
 0.81533429737436E-08
 0.87201325953855E-08
 0.90976013383756E-08
 0.96241320603465E-08
 0.99459145265354E-08
 0.10715472326538E-07
 0.11376968099956E-07
 0.11912819304330E-07
 0.12433693106637E-07
 0.12983325694546E-07
 0.13435878148967E-07
 0.13843106478602E-07
 0.14501512626921E-07
 0.14936191705455E-07
 0.15591461289413E-07
 0.15998884290877E-07
