 0.00000000000000E+00
 0.00000000000000E+00
 0.00000000000000E+00
 0.00000000000000E+00
 0.00000000000000E+00
 0.00000000000000E+00
 0.00000000000000E+00
 0.00000000000000E+00
 0.00000000000000E+00
 0.00000000000000E+00
 0.00000000000000E+00
 0.00000000000000E+00
 0.00000000000000E+00
 0.00000000000000E+00
 0.00000000000000E+00
 0.24984587081502E-16
 0.38492283566311E-15
 0.35993824858160E-15
-0.37097072127841E-30
-0.34507973167983E-16
 0.37590180092761E-15
-0.44478574550606E-16
-0.53685652743331E-16
 0.10291266793486E-16
-0.53754160859960E-16
 0.24522565226751E-15
 0.46379981969304E-15
 0.78306019711596E-15
 0.33105117867390E-14
 0.36723133283483E-14
 0.76406077612200E-14
 0.15332586359187E-13
 0.28686105556489E-13
 0.46092030434933E-13
 0.75987740651382E-13
 0.12221766173426E-12
 0.19048365519885E-12
 0.28184898681354E-12
 0.41952598467508E-12
 0.60309083371697E-12
 0.85431951785350E-12
 0.11881785835924E-11
 0.16301025447280E-11
 0.21976441289182E-11
 0.29218141353797E-11
 0.38435671892616E-11
 0.49846189167608E-11
 0.63962852262969E-11
 0.81172313889431E-11
 0.10201628008637E-10
 0.12697808880675E-10
 0.15664793303705E-10
 0.19166364746240E-10
 0.23263931593908E-10
 0.28025914156051E-10
 0.33528532902265E-10
 0.39841510865954E-10
 0.47049497367508E-10
 0.55228838082800E-10
 0.64466079433447E-10
 0.74846041248430E-10
 0.86453259978117E-10
 0.99379650918475E-10
 0.11371928565098E-09
 0.12955551025236E-09
 0.14698813072069E-09
 0.16610545651565E-09
 0.18700699333185E-09
 0.20978652861147E-09
 0.23453852257661E-09
 0.26135453348424E-09
 0.29033782354655E-09
 0.32158375210546E-09
 0.35518768475941E-09
 0.39124930297702E-09
 0.42986115732639E-09
 0.47112957082895E-09
 0.51515305630935E-09
 0.56203095905353E-09
 0.61186979539033E-09
 0.66476351365283E-09
 0.72082805917118E-09
 0.78015966904383E-09
 0.84287392753197E-09
 0.90907684508952E-09
 0.97887758498443E-09
 0.10523941639007E-08
 0.11297351480367E-08
 0.12110261435270E-08
 0.12963711786939E-08
 0.13859028794835E-08
 0.14797295042877E-08
 0.15779799473329E-08
 0.16807730480289E-08
 0.17882351840822E-08
 0.19004808037249E-08
 0.20176346120823E-08
 0.21398102736893E-08
 0.22671355676095E-08
 0.23997185247417E-08
 0.25376828879333E-08
 0.26811256862253E-08
 0.28301590762771E-08
 0.29848804034421E-08
 0.31453912382312E-08
 0.33117823516355E-08
 0.34841338448270E-08
 0.36625295649332E-08
 0.38470393633754E-08
 0.40377321106760E-08
 0.42346659920443E-08
 0.44378933086804E-08
 0.46474567690986E-08
 0.48633966194230E-08
 0.50857519428955E-08
 0.53145338049895E-08
 0.55497760895933E-08
 0.57914853776648E-08
 0.60396779241187E-08
 0.62943484749088E-08
