47.725462678853106
47.78145515728272
47.85142026649114
47.94932338072104
48.07511592970454
48.22873440321985
48.410099548719174
48.619115142623265
48.85566509536616
49.11961365434346
49.410801200386565
49.729044797063246
50.07414219921022
50.4458571067057
50.84396939421223
51.2681953208943
51.718269871485695
52.193911756536636
52.69483557058997
53.22075301652125
53.77137781074893
54.3464273329154
54.94562652311542
55.56870927783061
56.21542069699647
56.885518026725556
57.57874084731242
58.29497379242159
59.03392318364715
59.79544011645183
60.5793613995872
61.385543413935444
62.213856207005605
63.064189594754545
63.93645027737795
64.83056230572844
65.74646648417227
66.68411798771155
67.64349230384455
68.62457672477659
69.62737364109132
70.65190224864106
71.69819377102235
72.7662923072833
73.85625694476583
74.96815822606881
76.10207689132922
77.25810615288628
78.43634999137956
79.63692186829368
80.85994537364682
82.10555220899268
83.37388464890661
84.66509104834748
85.97932736332946
87.3167592085718
88.67755674598214
90.06189642692354
91.46996109457532
92.90194056145114
94.35802752376429
95.83841968340477
97.34331532648947
98.87293417525244
100.42837617568266
102.00714917976286
103.61218056409648
105.24278170726664
106.89917754276382
108.58158647618495
110.29023407079553
112.0253118302951
113.78714378073552
115.57585954996915
117.39171551315368
119.23493927805634
121.10575514336657
123.00442197914955
124.93106446775383
126.8860055853232
128.86943130964124
130.8815543973467
132.9226101175082
134.9927972010322
137.09233167503143
139.22142168280578
141.3802763870057
143.56909640303874
145.78808036295794
148.03742413561974
150.3173185169372
152.62794731957703
154.96951851197477
157.34218369208475
159.74612533341758
162.18151388185572
164.64852013288046
167.14730248491358
169.6780162923282
172.24081305513496
174.83584199731015
177.4632440672552
180.12315615830965
182.81571027588134
185.5410361138639
188.29925364629906
191.09048446820668
193.91483940887363
196.7724281202813
199.66335497443725
202.58771993100035
205.5456186417406
208.53714256454253
211.56237908630968
214.62141165418882
217.71431991433997
220.841179857848
224.00206397292158
227.19704140289352
230.42617810939274