56.675513648999015
56.71850137369158
56.790126403620505
56.89035710380594
57.01914829918168
57.17644137535269
57.362162240311925
57.57622495474956
57.81852130177953
58.08892739039603
58.38729853055599
58.713468328681635
59.067249053740916
59.44843318014192
59.856791698836545
60.29208777283615
60.754059820079014
61.24244402635827
61.75696818732024
62.29735748940721
62.86333683084244
63.45463441058943
64.07098439560585
64.71212861897516
65.37782060023896
66.06782776862488
66.78192458251281
67.51990669538992
68.28158405798455
69.0667793593588
69.87534056145495
70.7071255907874
71.56201073628725
72.43989145978666
73.34067995208424
74.2643051532105
75.21071186118493
76.17986318748973
77.17173567092067
78.18632161465192
79.22362856111081
80.28367906561368
81.36650759727733
82.47216198533467
83.6007039696149
84.7522071181891
85.92675186035706
87.12443573958497
88.34537175772192
89.58966300271044
90.85743928885675
92.14883394848349
93.46398807573806
94.80305101610655
96.1661803696329
97.55353863059936
98.96529725469289
100.40163128882178
101.86271749201381
103.34875776763778
104.85992753775962
106.39643115289782
107.95846373669823
109.54623432727054
111.15994577635301
112.7998063287551
114.46631891393221
116.15883376363017
117.87842730716835
119.6250315578504
121.39886207855267
123.20014119181045
125.02908386148854
126.88591403230886
128.77084791676882
130.68410285562794
132.62589540954878
134.5964531775854
136.59597618990713
138.6246863501671
140.68278892276194
142.77048967403826
144.88801840490913
147.03555215201916
149.21330054551095
151.4214593797166
153.66022525030354
155.9297841685195
158.23032447367396
160.56203043648037
162.9250763886007
165.3196386677367
167.74588396733824
170.2039957656524
172.69407983959778
175.2163463192354
177.7709254795756
180.35795353976272
182.9775967115942
185.62997682409753
188.31521897306706
191.03344976987503
193.78479348914982
196.56936313862596
199.38727584240394
202.23863133147975
205.12353515516244
208.04208099928448
210.99436183867266
213.98046929509894
217.00048264133108
220.05448283538746
223.14254526999056
226.2647414373782
229.4211390784561
232.61180233836043
235.8367919275414
239.09616528802113
242.38997676388027
245.71827777553966