71.02925464249473
71.07364563727562
71.1476115988336
71.25112370311845
71.38414135175039
71.54661163792566
71.73846879707675
71.95962958987089
72.21001188566656
72.48949327149165
72.79794957031206
73.13523458348449
73.50116160275464
73.89560536831615
74.31830348771247
74.76905682697813
75.24763202288011
75.753790709345
76.28727990232697
76.84784669603397
77.43523786162406
78.049201464027
78.68949136526277
79.35586792441545
80.04810542446619
80.76598357370789
81.50929990125616
82.27786599349267
83.07150686253298
83.89006524504963
84.73339965815374
85.60138553101827
86.4939156209099
87.41089784845285
88.35225906800197
89.31793965868826
90.30789991547476
91.32211081954675
92.36056199381325
93.42325528880066
94.5102087426612
95.62145624980205
96.75702800293587
97.91699304404104
99.1014153108231
100.3103709956348
101.5439541819172
102.80226144596273
104.08540187003642
105.39349486652358
106.7266672320558
108.08505426257086
109.46879893586231
110.87805144934303
112.31296870344477
113.7736983992473
115.26045364669243
116.7733662535788
118.31262790172157
119.87842477446888
121.4709464324522
123.09037856166292
124.73691987584075
126.41072070215402
128.1121177997292
129.84118821552073
131.59816927437637
133.3832699297981
135.1966975934963
137.03952250739349
138.90936748656253
140.80902575643006
142.73784301127475
144.6960266959586
146.68378261517884
148.70131666300932
150.7488200113831
152.82652751734878
154.93460573551815
157.07326260882087
159.24268781023406
161.44308102175432
163.67462333369477
165.93750118496777
168.2318870714819
170.55798070382406
172.91592959597114
175.30591739307602
177.7279766705914
180.18263842561987
182.6696895617841
185.1893879077115
187.741920607898
190.327384482032
192.94593009867128
195.5976826225345
198.2827694900821
201.00132827461158
203.75344532105854
206.53924100616516
209.35881812622947
212.21228109036093
215.09971840507552
218.02121302051233
220.976874031006
223.9667588575491
226.99094799269048
230.04951261523848
233.14251981616883
236.27002953856925
239.43206748659455
242.6287976430125
245.8601567717322
249.12623050253947
252.42706244784074
255.76269301375007
259.13315957854024
262.53849667529676
265.97873617667784
269.4539074809252