44.97110153279414
45.026652754364044
45.0960656114764
45.193194322073445
45.317988843096
45.47038444381831
45.65029912422248
45.85765262087419
46.09226906849199
46.35406434473285
46.64285535856046
46.95845421640203
47.30064947698374
47.66920984870684
48.063883601127074
48.48440547471663
48.9304966321882
49.40187186838738
49.89824013490761
50.41931008026098
50.964791770118865
51.53440030830955
52.12785809577291
52.74489709879173
53.3852604187277
54.0487048954684
54.735000323509794
55.4439326222562
56.175304731405085
56.9289311467713
57.7046561843066
58.50232972647588
59.32181950074663
60.1630161601001
61.02582544401154
61.910170086815
62.81598993761617
63.74323248756595
64.69187716583582
65.66193469874203
66.65337616501995
67.66622228821004
68.70051272045784
69.75628790393701
70.8336051343333
71.93253448671933
73.05315780191854
74.19556728280931
75.35986555231742
76.5461671053359
77.75459406765762
78.98527691832143
80.23836275599598
81.5139932848622
82.81233113144815
84.13353671521924
85.47778254440038
86.84524441214973
88.23610752321977
89.65055914119216
91.08879292917295
92.55101274669872
94.03740909304082
95.54821525497941
97.0836103774854
98.6438275136959
100.22907871446655
101.83958478206031
103.47556662101255
105.13724810928737
106.82485599039816
108.5386165194438
110.27875622875533
112.0455013375282
113.8390863278168
115.65973246446322
117.50767169275339
119.38313092417268
121.28633506998831
123.21751118715507
125.17687808734964
127.16465524153263
129.18109759334425
131.2263806304226
133.30073264316655
135.40436691892583
137.53749576987693
139.70032397147708
141.89304983349356
144.11588787917393
146.36901920101667
148.65264117412784
150.96694188672427
153.3121066428032
155.6883089703649
158.0957341560164
160.53454589583623
163.004909503993
165.5069908336042
168.0409431524489
170.60692050078976
173.20506667520243
175.83552943652722
178.49844450340976
181.1939417541863
183.92215104255976
186.6831958850854
189.47719476446088
192.30426172364176
195.16450628168496
198.05803352080065
200.98494418381563
203.94533478146434
206.9392977089086
209.96692137093095
213.02829031502552
216.1234853720423
219.25258380351116
222.41565945518607
225.61278291618643