75.09771080802531
75.14246547609403
75.21703797237653
75.32140021347423
75.45551258745762
75.61932348254636
75.81276908976052
76.03577197583282
76.2882408688894
76.57006862275932
76.88112989430239
77.22128550738994
77.5903717266596
77.98820900178346
78.41459622736822
78.86933514723484
79.3521851478576
79.86291519377272
80.40128204921892
80.96703872857171
81.55993731884269
82.17973336428074
82.82618687294305
83.49906439887084
84.19814454601949
84.92321595035452
85.67408139110933
86.45055674574576
87.25247733187977
88.07968392410315
88.93204750552502
89.80944581684108
90.71177736655143
91.63895538933082
92.59091039811811
93.5675882063726
94.56895140573349
95.59497730943916
96.64565790594786
97.72099835471762
98.8210206095852
99.9457564434728
101.09525196948708
102.26956528908198
103.46876789802987
104.69293892769669
105.94216775040995
107.2165589208064
108.51621824595084
109.84127330213832
111.19184536479708
112.56807177712213
113.97009588642226
115.39806920338252
116.85214711284763
118.33249285281912
119.83927587625509
121.3727009709843
122.9328508348874
124.5200015659867
126.13431668949374
127.77597755927776
129.44517983071952
131.14212662927756
132.8670035754665
134.6200248644396
136.40138460481379
138.2112868257571
140.04993796563159
141.91754121078426
143.81430460445924
145.74042968854835
147.696122049028
149.68158551591355
151.69702180092045
153.74263226571443
155.81861446472035
157.92516717860576
160.06248447819968
162.23075642916177
164.43017643763113
166.6609249487716
168.9231871854423
171.21713250794738
173.5429613107409
175.90081744779255
178.29087889676194
180.7133055071564
183.1682534032378
185.65588065746732
188.17632775775405
190.72974207379704
193.31626393350692
195.93601959659256
198.58914189454273
201.27575051823203
203.99596314482318
206.74990385591045
209.53764921994866
212.3593171164564
215.21503186619972
218.1048474174408
221.0288652960341
223.98716711846063
226.97982196917192
230.006893627554
233.06850103540353
236.16465966367807
239.2954330373719
242.46089148428382
245.6610762739605
248.89603559663115
252.16581529473402
255.47045484093806
258.8099915306506
262.18445924810305
265.59388900441786
269.03830909323665
272.51774527820857
276.03222098103555