77.40809181246995
77.45304716601082
77.52795477600174
77.63278564475647
77.76750340439965
77.93205469240264
78.12637720205528
78.35039279453545
78.6040180053943
78.88714073366144
79.19964112902761
79.54137895070579
79.91219614828937
80.3119166122741
80.74034563139742
81.19727375208184
81.68247952168683
82.19572959689512
82.73678447962963
83.30540173575825
83.90133646992547
84.52434750299516
85.17419841046917
85.85066080096182
86.55351548847838
87.2825562323026
88.037587937664
88.81843215381161
89.62492259110421
90.45691226182768
91.31439111350376
92.19687178187196
93.10462845539342
94.03745113382718
94.99527382167032
95.97804648983443
96.98573073111731
98.01818893011232
99.07577529543991
100.15813761105318
101.26541629964369
102.39764712051816
103.55487855555693
104.73716927106898
105.94459017479267
107.17721126694303
108.43516028363257
109.71850060845944
111.02736412641347
112.36186323506783
113.72212818618465
115.10829434968858
116.52050742538628
117.95891664510852
119.42367887405933
120.91495358633306
122.43291883534516
123.97773873233389
125.54959400460967
127.14866812564561
128.7751442279371
130.42921767374168
132.11107655122112
133.8209167103328
135.55893686282155
137.32533440645824
139.12031294371536
140.9440722652466
142.79681665452148
144.67874829317248
146.59034541478476
148.53098835893434
150.50168939922148
152.50241201854524
154.53332028664084
156.5946240697323
158.68652157079072
160.80920448303158
162.96286749142064
165.14769752373945
167.36388081807303
169.6115995614862
171.89103552587963
174.2023617576863
176.54574979393152
178.92059736624125
181.32937659182784
183.76993738400006
186.24320272870074
188.74932069664678
191.28843420001314
193.86068530028442
196.4661991802622
199.10512491463393
201.7775681873879
204.48365052178346
207.2234866828993
209.99718553742227
212.8048466252044
215.64657128135266
218.52244775710358
221.43257101896168
224.37701613319342
227.3558632082038
230.36918392467578
233.41704967155718
236.4995216917042
239.61665894588452
242.76851702676294
245.955148781927
249.17659899170624
252.43291241506077
255.7241281560644
259.0502837655182
262.4114115947061
265.8075422281191
269.23870310621567
272.7049190256648
276.2062123281186
279.7426030891751