78.68482325900219
78.72988809338084
78.80497786393093
78.91006518191875
79.04511106388155
79.21006530239269
79.40486514593076
79.6294341818512
79.88368609697363
80.16751352455256
80.48080633974037
80.8233958681771
81.19515486860539
81.59589915040664
82.02543559086334
82.48355740627676
82.97004351828517
83.48466421561216
84.02717639335074
84.59735321417584
85.19493865386575
85.81969776972336
86.47139684259936
87.14980888481541
87.85471759537693
88.58591750874982
89.34321683195355
90.12643839349472
90.93541882967897
91.77001126950431
92.63028306199793
93.51552759451504
94.42623938426175
95.36213973187179
96.32316134834556
97.30925713304853
98.3203916445274
99.35654600910298
100.4177146022826
101.50390854525455
102.61514897387178
103.7514742988804
104.91293279100766
106.0995788524145
107.31149013914983
108.54874773217622
109.81144476624367
111.09968278878245
112.41357182921811
113.75323719933319
115.11880404437503
116.51040821557267
117.92818826223342
119.37231422430601
120.84292113478669
122.34018358609343
123.8642640877095
125.41533944699304
126.99358279588736
128.59918489930124
130.23232371339316
131.89319181551497
133.58197907739955
135.29888313212214
137.04409823508206
138.81782539767946
140.62026145919558
142.45161328962632
144.3120768505136
146.20143557879283
148.12121104265591
150.07017749802318
152.0491209804029
154.0581845125961
156.0975699697749
158.16747328366915
160.26808799186475
162.39961099430832
164.5622301291312
166.75613215484958
168.98150201408032
171.23851823654041
173.52736561428134
175.84821000902517
178.20124934993711
180.58657176600505
183.00439658937736
185.45491082215872
187.93820972272928
190.4544577595409
193.00379903064427
195.5863741051142
198.20230000161243
200.85171738105453
203.53474302040453
206.25149021799805
209.00207423616314
211.7865988094062
214.60516725068368
217.45786545868575
220.34479676636354
223.26603634744944
226.22166893171277
229.21176574327677
232.236401212202
235.29563923305807
238.3895421045656
241.5181620763189
244.68156593562392
247.87978853237962
251.11287967842546
254.3808808737781
257.68382897900295
261.0217593894149
264.3947027817095
267.802687605603
271.24573934204454
274.7238808692387
278.23713265205237
281.7855129314028