0.057397940461723834
0.08082783895801221
0.11125883494533256
0.15023979769580098
0.19961985038681634
0.26161787843051926
0.3389086489256755
0.4347211930016605
0.5529133062682796
0.6978707468893374
0.8738120359931182
1.0831253001034469
1.3250373349863045
1.5966261792776932
1.8947303843190786
2.216801842099968
2.560955442094567
2.925813251791481
3.3103562768372137
3.713817408891105
4.135610787787517
NaN
5.0324732694164185
5.506904054952667
5.998352187141871
6.506643639361719
7.031640907867868
7.573240992750094
8.13136663343317
8.705964308026472
9.297000963360775
9.904461707503458
10.528347972491504
11.168676033809044
11.825475802400428
12.498789826223291
13.188672453681669
13.895189122623078
14.618415747161603
15.358438180812648
16.115351739445586
16.889260771146894
17.68027826302745
18.488525477142158
19.314131609478807
20.157233467249526
21.017975160785245
21.89650780711671
22.792989243023598
23.707583745722722
24.640461759861452
25.591799629697814
26.561779335638015
27.550588234442355
28.55841880258758
29.585468382376867
30.631938930426426
31.698036768339062
32.78397233527263
33.8899599423349
35.016217528596705
36.16296641870003
37.330431081954906
38.51883889291868
39.72841989341915
40.95940655605899
42.212033549216265
43.48653750361682
44.78315678054632
46.10213124181853
47.44370202161254
48.80811130035863
50.195602080806474
51.606417966529776
53.04080294303083
54.49900116173002
55.981256727095776
57.4878134871788
59.01891482788982
60.57480347130841
62.15572127837925
63.761909056337096
65.39360637122218
67.05105136585208
68.73448058362546
70.44412879854121
72.18022885179796
73.94301149536997
75.732705242904
77.54953622833224
79.39372807250898
81.26550175827873
83.16507551421986
85.09266470742327
87.04848174557242
89.03273598858605
91.04563367005585
93.08737782870845
95.15816825004401
97.25820141833846
99.38767047910943
101.54676521216044
103.73567201524584
105.95457389841957