0.07362508262976641
0.1029894523258509
0.14109953199077208
0.18999936817579574
0.2522070644849108
0.33086077932406105
0.42990899275533445
0.5542832475783529
0.7096543209364418
0.9005905870530666
1.1273157660921702
1.3860132393961528
1.6723429129121092
NaN
2.315875897307722
2.6692993515129992
3.042211348878717
3.4338131629936837
3.843506052883547
NaN
NaN
NaN
NaN
6.150459064977033
NaN
7.189837086842465
7.73402746690899
NaN
8.871140650595065
9.463988984024633
10.073099776221817
10.698404009495695
11.339955955968065
11.997794382818135
12.67196979878441
13.36254286541831
14.069584481323105
14.793175173422782
15.533404679859444
16.29037157533964
17.064182928987773
17.854953987067958
18.66280787470982
19.487875312066972
20.330294341483608
21.190210062981183
22.06777437607906
22.96314572639864
23.87648885592896
24.80797455608566
25.757779422938096
26.726085614132934
27.713080607199004
28.7189569589656
29.743912065936428
30.788147925521734
31.851870898012635
32.93529146929837
34.038624014259355
35.162086560863905
36.3059005549604
37.4702906258014
38.6554843523224
39.861712030253976
41.089206440099645
42.33820261607865
43.60893761613732
44.90165029311525
46.21658106722507
47.553971699980565
48.91406506974235
50.297104949068064
51.7033357840971
53.13300247616662
54.586350165933
56.06362402027453
57.56506902222839
59.09092976432256
60.641450245580245
62.21687367255729
63.817442264773845
65.44339706489069
67.0949777539952
68.77242247242452
70.47596764643795
72.20584782119629
73.96229550039523
75.74554099293688
77.55581226703195
79.39333481208307
81.25833150870454
83.15102250723439
85.07162511503458
87.02035369290084
88.99741956085218
91.00303091356
93.03739274564562
95.10070678705151
97.19317144865869
99.31498177828342
101.46632942720348
103.6474026272488
105.85838617855316
108.09946144797064