 0.00000000000000E+00
 0.00000000000000E+00
 0.00000000000000E+00
 0.00000000000000E+00
 0.00000000000000E+00
 0.00000000000000E+00
 0.00000000000000E+00
 0.00000000000000E+00
 0.00000000000000E+00
 0.00000000000000E+00
 0.25465419575000E-15
 0.27571839360294E-15
-0.10447883136996E-15
-0.18283389394376E-15
 0.18384443057614E-17
-0.28541517091783E-15
-0.12430086947459E-15
-0.42497693370996E-15
-0.19397239256854E-14
-0.61695422212179E-14
-0.13588753104511E-13
-0.32399611974974E-13
-0.71907641956186E-13
-0.14667214350409E-12
-0.28162900741787E-12
-0.51569577799429E-12
-0.89896273076566E-12
-0.15047055130535E-11
-0.24256955557317E-11
-0.37829110653820E-11
-0.57221881315892E-11
-0.84248282877089E-11
-0.12100138903261E-10
-0.16991388077699E-10
-0.23375271558884E-10
-0.31560100551022E-10
-0.41881082699440E-10
-0.54705720962870E-10
-0.70421293600173E-10
-0.89439462711460E-10
-0.11218956787943E-09
-0.13911411958662E-09
-0.17066543156024E-09
-0.20730295385624E-09
-0.24948937172700E-09
-0.29768753098334E-09
-0.35235618802635E-09
-0.41394784545492E-09
-0.48290896365311E-09
-0.55967568775934E-09
-0.64467272402875E-09
-0.73831327193506E-09
-0.84099980383873E-09
-0.95312089771893E-09
-0.10750545607359E-08
-0.12071674070809E-08
-0.13498151131483E-08
-0.15033448821050E-08
-0.16680951739788E-08
-0.18443980411020E-08
-0.20325790128508E-08
-0.22329600834668E-08
-0.24458600549638E-08
-0.26715944142434E-08
-0.29104771579028E-08
-0.31628211049199E-08
-0.34289384701909E-08
-0.37091389584641E-08
-0.40037326036452E-08
-0.43130243442042E-08
-0.46373170508216E-08
-0.49769077192064E-08
-0.53320858981554E-08
-0.57031319355721E-08
-0.60903145627358E-08
-0.64938872200829E-08
-0.69140873056798E-08
-0.73511316570679E-08
-0.78052134680712E-08
-0.82765010237999E-08
-0.87651339341049E-08
-0.92712199687088E-08
-0.97948345580229E-08
-0.10336016679044E-07
-0.10894768656566E-07
-0.11471053420799E-07
-0.12064794456219E-07
-0.12677190228447E-07
-0.13304135668511E-07
-0.13949377524870E-07
-0.14611359226314E-07
-0.15289798212046E-07
-0.15984371811038E-07
-0.16694716148103E-07
-0.17420426764538E-07
-0.18161059068426E-07
-0.18916126393932E-07
-0.19685099995363E-07
-0.20467406274943E-07
-0.21262425033362E-07
-0.22069483029070E-07
-0.22887851147145E-07
-0.23716734342205E-07
-0.24555263657479E-07
-0.25402484603626E-07
-0.26257341900499E-07
-0.27118662589689E-07
-0.27985136373973E-07
-0.28855290936978E-07
-0.29727465232700E-07
-0.30599779244873E-07
-0.31470099855907E-07
-0.32336004624372E-07
-0.33194742896043E-07
-0.34043196570878E-07
-0.34877841078774E-07
-0.35694709824811E-07
-0.36489363345330E-07
-0.37256868235986E-07
-0.37991790159135E-07
