96.43662785978128
96.96474101064308
97.52165046625068
98.10713663495173
98.7209804558751
99.36296526715633
100.03288026639976
100.73052232465429
101.45569882497855
102.20822811334173
102.98794128224597
103.79468372060437
104.62831884961746
105.48871082457408
106.37576150954008
107.2893727936039
108.22946556403447
109.19597793212283
110.1888611034586
111.2080823773365
112.25362255887548
113.32547700043837
114.42365423124149
115.54817740628194
116.69907842516942
117.87639425119677
119.08021699206458
120.3104339396141
121.56757383877647
122.8512756894148
124.16182163543453
125.49927303892794
126.86378459280732
128.25545449670827
129.67442148873343
131.12082367275318
132.5948086257493
134.0965252393935
135.62613075106952
137.18378693427806
138.76965984592903
140.3839214858594
142.02674653500512
143.69831296155414
145.39880027755922
147.12840127335133
148.88729389959218
150.67566842326625
152.49371519055856
154.34157666075006
156.2195958797803
158.12781122951372
160.06646746689813
162.03575732722607
164.03586995640035
166.066993458057
168.12950550280428
170.22304359009632
172.34833869136764
174.5053882490227
176.69437585320193
178.9154799706934
181.16886879213993
183.45471778568952
185.77318698535
188.12444850691622
190.50865305448775
192.92595637897327
195.3765090633233
197.86045055652872
200.37799531001485
202.92907207980798
205.51401111034411
208.13287335563868
210.78577141647708
213.47282222399997
216.1941324430617
218.94980746350817
221.73994246347115
224.56462919381573
227.42395304176898
230.31799552641067
233.2468339867615
236.21053779850803
239.20916921902798
242.24279494948917
245.31146512590718
248.41523200561156
251.55414735120434
254.7282506092859
257.9375753580343
261.1821589738498
264.4620262839267
267.7771230122836
271.12772744191585
274.51360785985486
277.9348550338223
281.3914840940831
284.88351333873516
288.41094762011437
291.9737878242639
295.57204022629156
299.20570622184874
302.874785427531