0.
0.
0.
5.9578338411851955e-12
6.08195537954322e-12
1.3901612296098789e-11
3.8589386275509944e-10
6.227674065575541e-9
5.630848060534815e-8
3.37223076891074e-7
1.492728442224341e-6
5.257135237311095e-6
0.0000155062143356406
0.0000397430510425509
0.00009095498858056171
0.0001897204623648451
0.00036642242638043496
0.0006634344959076037
0.0011371752302274506
0.0018599654387903705
0.0029216588474133124
0.004431049886381417
0.006517083920254884
0.009329909945970634
0.013041821997490724
0.017848135644815927
0.02396804185074829
0.03164547259648557
0.04115000326543693
0.052777805822661054
0.06685265576710607
0.08372698436648954
0.10378295714152568
0.1274335498502205
0.15512358456274833
0.18733068172069298
0.22456607877904036
0.26737526280773477
0.31633836236162094
0.37207024356429275
0.43522025454767893
0.506471561533382
0.5865400165562864
0.6761724903125869
0.7761445917458856
0.8872576787331069
1.0103350402839681
1.1462171030736636
1.2957554880668254
1.4598057273801754
1.6392184633225895
1.8348290147985327
2.0474453369462666
2.2778346399665432
2.526709270091449
2.79471284445106
3.082407971300435
3.3902670342112455
3.718667346276304
4.067891451117828
4.438132570749445
4.8295044027163545
5.242053891836716
5.675775386342651
6.130624724724082
6.606532165649977
7.103413513906168
7.621179189417966
8.159741274565027
8.719018747343627
9.298941186561532
9.899451248819947
10.520506194037607
11.162078696068178
11.824157130697738
12.506745491726562
13.209863050072682
13.933543841646905
14.677836046782367
15.442801306484473
16.228514007444534
17.035060558054727
17.862538670450025
18.711056658490907
19.58073275781864
20.47169447161387
21.384077943777257
22.31802736007956
23.273694376965246
24.251237577204414
25.250821951215247
26.272618402772423
27.316803277696035
28.383557914138425
29.47306821313854
30.585524228174837
31.721119772573854
32.8800520436627
34.0625212627655
35.26873033016645
36.49888449428823
37.753191034459775
39.031858956712675
40.335098702133116
41.6631218673941
43.01614093715521
44.39436902805558
45.79801964414961
47.227306443615745
48.6824430166733
50.1636426746134
51.6711182499712
53.20508190782733
54.76574496825202
56.353317739977214
57.9680093653357
59.61002767653608
61.27957906337093
62.976868352420105
64.70209869782207