 0.29504143283663E-04
 0.25058763529853E-04
 0.21280059004505E-04
 0.17762651366603E-04
 0.14692458270363E-04
 0.12074324850744E-04
 0.99007113349506E-05
 0.81419404312054E-05
 0.67543342813587E-05
 0.56837192164967E-05
 0.48715512369791E-05
 0.42599716090963E-05
 0.37960396106038E-05
 0.34353023963119E-05
 0.31430532282556E-05
 0.28948473773039E-05
 0.26753044869488E-05
 0.24763155786081E-05
 0.22941810567914E-05
 0.21277138069702E-05
 0.19896830052150E-05
 0.18393982421254E-05
 0.17156330837663E-05
 0.16037576319449E-05
 0.15024131550830E-05
 0.14102926326950E-05
 0.13264216908639E-05
 0.12497785376584E-05
 0.11795797489544E-05
 0.11150030891089E-05
 0.10557747760926E-05
 0.10011305371831E-05
 0.95045454924033E-06
 0.90363654829400E-06
 0.86021060291612E-06
 0.81887266942819E-06
 0.78230595300716E-06
 0.74729284770046E-06
 0.71461869788978E-06
 0.68408479540149E-06
 0.65549162496679E-06
 0.62869679617772E-06
 0.60354284902642E-06
 0.57991798719982E-06
 0.55767901984811E-06
 0.53681066942250E-06
 0.51700680433836E-06
 0.49837510925331E-06
 0.48075448225590E-06
 0.46412136406975E-06
 0.44836326015210E-06
 0.43343681167525E-06
 0.41926492451301E-06
 0.40582187890760E-06
 0.39304893315375E-06
 0.38090304475354E-06
 0.36934641302316E-06
 0.35833845479818E-06
 0.34785215841084E-06
 0.33785981765775E-06
 0.32829223749209E-06
 0.31916909249538E-06
 0.31044624593734E-06
 0.30210714502156E-06
 0.29412308633231E-06
 0.28647624659424E-06
 0.27914879738383E-06
 0.27211988390130E-06
 0.26537490817386E-06
 0.25889911166883E-06
 0.25267750862943E-06
 0.24669663791855E-06
 0.24094389400929E-06
 0.23540746350348E-06
 0.23007626708654E-06
 0.22493990638940E-06
 0.21998861529637E-06
 0.21521321527585E-06
 0.21060507436996E-06
 0.20615606949919E-06
 0.20185855178266E-06
 0.19770531459965E-06
 0.19368956415319E-06
 0.18980489230883E-06
 0.18604525150305E-06
 0.18240493156911E-06
 0.17887853825315E-06
 0.17546097336282E-06
 0.17214741633093E-06
 0.16893330712554E-06
 0.16581433034695E-06
 0.16278640048020E-06
 0.15984564815110E-06
 0.15698840729385E-06
 0.15421120324657E-06
 0.15151074158046E-06
 0.14888389769157E-06
 0.14632770707208E-06
 0.14383935623407E-06
 0.14141617394475E-06
 0.13905562365291E-06
 0.13675529554833E-06
 0.13451289971192E-06
 0.13232625943389E-06
