-0.27672813448057E-04
-0.66041415669665E-04
-0.98279163896444E-04
-0.11951451131443E-03
-0.12870318603034E-03
-0.12553082607503E-03
-0.11159632552196E-03
-0.89857952200022E-04
-0.64039405381915E-04
-0.38030474166186E-04
-0.15212056547205E-04
 0.21474621680236E-05
 0.12982225699157E-04
 0.17716448474143E-04
 0.17667758329148E-04
 0.14694488447486E-04
 0.10613322183569E-04
 0.67909805901158E-05
 0.39143526527942E-05
 0.20970241848207E-05
-0.22888654529536E-05
 0.68028607788339E-06
 0.46902107169739E-06
 0.37631005684371E-06
 0.32671162384926E-06
 0.26204208970724E-06
 0.25907952618608E-06
 0.21460932219536E-06
 0.18719433698718E-06
 0.63704437858321E-07
 0.13826162435447E-06
 0.18704694891303E-06
 0.87484917441704E-07
 0.84290219644775E-07
 0.72535621230426E-07
-0.15405681037496E-05
 0.55448850632041E-07
 0.40967849312761E-07
 0.42434015803228E-07
 0.27666635146482E-07
 0.21610962738084E-07
 0.18451293732367E-07
 0.28260471576842E-07
 0.14769232790688E-07
 0.11221016243880E-07
 0.44562257847597E-07
 0.57759103749710E-08
 0.65869095194693E-08
 0.10106201720751E-06
 0.32932761494830E-08
 0.10036343109790E-07
-0.31544121155413E-07
 0.11018822751828E-08
 0.18647980095914E-08
 0.85319230256446E-09
-0.11549858709331E-08
-0.48683548893861E-09
-0.49921615286944E-08
 0.83881119406866E-08
 0.52694381503783E-07
-0.31529328334332E-08
-0.28542698132296E-08
-0.13177412983777E-07
-0.26460432107349E-08
-0.52287027935717E-08
-0.48940534763817E-08
-0.20159947424076E-08
-0.20476233718656E-08
-0.46617444104083E-08
-0.46771876988568E-08
-0.46803114989989E-08
-0.46725912516419E-08
-0.46553179173584E-08
-0.46296381821326E-08
-0.45965452157928E-08
-0.45569099536726E-08
-0.45115133093830E-08
-0.44610204858843E-08
-0.44060345464135E-08
-0.43470770239731E-08
-0.42846081519045E-08
-0.42190422288219E-08
-0.41507343293954E-08
-0.40800054253089E-08
-0.40071336657529E-08
-0.39324166006449E-08
-0.38560062456982E-08
-0.37781759512427E-08
-0.36990661383199E-08
-0.36188456059364E-08
-0.35376702170571E-08
-0.34557020333373E-08
-0.33729859390465E-08
-0.32897015123986E-08
-0.32059041686356E-08
-0.31217114968527E-08
-0.30372144497501E-08
-0.29525356432028E-08
-0.28672352147549E-08
-0.27824855552113E-08
-0.26973496258193E-08
-0.26121776178657E-08
-0.25270055416872E-08
-0.24418493172341E-08
