-0.13046506379002E-03
-0.11002296654113E-03
-0.93653932831395E-04
-0.80393158848149E-04
-0.69534472633587E-04
-0.60558105197844E-04
-0.53072708561509E-04
-0.46780898230489E-04
-0.41453695356958E-04
-0.36912908518292E-04
-0.33018526887172E-04
-0.29659060169682E-04
-0.26746118843347E-04
-0.24206974550050E-04
-0.21984382220552E-04
-0.20030289887253E-04
-0.18304316099680E-04
-0.16775196034810E-04
-0.15414797133535E-04
-0.14200831667365E-04
-0.13113942621600E-04
-0.12137884497114E-04
-0.11259007754461E-04
-0.10464998415413E-04
-0.97462498585078E-05
-0.90938869418657E-05
-0.85003829471520E-05
-0.79592121102822E-05
-0.74647147195471E-05
-0.70119211959130E-05
-0.65965125678351E-05
-0.62146891816103E-05
-0.58630835217071E-05
-0.55387464522928E-05
-0.52391034057142E-05
-0.49617772600052E-05
-0.47047385065139E-05
-0.44661430352813E-05
-0.42443527548188E-05
-0.40378959831155E-05
-0.38454539221144E-05
-0.36658489075987E-05
-0.34980169532200E-05
-0.33409929567701E-05
-0.31939052675184E-05
-0.30559769786998E-05
-0.29264867155579E-05
-0.28047970918232E-05
-0.26903036927566E-05
-0.25825039972587E-05
-0.24808868906196E-05
-0.23850193665241E-05
-0.22944523942080E-05
-0.22088339847449E-05
-0.21278831022764E-05
-0.20512951429941E-05
-0.19785694406009E-05
-0.19096494679845E-05
-0.18442570706342E-05
-0.17820947351998E-05
-0.17230499674159E-05
-0.16668571402666E-05
-0.16133645806420E-05
-0.15624058239152E-05
-0.15138184750174E-05
-0.14674689780064E-05
-0.14232234764683E-05
-0.13809610351962E-05
-0.13405655417926E-05
-0.13019287748664E-05
-0.12649538842304E-05
-0.12295469639217E-05
-0.11956234322085E-05
-0.11631047966743E-05
-0.11319034115835E-05
-0.11019657299821E-05
-0.10732152959725E-05
-0.10455927885053E-05
-0.10190414543542E-05
-0.99350305027397E-06
-0.96892974205072E-06
-0.94527378983089E-06
-0.92248844880836E-06
-0.90053137130068E-06
-0.87936311063781E-06
-0.85894701681443E-06
-0.83924405964210E-06
-0.82022600552425E-06
-0.80185759989089E-06
-0.78411011476163E-06
-0.76695568685068E-06
-0.75037126898110E-06
-0.73432192576173E-06
-0.71879203573753E-06
-0.70375807115273E-06
-0.68919750325527E-06
-0.67509149715911E-06
-0.66141984790829E-06
-0.64816505796130E-06
-0.63530955580070E-06
-0.62283730511071E-06
-0.61073283055801E-06
-0.59898143777554E-06
-0.58756918816731E-06
