 0.23467761324333E-07
-0.23499822981715E-07
 0.28118445408805E-07
-0.14125819094756E-07
 0.37707800232820E-08
 0.20242284332288E-08
 0.40587305062338E-08
 0.25834879945397E-08
 0.26543194336153E-08
 0.36719626368496E-08
-0.41563519365985E-07
 0.48022889146710E-07
-0.58211609585012E-07
 0.19288570541027E-07
 0.55926740203734E-07
-0.11592020870856E-06
 0.57226865366989E-07
-0.17132008570948E-06
 0.94463444013748E-08
 0.30781508706036E-08
 0.75352764571354E-08
 0.47185104655280E-08
-0.37531884616177E-06
-0.41894426347412E-09
 0.77485983268015E-08
 0.26478271165696E-08
-0.82737723126791E-10
 0.10746660769037E-07
-0.77448997652725E-08
 0.15393941055290E-08
 0.55893917346559E-08
-0.23025415005727E-07
-0.10729577357226E-08
 0.65792591096248E-07
-0.58617727447498E-07
-0.17492022318234E-09
 0.37264802868360E-08
 0.10897907634210E-07
 0.47284007419349E-08
-0.58724063265953E-08
 0.11523890478428E-07
 0.24172806319603E-07
 0.53626229413693E-08
-0.95147897884462E-08
-0.18601465022430E-08
-0.38934560563169E-07
 0.44885977580994E-09
 0.18026027900690E-08
 0.31819344999597E-06
 0.38382925985688E-07
 0.28431366809840E-06
-0.25057446279537E-06
-0.12807310266223E-06
 0.37570731180694E-06
 0.15669067151674E-06
-0.82987728788069E-06
 0.16007290102206E-06
 0.65347019020655E-07
-0.18300711413817E-06
 0.64790097534344E-06
-0.97065296871995E-07
 0.16115120865266E-07
 0.18495933081271E-07
-0.98559215311167E-07
-0.70934553275634E-08
 0.19535279321529E-07
 0.54787127248917E-07
 0.25170153616979E-07
-0.25681367081294E-07
 0.13591799057730E-07
-0.22778879873833E-07
 0.17308707116178E-07
-0.65524816953224E-09
-0.14463891826857E-06
 0.45421084335299E-07
-0.17653943774791E-07
-0.34121675434412E-09
 0.14328108070318E-07
-0.80116224518149E-07
-0.83083046541535E-08
 0.43456053991504E-07
 0.20664701627106E-07
-0.25281657736391E-07
-0.17981054364773E-09
 0.12226716816734E-06
-0.44001511764238E-07
 0.11507815518320E-06
-0.17131346215193E-07
-0.93043086972884E-08
-0.27267361599947E-08
 0.45155849453229E-08
 0.20424797454046E-06
-0.55915347718874E-07
-0.39122428160642E-08
-0.64112051675316E-08
 0.23405110326699E-07
-0.82986748403554E-08
 0.16966743751433E-07
-0.14065843584159E-08
 0.86706163455568E-08
 0.85679654363188E-08
 0.66713808215909E-08
 0.71067813779547E-08
 0.75592348321831E-08
