0.
0.
0.
0.
0.
0.
0.
0.
0.
0.
0.
0.
0.
0.
0.
0.
0.
0.
0.
0.
3.971889227456797e-12
1.9859446137283985e-12
0.
0.
1.9859446137283985e-12
5.9578338411851955e-12
1.9859446137283985e-12
0.
1.241215383580249e-13
2.2341876904444484e-12
4.716618457604946e-12
4.096010765814822e-12
7.571413839839519e-12
1.7873501523555587e-11
3.28922076648766e-11
7.658298916690137e-11
1.599926629434941e-10
3.404653797160623e-10
6.837855548143592e-10
1.3325688358117553e-9
2.518053648669251e-9
4.606026166927946e-9
8.23558819159331e-9
1.4357634828026173e-8
2.444226157653898e-8
4.073321348602975e-8
6.648210249686366e-8
1.0644923784814767e-7
1.6739862277270237e-7
2.588002341610916e-7
3.9373337911779226e-7
5.900355639202361e-7
8.716634866869056e-7
1.270438806814339e-6
1.8281222158830945e-6
2.5989199480033498e-6
3.6524886381370133e-6
5.077447961633257e-6
6.985513509091219e-6
9.516271121332953e-6
0.000012842724998046484
0.000017177589418565186
0.000022780455767735644
0.000029965896307035514
0.00003911253150119366
0.00005067317285794013
0.00006518605158297375
0.00008328722291414101
0.0001057241971487785
0.0001333708058044836
0.00016724345918233023
0.00020851864266303722
0.00025855196067459867
0.0003188984867908623
0.0003913346480964435
0.00047788152428893376
0.0005808297717802888
0.0007027659081702779
0.0008466003228781659
0.0010155966018491236
0.001213402609697498
0.0014440829649902298
0.0017121531579064675
0.0020226150838756887
0.0023809942080487163
0.0027933781991195034
0.003266457019713175
0.0038075645558811387
0.004424721633778514
0.005126680535233259
0.005922970959331211
0.00682394724197293
0.007840837142961438
0.008985791850349898
0.01027193741044927
0.011713427444107478
0.013325497215292735
0.015124518928480093
0.017128058390009582
0.019354932930395065
0.02182527057070325
0.0245605704825274
0.02758376476551117
0.030919281417804503
0.03459310871169955
0.03863286076083328
0.04306784450026557
0.0479291279921754
0.05324961005494076
0.0590640913991783
0.06540934713569822
0.07232420078719166
0.07984959986409773
0.088028693017807
0.09690690883673767
0.10653203638371288
0.11695430746830883
0.12822648085239582
0.1404039283469192
0.1535447229831237