 0.00000000000000E+00
 0.00000000000000E+00
 0.00000000000000E+00
 0.00000000000000E+00
 0.00000000000000E+00
 0.00000000000000E+00
 0.00000000000000E+00
 0.00000000000000E+00
 0.00000000000000E+00
 0.00000000000000E+00
 0.00000000000000E+00
 0.00000000000000E+00
 0.00000000000000E+00
 0.00000000000000E+00
 0.00000000000000E+00
 0.00000000000000E+00
 0.00000000000000E+00
 0.00000000000000E+00
 0.95373231344558E-10
 0.15822426482100E-09
 0.13872483196977E-09
 0.10784677490908E-09
 0.13916762328152E-09
 0.11719462667619E-09
 0.10255278153904E-09
 0.60230862867059E-10
 0.78878949469466E-10
 0.96373869864727E-10
 0.88648439916518E-10
 0.12699446154199E-09
 0.20213745386576E-09
 0.40586302538284E-09
 0.77232313143944E-09
 0.14807083063039E-08
 0.27324057785640E-08
 0.49251891342206E-08
 0.86102054987359E-08
 0.14631273419208E-07
 0.24181697312306E-07
 0.38986392269851E-07
 0.61435547747604E-07
 0.94697616397074E-07
 0.14303564701789E-06
 0.21202711889351E-06
 0.30877389506347E-06
 0.44231493589746E-06
 0.62387168140825E-06
 0.86729774619021E-06
 0.11894013495528E-05
 0.16103756587070E-05
 0.21542407917301E-05
 0.28492607208641E-05
 0.37283636080223E-05
 0.48295989395894E-05
 0.61965730703264E-05
 0.78788300370873E-05
 0.99322854022378E-05
 0.12419588819020E-04
 0.15410459485953E-04
 0.18982029250858E-04
 0.23219095134502E-04
 0.28214393388492E-04
 0.34068774691056E-04
 0.40891388417762E-04
 0.48799791465507E-04
 0.57920020786854E-04
 0.68386622959263E-04
 0.80342648676561E-04
 0.93939579372822E-04
 0.10933724427818E-03
 0.12670367136361E-03
 0.14621491281789E-03
 0.16805482481553E-03
 0.19241483197975E-03
 0.21949363598471E-03
 0.24949691753081E-03
 0.28263700270198E-03
 0.31913250804886E-03
 0.35920796882627E-03
 0.40309345134805E-03
 0.45102415065655E-03
 0.50323997713460E-03
 0.55998514240691E-03
 0.62150773038161E-03
 0.68805927733727E-03
 0.75989434599056E-03
 0.83727010284403E-03
 0.92044590625771E-03
 0.10096828949483E-02
 0.11052435915928E-02
 0.12073915134947E-02
 0.13163907995467E-02
 0.14325058492511E-02
 0.15560009746280E-02
 0.16871400753035E-02
 0.18261863248241E-02
 0.19734018771096E-02
 0.21290475956832E-02
 0.22933827943391E-02
 0.24666650064026E-02
 0.26491497689675E-02
 0.28410904278209E-02
 0.30427379669394E-02
 0.32543408510898E-02
 0.34761448971219E-02
 0.37083931595240E-02
 0.39513258386710E-02
 0.42051802055614E-02
 0.44701905522963E-02
 0.47465881521002E-02
 0.50346012447122E-02
 0.53344550361557E-02
 0.56463717150368E-02
 0.59705704894951E-02
 0.63072676335366E-02
 0.66566765528690E-02
 0.70190078636397E-02
 0.73944694842443E-02
 0.77832667420806E-02
 0.00000000000000E+00
