 0.89885340053653E-05
 0.44840470407226E-05
 0.29844018759566E-05
 0.22271312712561E-05
 0.17727742319260E-05
 0.14639524848415E-05
 0.12476701151499E-05
 0.10787681001323E-05
 0.93234112419216E-06
 0.84219155931988E-06
 0.75138189904745E-06
 0.67603105653608E-06
 0.61114760171226E-06
 0.55412745014721E-06
 0.49937646152530E-06
 0.45868250047458E-06
 0.42158427740199E-06
 0.38484018068483E-06
 0.30459457861864E-06
 0.32680812074272E-06
 0.29509719805791E-06
 0.27668221624957E-06
 0.23635001811455E-06
 0.23135354856740E-06
 0.21206885606329E-06
 0.19498403288250E-06
 0.17880092798498E-06
 0.16514444500291E-06
 0.15210994413806E-06
 0.14156771178629E-06
 0.12940697182197E-06
 0.11763272611965E-06
 0.10876195894332E-06
 0.10001765568743E-06
 0.92373408572163E-07
 0.84382455251331E-07
 0.77809042775080E-07
 0.70874350954296E-07
 0.67286201448668E-07
 0.61823510207041E-07
 0.54755084058470E-07
 0.50123136726834E-07
 0.46045309300927E-07
 0.41674445198836E-07
 0.38407287229015E-07
 0.29192438386266E-07
 0.29264857072591E-07
 0.27120232838321E-07
 0.34483901288764E-07
 0.24027970086439E-07
 0.18619963039251E-07
 0.17082604279073E-07
 0.24543066766716E-07
 0.23512948708068E-07
 0.80451591472964E-08
-0.13501470504264E-07
 0.13362944495504E-07
 0.79724341383367E-08
 0.64614956707673E-08
 0.47591922987744E-08
 0.32314116846257E-08
 0.26922246978253E-08
 0.11203045588689E-08
 0.54458934945004E-09
-0.60705139617896E-09
-0.10046999222878E-08
-0.20176030462670E-08
-0.28582737334997E-08
-0.31223630891753E-08
-0.39974335523138E-08
-0.44104858961799E-08
-0.66281025144928E-08
-0.59841532258536E-08
-0.59504882073088E-08
-0.65661087631026E-08
-0.68796121489488E-08
-0.77870359361843E-08
-0.69298916689457E-08
-0.79106431328188E-08
-0.74476147516720E-08
-0.83311770045622E-08
-0.82510861907280E-08
-0.93050324058315E-08
-0.98337896622282E-08
-0.10498897371286E-07
-0.97219282894463E-08
-0.91949792717680E-08
-0.98641812069823E-08
-0.98339677490152E-08
-0.99859800424769E-08
-0.10487500517854E-07
-0.10300960158083E-07
-0.10461875802980E-07
-0.10185398149603E-07
-0.10451713001547E-07
-0.10527273761674E-07
-0.10498534592204E-07
-0.10527192504426E-07
-0.10524033156765E-07
-0.10520662134371E-07
-0.10508742482093E-07
-0.10488666848067E-07
-0.10460812477263E-07
-0.10425541709043E-07
-0.10383204851947E-07
-0.10334140437905E-07
-0.10278674534125E-07
-0.10217124353014E-07
-0.10149797028168E-07
-0.10076990915140E-07
-0.99989953798491E-08
-0.99160915154382E-08
-0.98285531385100E-08
-0.97366451231646E-08
-0.96406255071692E-08
-0.95407443860839E-08
-0.94372445229985E-08
-0.93303609284244E-08
-0.92203211086714E-08
-0.91073448186724E-08
