 0.55984438327561E-09
 0.24968502642960E-08
 0.63503219793228E-08
 0.92578656326582E-08
 0.13722621940852E-07
 0.13297530536817E-07
 0.27439237304412E-07
 0.34493660427360E-07
 0.16500429471619E-06
 0.45498868561146E-07
 0.59278126234618E-07
 0.55808290740342E-07
 0.81411748028549E-07
 0.73764074088293E-07
-0.97808656484042E-07
 0.38391525538748E-07
 0.26574028815053E-07
 0.20116100744999E-05
-0.64464613035553E-06
-0.11516584629443E-07
 0.20355816316608E-05
-0.11869292110946E-05
 0.14633276180381E-05
 0.53064604368317E-07
 0.40152132082210E-07
 0.10840198714037E-06
-0.50972145389696E-08
 0.63026978152164E-07
 0.68233132219127E-07
-0.39405889213280E-07
-0.31181273857791E-06
 0.22739361023615E-06
-0.11946898166701E-06
-0.53692908330543E-07
 0.16469292727040E-06
 0.48667912883384E-07
 0.14440390200335E-05
-0.37097768386042E-06
-0.41951948557126E-05
 0.14188519104718E-05
-0.18638398934441E-07
-0.20067419552086E-07
 0.22605424430877E-07
 0.68103357571611E-07
-0.24611134784726E-05
-0.10903882158782E-04
 0.27082312175519E-05
-0.67849889677841E-05
 0.54887788775616E-06
 0.35060190980242E-05
-0.11746800733495E-05
-0.34171335985409E-06
-0.10085369051385E-04
 0.76344496604068E-05
 0.10332583407986E-04
 0.13987105743103E-04
 0.80705035136675E-06
-0.78383452463680E-05
-0.33511268093344E-06
-0.47748173941824E-06
-0.15966126118031E-05
-0.26921560268538E-06
-0.18227060773286E-06
-0.29945414366258E-06
-0.57172940008705E-06
-0.87389789500172E-07
-0.26306813363930E-06
-0.21691905799211E-06
 0.43412644335417E-06
-0.15383743485231E-06
 0.18005804267681E-05
 0.35532905045501E-05
-0.40559216287206E-07
-0.59007615723371E-06
-0.45679482462879E-06
-0.80796138818006E-06
-0.24835847227386E-05
 0.36244323485994E-05
-0.81819066346843E-06
-0.36974821020520E-05
-0.15224831519209E-05
-0.19833733708179E-05
 0.16211226431640E-05
 0.18412472396039E-05
 0.12081984879807E-05
 0.22101268829294E-05
-0.40891967243309E-05
 0.10356581419777E-06
-0.18046869898760E-06
 0.19029098672755E-05
 0.34374981471311E-05
 0.10033669137410E-05
 0.30448444766435E-05
-0.18871746149693E-05
 0.15816608044231E-05
 0.30865225616949E-06
-0.14962620153728E-07
 0.10490741316853E-06
-0.20289647745098E-08
-0.20624499478830E-08
-0.21035157314759E-08
-0.21460552259497E-08
-0.21864875491953E-08
-0.22307022685487E-08
-0.22825396939066E-08
-0.23324724976526E-08
-0.23860847385743E-08
-0.24372638742062E-08
-0.24943920829525E-08
-0.25524353548793E-08
-0.26128485579491E-08
-0.26801741505406E-08
-0.27488650959017E-08
-0.28211265254505E-08
-0.28978035446277E-08
-0.29785159417350E-08
-0.30638155268375E-08
-0.31536704993304E-08
-0.32489580222647E-08
-0.33502170517296E-08
