111.33672124688752
111.38426059057738
111.46347724250195
111.57434775328952
111.71683887056078
111.89090769115266
112.0965011528769
112.33355535435136
112.60199548745787
112.90173488621122
113.23267134235108
113.59469604920841
113.98767720464525
114.41147357961871
114.8659317804892
115.35088531174424
115.86615938754433
116.41157287263103
116.98693824685208
117.59207663880349
118.2267970513171
118.89091487523278
119.5842795244947
120.3067040585118
121.0580418379409
121.83814765104188
122.6468978660339
123.48416790047582
124.34985783280194
125.24387569247712
126.1661478838371
127.11661213225057
128.09522014095674
129.1020315290268
130.1367457980887
131.19963576288967
132.29060946252542
133.40969358139742
134.55690934589884
135.73229941358053
136.9359151122339
138.16782020471786
139.4280813434173
140.71678996095758
142.0340250763988
143.37989631537403
144.75450295732688
146.1579481475913
147.59039725218028
149.05193450482264
150.54271062249904
152.06286595049716
153.61254322261112
155.1919006088948
156.80109379075643
158.440276217595
160.10961465635543
161.80927538522457
163.53943130896656
165.30025065183762
167.091910130701
168.91458427139864
170.76845256957094
172.65368898538756
174.57048193800836
176.51900076981977
178.49942588753345
180.51193263572424
182.55670787887288
184.63391646966613
186.74373516935808
188.88633594573412
191.06188640180616
193.27055432752195
195.51250156528747
197.78784296821823
200.09686886351196
202.43959463346775
204.8162238552989
207.22688090035322
209.67171930578635
212.15086449990636
214.66445079836538
217.21260017353714
219.7954240384928
222.41304547722262
225.06556681820638
227.75308394300933
230.47570355403485
233.233507232956
236.02657815344534
238.85500211065116
241.71884668905636
244.61817610150402
247.5530586250286
250.52346545858776
253.5296868402287
256.5715299891907
259.6490820531993
262.76247135307744
265.9116140438769
269.09662945532534
272.3174842695054
275.5741993342951
278.86679789690754
282.1952830925333
285.55964631255983
288.95993622325074
292.3961011978213
295.86815041331533
299.376081113977
302.9198795383218
306.49952731283554
310.11499294341604
313.7663115873574
317.4534236393023
321.1763018367799
324.9349404227763
328.72930562841475
332.5593747302687