125.40699548400833
125.45545525125783
125.53620771367636
125.64922986882833
125.7944905375402
125.97194901081956
126.181554682474
126.423248326817
126.6969583344273
127.00260237719293
127.34008707987324
127.70931203876974
128.1101521669764
128.54248024688087
129.00615708584323
129.50103296478886
130.0269532718142
130.58375894764478
131.17128868058052
131.78938481012528
132.43788965472262
133.11665421549884
133.82553506431745
134.564398858931
135.3331219330025
136.13159225051763
136.9597089983198
137.81738395857715
138.70454337897263
139.62112256610112
140.56707191212462
141.5423592586016
142.54695372743316
143.58084626081828
144.6445378780948
145.73653766923184
146.85837084627713
148.00956926966052
149.1901785207701
150.40025345382568
151.63985782770962
152.9090645291288
154.2079548451814
155.53662211555618
156.89516165166987
158.28368051671688
159.70229274693108
161.15111692413257
162.63027919469457
164.13991048250924
165.68014999102056
167.25113882217323
168.853021999455
170.48595243039162
172.1500838096812
173.8455706249646
175.5725809141846
177.33127876617309
179.1218199210932
180.9443599002402
182.7991173027135
184.68620679445687
186.60582621302228
188.55813249051613
190.54330010668352
192.5614984194283
194.61289252615097
196.69764903176895
198.81593354319202
200.96790396163166
203.15372272364712
205.37354516296165
207.62752294106647
209.91580721379088
212.23854165528795
214.59586402655196
216.988029140537
219.41483703708664
221.87674176548973
224.37375457090843
226.9059930992971
229.4735689857972
232.0765882717239
234.71514955109305
237.38934592166964
240.09926461136965
242.84499365032357
245.6266034624741
248.4441645667434
251.2977384496933
254.18740388107187
257.11316535604334
260.07510214094845
263.07326835666436
266.1076713411671
269.17835147271234
272.28532900889775
275.42862741278924
278.60825777111165
281.82422836416896
285.07654276212094
288.3652027969416
291.69020420669085
295.0515366358682
298.4491858259271
301.8831496859843
305.35339097186517
308.8598978721083
312.4026411425979
315.98159703573964
319.59673028228696
323.2480110711066
326.9354075988764
330.65887678806683
334.41838824524115
338.21390111687623
342.04537069367495
345.9127555976667
349.81602066352593
353.7551151417232