127.63751393920612
127.68611406507787
127.76709950366435
127.88044836543003
128.0261292779252
128.20410153144726
128.41431697649847
128.65671417301093
128.931223653668
129.23776453259995
129.57624356339474
129.946557808303
130.3485894809735
130.78221125440757
131.2472838074228
131.7436658271791
132.27120098588756
132.8297349973502
133.4191092113107
134.03917515985313
134.6897750370068
135.3707668181954
136.08201096085034
136.82337954416482
137.5947547206332
138.39602881610142
139.22710558305957
140.08790259280934
140.97834838041862
141.89838574054778
142.84796819826045
143.82706277133258
144.83564975727742
145.8737212454532
146.94127821633373
148.03833750089092
149.16492337602696
150.32106982151382
151.50683270268945
152.72225945686773
153.96741859734706
155.24238697290127
156.5472333511465
157.88208976222828
159.24701611917328
160.64213177639064
162.06755347976315
163.52342103500027
165.0097953074775
166.52687521398846
168.07477679229459
169.6536405155183
171.2636141360433
172.9048472541275
174.57749638915556
176.28171696510717
178.01767031743302
179.78551777142673
181.5854264921359
183.41755076287754
185.28208602666612
187.17917192347036
189.10898850598105
191.07168393950067
193.0674777876424
195.09648745876362
197.15889245440084
199.25485895864534
201.3845461320965
203.548118142222
205.7457273042124
207.97752791640707
210.24366922329463
212.54430175512366
214.87956309847655
217.24960016704034
219.6559861268117
222.0945004544443
224.56962196935288
227.0800170863736
229.62579803387166
232.20707267731763
234.8239434766429
237.4764945598856
240.16478931528704
242.88905631267525
245.6492048278073
248.44537303519266
251.27760554918726
254.14600285453994
257.0505803448563
259.9914030293156
262.9685075974532
265.98192264051863
269.0316996550486
272.11784630527075
275.24038602174767
278.399335347883
281.59470323336075
284.82649403518775
288.09470786048536
291.39933939595034
294.74038319985095
298.1178260917923
301.5316508192688
304.9818383902192
308.4683676418819
311.99120581317163
315.5503381807998
319.14571884306224
322.7773256639047
326.4451156365482
330.1490502393305
333.8890981194878
337.66521099865497
341.4773469373443
345.3254670614873
349.20952239753046
353.12947053976876
357.0852644232002