127.98882802696122
128.03745016495395
128.11847215641077
128.23187205785163
128.3776185918452
128.55567210405027
128.7659821088814
129.00848948483542
129.28312397696592
129.58980501457074
129.9284400021948
130.29892476198125
130.70114188005618
131.13496526441457
131.6002594986383
132.09687537420518
132.6246628702771
133.18346747967075
133.7731328027287
134.3935044414385
135.0444329718789
135.72577275957244
136.43738738820934
137.17914858442106
137.95093900615146
138.7526517898457
139.58419152112995
140.44547846439127
141.33643951347892
142.25701881276203
143.20717013546465
144.18686253243902
145.1960764173183
146.23480205334275
147.3030435689764
148.40081845941697
149.5281495827229
150.6850754848302
151.87164341466809
153.0879091499114
154.3339405793224
155.6097985732401
156.9156084166634
158.2514214336902
159.61735003276232
161.01350123880414
162.4399915663067
163.89693953959866
165.38447165098998
166.90272069977075
168.4518242549975
170.0319222275354
171.64318849728053
173.2857052759511
174.95969118968316
176.66528190396753
178.4026389455255
180.17192549719522
181.97330343093657
183.80694078150466
185.67300309284283
187.5716590527496
189.50307575465817
191.46742314262343
193.46486589180554
195.495571378224
197.55970669535947
199.65743206909352
201.78891029790168
203.95430317687155
206.15376439103895
208.3874427002597
210.65548968653385
212.95806868353887
215.29529943679748
217.66732651964244
220.07608468657943
222.51629904353408
224.99349485073625
227.50598910302585
230.05389741644905
232.63732041420383
235.2563670674967
237.91112642596926
240.60168956089055
243.32814024356202
246.09055382811025
248.88900098026167
251.72355368564743
254.59426225933882
257.50118424904616
260.4443626794604
263.4238462555341
266.43966112315303
269.49184280283623
272.580417456812
275.70539952528475
278.866800921877
282.0646380797064
285.29890643733705
288.5696169563647
291.8767558221378
295.2203114111148
298.60028139818905
302.0166433493183
305.4693766922855
308.95845772824407
312.48386134618823
316.04555653881226
319.64351748489355
323.27770125480566
326.94807753347783
330.65461057018143
334.39725303120036
338.1759718215609
341.9907103238351
345.84143533178286
349.7281043014118
353.6506664271071
357.60907640547134