128.25376243233165
128.30240087509773
128.38345027571114
128.49688872572887
128.64268497389253
128.82079865681823
129.03118062292538
129.27377089891414
129.54849951151076
129.85528615359414
130.1940381709568
130.56465108600173
130.967009772375
131.40098620893573
131.86644339843647
132.36323683663704
132.89121451019886
133.45022222693228
134.04010505481085
134.6607095137994
135.31188459331074
135.99348702731754
136.70538029462074
137.4474369497091
138.21953932936526
139.02158374745488
139.8534742321632
140.71512809668803
141.60647705644115
142.5274615544708
143.47804449208957
144.45818706374166
145.4678718292847
146.50709181922136
147.57584980558522
148.67416211388468
149.80205555481183
150.95956661430802
152.14674227528832
153.3636420434374
154.61033007176277
155.8868825866263
157.1933848458862
158.52992694843792
159.8966107046404
161.29354420210706
162.72083867073167
164.17863393738645
165.66700418726282
167.1861309618489
168.73614429458172
170.31717648932928
171.92944548271788
173.57289594127207
175.2478897894058
176.95451440860185
178.69292951732652
180.46329803195468
182.26578409091883
184.10055431086488
185.96777361559174
187.86761239505728
189.80023745302677
191.7658143901309
193.7645133086458
195.79649635477685
197.86193501930364
199.9609885472167
202.0938162037731
204.2605802837041
206.46143612886067
208.6965349475137
210.96602727988017
213.27006060509663
215.6087703354569
217.98230071908384
220.39287054301542
222.83434006548504
225.3130976895673
227.82717594990774
230.37668678454685
232.96173163973256
235.5824153034906
238.23882999706194
240.93106315551915
243.65920540296167
246.42326861325924
249.22349710865498
252.0597812600029
254.9322427935325
257.84091825880824
260.78588977710194
263.7671608875976
266.7847828331767
269.83877274847976
272.92918109631745
276.0560008523019
279.21924795762493
282.41895046485416
285.6550906576414
288.9276699636662
292.236701936561
295.58215673366817
298.9640285002556
302.38229868820395
305.8369434540148
309.3279526822642
312.8552851023056
316.41891761632724
320.01881478109385
323.6549472630814
327.32727170253503
331.0357534376729
334.78035208759826
338.5610268266685
342.37773166976865
346.23042073925507
350.1190592029009
354.04359066517577
358.00397100189065