128.43107780855632
128.4797264162888
128.5607950790015
128.67425904041508
128.82008851099192
128.99824294195568
129.20867164586502
129.45131835306103
129.72611010028345
130.03296723123546
130.37179721961164
130.74249648543636
131.14494867662478
131.5790267390678
132.04459456768606
132.54150626531714
133.06961119689834
133.628771203809
134.21878279599034
134.8395427066705
135.49088293660583
136.17266070773698
136.88474021769235
137.62699473058277
138.3993071147358
139.20157196610606
140.03369401171352
140.89559535071209
141.7872042057229
142.70846467389856
143.65933163502876
144.63977604760498
145.64977577541976
146.6893214231113
147.75842822130448
148.85708835417844
149.98537004359665
151.1432723892043
152.33085526592947
153.54817840231527
154.7953057078298
156.0723134912408
157.3792876677327
158.7163171811317
160.08350753961048
161.4809625090171
162.9087958140648
164.36712878770442
165.85608757264887
167.3758094058873
168.92642467392497
170.5080793079782
172.1210370899274
173.76509664020935
175.44076474779274
177.14807998998657
178.88719916956103
180.65829608312686
182.4615235617206
184.29705091888115
186.16504629315747
188.06567510111375
189.9991070907107
191.96550696163118
193.96504655435226
195.9978866947015
198.06418033599954
200.16413462962552
202.2978671319158
204.465547965208
206.6673372399547
208.9033839435503
211.17383896379235
213.4788485242109
215.81855029276068
218.19308327635264
220.60258569645757
223.04717761214465
225.52698319142314
228.04211935534235
230.59270082781342
233.17882955607408
235.80060768415348
238.45813003456206
241.15148546424248
243.88075440671176
246.64601222450625
249.44733461167752
252.28478479613466
255.1584167979354
258.06828295438356
261.01443295995375
263.9968981035389
267.015729935314
270.07094461176956
273.1625667529169
276.2906173969827
279.4551084669943
282.6560461816369
285.89343821724594
289.16727865003145
292.47756649816426
295.8242890686265
299.207432320064
302.62697995969495
306.08291242298185
309.57520309508163
313.10382616575697
316.6687510821916
320.26994475013925
323.90737744081775
327.58100682184477
331.29079432970235
335.03670255381184
338.81868550551974
342.6367043093726
346.4907076289711
350.3806607884599
354.3065080088425
358.26820686961196