 0.00000000000000E+00
 0.00000000000000E+00
 0.00000000000000E+00
 0.00000000000000E+00
 0.00000000000000E+00
 0.00000000000000E+00
 0.00000000000000E+00
 0.00000000000000E+00
 0.00000000000000E+00
 0.00000000000000E+00
 0.00000000000000E+00
 0.00000000000000E+00
 0.00000000000000E+00
 0.00000000000000E+00
 0.00000000000000E+00
 0.00000000000000E+00
 0.00000000000000E+00
 0.00000000000000E+00
-0.79980799441502E-14
 0.32869483799919E-13
 0.29864614985296E-14
 0.74694269636813E-28
-0.14010062535195E-13
-0.17667464664891E-13
 0.32731188890684E-13
 0.11886761516510E-12
 0.15654145787478E-12
-0.18235662273793E-14
-0.13857292031976E-13
-0.25686837771055E-12
 0.11956601948873E-13
 0.34886739463756E-12
-0.41852949426867E-12
-0.22178351628004E-12
-0.10079266934119E-11
 0.36617769483358E-12
 0.53389750724094E-13
 0.85183315910455E-12
 0.41473650749248E-12
-0.45932237883163E-12
-0.32172294233123E-12
 0.19872012988908E-12
-0.11715038527505E-12
-0.49454800376296E-12
 0.59809515584154E-12
-0.24698358513523E-11
-0.11911591471720E-11
-0.40449320824492E-11
 0.56355061277035E-12
-0.24097180371693E-11
-0.39651690111384E-11
-0.51913838150630E-12
-0.12340786396333E-11
-0.22645992169076E-11
-0.69543033204582E-11
-0.12907287330433E-11
-0.83256572239277E-11
-0.14995673413158E-10
-0.12420669019248E-10
-0.80123573562555E-11
-0.13964224430278E-10
-0.20166332752093E-10
-0.13613977344577E-10
-0.25488257312740E-10
-0.23017601960586E-10
-0.24449884906320E-10
-0.48226720773458E-10
-0.43580483760763E-10
-0.41756607082203E-10
-0.63376903860765E-10
-0.70939299491178E-10
-0.63869693331412E-10
-0.77935374414085E-10
-0.82198959468556E-10
-0.10022041165857E-09
-0.11394465253603E-09
-0.13469070437430E-09
-0.13024423028606E-09
-0.16851886640299E-09
-0.17472967665406E-09
-0.18523727246110E-09
-0.22699916031421E-09
-0.24599009127715E-09
-0.26007529888434E-09
-0.30946058363564E-09
-0.32798141532496E-09
-0.36014609353430E-09
-0.40503379682043E-09
-0.42038404307531E-09
-0.47327904094185E-09
-0.50730384612821E-09
-0.54765401391205E-09
-0.59053652197455E-09
-0.63941796567702E-09
-0.67519313611718E-09
-0.78077754159171E-09
-0.79729033344204E-09
-0.88815474553985E-09
-0.94865198651488E-09
-0.10210341005111E-08
-0.11243686964135E-08
-0.12172959043218E-08
-0.12716664684771E-08
-0.13972229451536E-08
-0.14993110151275E-08
-0.15961375211719E-08
-0.17100001322283E-08
-0.18700867970882E-08
-0.20032376434863E-08
-0.21094306663020E-08
-0.22523467183306E-08
-0.23830482893682E-08
-0.25637179629252E-08
-0.27284338622084E-08
-0.59837281209987E-08
-0.30589853801306E-08
 0.82740230849834E-09
-0.11776918847147E-07
-0.36504388099109E-08
-0.18357735999178E-07
