 0.00000000000000E+00
 0.00000000000000E+00
 0.00000000000000E+00
-0.19951455479217E-16
-0.24166678308450E-15
-0.40186723175751E-15
 0.30301846409098E-15
-0.64483281577790E-15
 0.83984533507357E-15
 0.32250565072832E-13
 0.21071448883949E-12
 0.85886251073450E-12
 0.28031346017838E-11
 0.76978377123652E-11
 0.18297109593419E-10
 0.38802977085115E-10
 0.75074775971637E-10
 0.13502103906504E-09
 0.22793531858976E-09
 0.36576030652066E-09
 0.56197581793450E-09
 0.83562214968986E-09
 0.12079191558465E-08
 0.17101654706453E-08
 0.23809054449654E-08
 0.32760485114434E-08
 0.44688890950543E-08
 0.60579209899240E-08
 0.81732657743032E-08
 0.10982687063385E-07
 0.14703846481699E-07
 0.19606789693782E-07
 0.26024246820023E-07
 0.34364768446994E-07
 0.45115745108116E-07
 0.58848160927369E-07
 0.76232819494321E-07
 0.98031114086632E-07
 0.12509847339728E-06
 0.15839902051742E-06
 0.19897640484715E-06
 0.24795039229347E-06
 0.30648755615670E-06
 0.37578547930459E-06
 0.45694210589574E-06
 0.55090992612686E-06
 0.65823125978195E-06
 0.77879541219862E-06
 0.91132028782411E-06
 0.10526752889090E-05
 0.11967946366805E-05
 0.13331782513808E-05
 0.14447615488117E-05
 0.15050241237652E-05
 0.14744808271496E-05
 0.12963468665257E-05
 0.89208506899136E-06
 0.15813188232053E-06
-0.10347048118873E-05
-0.28354454862772E-05
-0.53961982054870E-05
-0.88395291787128E-05
-0.13205029068764E-04
-0.18374682900678E-04
-0.23985352289083E-04
-0.29349866924829E-04
-0.33422998090220E-04
-0.34859328471337E-04
-0.32202071993421E-04
-0.24211633785858E-04
-0.10286414121604E-04
 0.91335519762469E-05
 0.32329758842910E-04
 0.56372186783850E-04
 0.77547850066587E-04
 0.92090461558707E-04
 0.97030492888446E-04
 0.90923608064043E-04
 0.74237807585795E-04
 0.49282118105746E-04
 0.19702091626498E-04
-0.10304682728392E-04
-0.36831385614030E-04
-0.56947577565528E-04
-0.69086052880692E-04
-0.73088580713498E-04
-0.69965770724778E-04
-0.61484508600457E-04
-0.49712833015984E-04
-0.36627072192195E-04
-0.23844363656190E-04
-0.12494728459745E-04
-0.32135057189058E-05
 0.37854437857644E-05
 0.85972532478027E-05
 0.11507801382293E-04
 0.12891814932043E-04
 0.13137793948508E-04
 0.12600057216375E-04
 0.11574193579945E-04
 0.10289542481794E-04
 0.89126695827168E-05
 0.75564180985333E-05
 0.62907111029097E-05
 0.51536528607900E-05
 0.41609108864623E-05
 0.33133797418449E-05
 0.26027453658929E-05
 0.20159643438786E-05
 0.15375706424920E-05
 0.11521828768497E-05
 0.84500496403965E-06
 0.60264699648712E-06
 0.41346697208424E-06
 0.26733321905435E-06
 0.15573569063283E-06
 0.71732396007211E-07
 0.95189760717952E-08
-0.35620569395476E-07
-0.67489066770822E-07
