-0.11312222026053E-03
-0.95425702777900E-04
-0.81254541003211E-04
-0.69772611893719E-04
-0.60370055239956E-04
-0.52596434629422E-04
-0.46113265362621E-04
-0.40663193611249E-04
-0.36047829836918E-04
-0.32113736484457E-04
-0.28738433457970E-04
-0.25826726397569E-04
-0.23301857835840E-04
-0.21099646064666E-04
-0.19172184932026E-04
-0.17476629340986E-04
-0.15979391532227E-04
-0.14652115785063E-04
-0.13471276014466E-04
-0.12417156587759E-04
-0.11473136212664E-04
-0.10625137389729E-04
-0.98612117241447E-05
-0.91711289445450E-05
-0.85461416665091E-05
-0.79787067899234E-05
-0.74623124278066E-05
-0.69913018096624E-05
-0.65607614504506E-05
-0.61664370502448E-05
-0.58045337898067E-05
-0.54717872774785E-05
-0.51652652101009E-05
-0.48824374811159E-05
-0.46210234256537E-05
-0.43790226843108E-05
-0.41546390739797E-05
-0.39462844919237E-05
-0.37525424220204E-05
-0.35721359010069E-05
-0.34039094494404E-05
-0.32468565999535E-05
-0.31000397739830E-05
-0.29626388531151E-05
-0.28338586661082E-05
-0.27130916721166E-05
-0.25996664110013E-05
-0.24930154186681E-05
-0.23926088893425E-05
-0.22981441915655E-05
-0.22090462686414E-05
-0.21249291016043E-05
-0.20453798079359E-05
-0.19702361152509E-05
-0.18991167409496E-05
-0.18317370504996E-05
-0.17678824253828E-05
-0.17072929722932E-05
-0.16497642399942E-05
-0.15950997335908E-05
-0.15431180853680E-05
-0.14936503432103E-05
-0.14465422686390E-05
-0.14016495122951E-05
-0.13588378168729E-05
-0.13179844196006E-05
-0.12789731867867E-05
-0.12416978052889E-05
-0.12060588525331E-05
-0.11719661447765E-05
-0.11393240008953E-05
-0.11080598931191E-05
-0.10780969624296E-05
-0.10493634721033E-05
-0.10217955965545E-05
-0.99532970494884E-06
-0.96990939760462E-06
-0.94547930116820E-06
-0.92198870517316E-06
-0.89939087585962E-06
-0.87763936972390E-06
-0.85669542710299E-06
-0.83651549948252E-06
-0.81706468935350E-06
-0.79830829369512E-06
-0.78021253625635E-06
-0.76274706834037E-06
-0.74587894701339E-06
-0.72958809656807E-06
-0.71384154408206E-06
-0.69861742792870E-06
-0.68389046266809E-06
-0.66964280602034E-06
-0.65584958675178E-06
-0.64249251088177E-06
-0.62955274215065E-06
-0.61701273076907E-06
-0.60485566248377E-06
-0.59306559659067E-06
-0.58162747306354E-06
-0.57052697823170E-06
-0.55975051832360E-06
-0.54928517998270E-06
-0.53911869072859E-06
