 0.00000000000000E+00
 0.00000000000000E+00
 0.00000000000000E+00
 0.00000000000000E+00
 0.00000000000000E+00
 0.00000000000000E+00
 0.00000000000000E+00
 0.00000000000000E+00
 0.00000000000000E+00
 0.00000000000000E+00
 0.00000000000000E+00
 0.00000000000000E+00
 0.00000000000000E+00
 0.00000000000000E+00
-0.15445974831736E-14
-0.38663020820454E-14
-0.37814956575376E-14
-0.26964106186899E-14
-0.77064260015671E-15
 0.20914542692807E-14
-0.20428646940486E-14
 0.11277206251060E-13
 0.35257759289157E-14
 0.46484492019217E-14
 0.11517172786975E-13
-0.65536408421553E-14
 0.36532455038902E-13
 0.14201217202138E-13
-0.26876592091096E-13
 0.78094510283114E-13
 0.58555048261717E-13
 0.41730218777268E-13
 0.10335087113493E-12
 0.15105919772821E-12
 0.21217974787771E-12
 0.31833031042395E-12
 0.70190361629889E-12
 0.80161269889454E-12
 0.12066972900306E-11
 0.16214561889835E-11
 0.22243776692143E-11
 0.31351362623281E-11
 0.40857661858132E-11
 0.54166121678040E-11
 0.72170606075712E-11
 0.91230985537357E-11
 0.11725476979081E-10
 0.14625826779014E-10
 0.18343272835382E-10
 0.22774709535219E-10
 0.27806416039954E-10
 0.33806557443840E-10
 0.40956662208401E-10
 0.49021970588306E-10
 0.58343044050057E-10
 0.68829964518526E-10
 0.80923977527581E-10
 0.94421108139565E-10
 0.10969532074720E-09
 0.12694584341388E-09
 0.14600276518482E-09
 0.16743769855654E-09
 0.19077723910186E-09
 0.21673708422126E-09
 0.24524181014583E-09
 0.27692763347280E-09
 0.31109501714735E-09
 0.34837610888164E-09
 0.38959887439629E-09
 0.43407043318918E-09
 0.48254575823591E-09
 0.53526861801387E-09
 0.59206209789985E-09
 0.65329627977603E-09
 0.71961131732553E-09
 0.79076644906408E-09
 0.86838962358218E-09
 0.95117339854118E-09
 0.10407108436189E-08
 0.11367541413253E-08
 0.12399103282528E-08
 0.13507327907999E-08
 0.14687544285635E-08
 0.15958636571994E-08
 0.17308067860966E-08
 0.18751628872180E-08
 0.20293129341488E-08
 0.21931668011820E-08
 0.23676662915214E-08
 0.25523500678327E-08
 0.27490610513477E-08
 0.29563935539116E-08
 0.31764204516762E-08
 0.34082409315125E-08
 0.36512474473286E-08
 0.39087015535935E-08
 0.41769656634984E-08
 0.44597230242753E-08
 0.47547418291918E-08
 0.50623463532937E-08
 0.53841620681350E-08
 0.57185732357480E-08
 0.60653122202310E-08
 0.64266253228444E-08
 0.68005149775369E-08
 0.71850757380918E-08
 0.75825979184641E-08
 0.79942583583687E-08
 0.78321484351328E-08
 0.88500374831247E-08
 0.92968790566578E-08
 0.97542422631623E-08
 0.10220993867702E-07
 0.10698360775940E-07
 0.11186523732765E-07
 0.11683919044031E-07
 0.12189275230187E-07
 0.12703092581478E-07
 0.13222401080057E-07
 0.13748318619195E-07
