 0.00000000000000E+00
 0.00000000000000E+00
 0.00000000000000E+00
 0.00000000000000E+00
 0.00000000000000E+00
 0.00000000000000E+00
 0.00000000000000E+00
 0.00000000000000E+00
 0.00000000000000E+00
 0.00000000000000E+00
 0.00000000000000E+00
 0.00000000000000E+00
 0.00000000000000E+00
 0.00000000000000E+00
 0.52326462468426E-14
 0.15950191100519E-13
 0.19124914287996E-13
 0.13153901131430E-13
 0.10320485611312E-13
-0.18257708619098E-13
 0.14209614420436E-13
-0.11838329187438E-12
-0.34513249817969E-13
-0.39487144099822E-13
-0.14034375709878E-12
 0.49715768264811E-13
-0.49372785089186E-12
-0.13941841023121E-12
 0.49521352323961E-12
-0.94311799299706E-12
-0.40324914560206E-12
 0.26093608879173E-12
-0.38844670882610E-13
 0.20939884277305E-12
 0.79867802206767E-12
 0.14417033827858E-11
-0.31572559920896E-11
 0.90809857082312E-12
-0.21052777137380E-12
 0.18563499952476E-11
 0.33365730473637E-11
 0.13216584164974E-11
 0.56518304883725E-11
 0.69025175681761E-11
 0.38097189600427E-11
 0.11217489131235E-10
 0.10551795876598E-10
 0.19645438373954E-10
 0.21009187263192E-10
 0.21785385764348E-10
 0.31412468054991E-10
 0.37843237694598E-10
 0.38708415110071E-10
 0.46558611297118E-10
 0.53663090717094E-10
 0.71230669360969E-10
 0.79947950303296E-10
 0.10138880572716E-09
 0.11950477432553E-09
 0.13183063319644E-09
 0.15363787333251E-09
 0.16472957188039E-09
 0.20490796150528E-09
 0.23362713972629E-09
 0.27529114275877E-09
 0.28580295779788E-09
 0.34107949749081E-09
 0.41060934771414E-09
 0.43677846554639E-09
 0.49847040558614E-09
 0.55467470310851E-09
 0.60517763778799E-09
 0.68492481910390E-09
 0.79857884233623E-09
 0.90239665292869E-09
 0.10581045864906E-08
 0.11406641868814E-08
 0.12998472393673E-08
 0.14417681808467E-08
 0.15963535213152E-08
 0.17683389817288E-08
 0.19273836565714E-08
 0.21809730427450E-08
 0.23581360713335E-08
 0.26520670904089E-08
 0.29318976608351E-08
 0.32120472437754E-08
 0.35327061099137E-08
 0.38482341879430E-08
 0.42590262484880E-08
 0.45640241439317E-08
 0.50176928117384E-08
 0.53757786650060E-08
 0.57770728632461E-08
 0.63760585052430E-08
 0.67305284195253E-08
 0.73954520013543E-08
 0.78443751938929E-08
 0.83954666711885E-08
 0.90801832235898E-08
 0.95779960157758E-08
 0.10141023896131E-07
 0.10895794604448E-07
 0.11325118079308E-07
 0.11802650558210E-07
 0.12698858709072E-07
 0.13475937702403E-07
 0.13909506016929E-07
 0.14650897460532E-06
 0.15411096911632E-07
 0.15816710324354E-07
 0.16366009541171E-07
 0.17159982903804E-07
 0.17871571857486E-07
 0.18325306405034E-07
 0.18700092835193E-07
 0.19080127152365E-07
 0.19179848333980E-07
 0.19382351778643E-07
 0.19022276867648E-07
