48.62499365441256
49.09588999822973
49.59174616396178
50.112273370138055
50.65717821555302
51.226175403036244
51.81899038125043
52.435351362013215
53.075003253942796
53.73770151676376
54.423216892716106
55.13133505220567
55.861858116760345
56.6146034894096
57.38941026186702
58.1861291625878
59.00463102795517
59.84480574553121
60.706530966690515
61.58978307298527
62.49450313550032
63.420591637666696
64.36804811079317
65.3368601245175
66.3270295984966
67.3385736825519
68.37152365976752
69.42592387361037
70.50183084348826
71.59931427302135
72.71845611158433
73.85934773155525
75.02209244000913
76.20680040941802
77.41360677239976
78.64262875576463
79.89401739681308
81.16791639800793
82.46446782710653
83.78388429736086
85.12628885885601
86.49187524931439
87.88082555692162
89.29332832333797
90.72957899306617
92.18977978231143
93.67412675861043
95.1829349433502
96.71610473957139
98.27416038346779
99.85721452069889
101.4654911731389
103.09920616741253
104.75858759086452
106.4438582616758
108.15524808132895
109.89298621807073
111.65729251008206
113.4484047941636
115.26654590727412
117.1119479395988
118.9848346430961
120.88543545934674
122.81397656857699
124.77067375443744
126.75576772897713
128.7694624690276
130.81198869330768
132.88354058749368
134.98434192315722
137.11462756635567
139.2745717376721
141.46439175767736
143.68428371944998
145.93444764126113
148.2150739472084
150.52635136516648
152.86845882860806
155.24158932820094
157.64591449789472
160.081597413255
162.54881320178447
165.04771025210732
167.57846681780217
170.14122547842277
172.73612625141976
175.36332060174038
178.02294911694267
180.7151386817887
183.44001818498967
186.19771443399765
188.9883456649686
191.81202648854605
194.66886698987804
197.55897281486935
200.48244526686287
203.4393814131835
206.42987420094843
209.45401258158134
212.51188164326993
215.603562751018
218.72913369340992
221.888668835661
225.08223927829425