81.95927673990596
82.47282280908742
83.01419302150158
83.5831464111954
84.17943726281165
84.80282610878204
85.45307605238719
86.12995946934204
86.8332578478946
87.56276459045546
88.31828570374742
89.09964290714635
89.90667129462938
90.73922237312958
91.59719703317991
92.48038211307875
93.38877443020561
94.32225530593594
95.28077382719785
96.26426462092535
97.27269431259147
98.3060432768468
99.3643081801682
100.44749701369508
101.55562959181451
102.68874384560806
103.84688645374024
105.03011708289495
106.23850576049217
107.47213541573223
108.73109782585873
110.01549761551844
111.32544376834247
112.6610559936506
114.02246283650227
115.40980259455236
116.82321690339818
118.26285665174403
119.72887870012904
121.22144657162342
122.74072545395242
124.28689622129622
125.86012682181108
127.46060907878412
129.08852208324444
130.74405903399503
132.4274104969175
134.13877339742032
135.87834353727396
137.64632104589725
139.44290650226625
141.26830177016816
143.12270926288073
145.0063313262303
146.9195046588507
148.86203727821876
150.8345240570955
152.8370321062769
154.8697696068183
156.93292692712944
159.02669626646284
161.15129003655133
163.30688171279397
165.4936677052121
167.7118305351326
169.9615534069378
172.24301664388554
174.556391938118
176.90185584323717
179.27956961095325
181.6896985595685
184.13239203838413
186.60782646297795
189.11612515284946
191.6574449705371
194.2319188114016
196.83968383659763
199.4808666784344
202.15558840246015
204.86397072863744
207.6061221670668
210.38215246659698
213.192164894223
216.0362560592665
218.9145160187695
221.82703284305828
224.77388850740877
227.7551612028034
230.77091911520026
233.82123677548213
236.90617054942663
240.02578465344774
243.18013098643766
246.36925855549845
249.59321890638063
252.85205010332788
256.1457903342961
259.4744904426377
262.8381651240084
266.23685097512623
269.67057501439956
273.1393616252543
276.64323274504386
280.1822080541105