87.29149564291694
87.8106061561876
88.3579116898746
88.93318048521688
89.53617528419225
90.16666430469797
90.8244209329732
91.50922525142158
92.22086896634667
92.95915332366157
93.72389357592445
94.5149192398462
95.33207363936981
96.17521814186058
97.04422876061525
97.9389962350224
98.85942826711218
99.80545055998539
100.77700268776603
101.77403949548899
102.79653166017987
103.84446469897014
104.917838285589
106.01666519497394
107.14097317615163
108.29079998187854
109.46619701756244
110.66722869809313
111.89396749688873
113.14649930696359
114.42491350525982
115.72932596422565
117.05983836673452
118.41657714521489
119.79967056018104
121.20925577820005
122.64547728316782
124.10847595553246
125.59843706442095
127.1154945756023
128.6598260711687
130.23160494788283
131.83100666832576
133.4582126843756
135.11340844217236
136.79678008769412
138.50851836783343
140.24881502789333
142.0178695884986
143.8158732049284
145.64302580436217
147.49951274838773
149.38556866908723
151.30136163357545
153.24709272912904
155.22372563574243
157.22919018930534
159.2659424572124
161.33340893004475
163.43182882496168
165.56134565927385
167.72216421483918
169.91446836031298
172.1384398132237
174.3942602704812
176.6821010593493
179.0021344163916
181.35452860590442
183.7394472378497
186.15704754949653
188.60748477009483
191.09090600242155
193.60746104809581
196.1572849730734
198.7405116262521
201.35727458842516
204.00768846329598
206.691892413082
209.40997861648137
212.1620559101536
214.94825506110325
217.7686424967553
220.62332343365955
223.51237909435935
226.4359031167504
229.39396251291586
232.38663123141185
235.41382944169112
238.476073667516
241.5729633844519
244.7047000923934
247.87135190815349
251.0729453321088
254.30952818562216
257.58113854658467
260.88781126910385
264.22957599863594
267.60645903439365
271.0184886293653
274.4656828067744
277.9480617790761
281.4656420550668
285.0184378712024
288.60646138204817