102.03013010862632
102.56345518328455
103.12592440916731
103.71732268653395
104.33745641326192
104.9861028991262
105.66306734450198
106.36815785422532
107.1011913437249
107.86199623848829
108.6504176986748
109.46630744266513
110.30953742161068
111.17999210260689
112.0775705711641
113.00218851102333
113.95416851695954
114.93228053534159
115.93765834055831
116.96988451443511
118.02894666487343
119.11484704222957
120.22760016544444
121.36723243183833
122.53378387048004
123.72730644957836
124.94785973157028
126.19551663348028
127.47036114048487
128.77248171985994
130.10198513775669
131.45897622538493
132.84357377722168
134.2559328174366
135.69605857604228
137.16429738233606
138.66064609710202
140.18529375803408
141.7383998884768
143.3201235400339
144.9306284700354
146.57009323465078
148.23868202343283
149.93657738991223
151.66395326446968
153.421000442136
155.207896188561
157.0248247977133
158.8719820656262
160.74954794056552
162.65771323992428
164.59666506400248
166.56659088396015
168.56768451274672
170.60012334654544
172.66409808381883
174.7597886876612
176.88758418698546
179.04704732598645
181.2389690904041
183.46331762642234
185.72026294558538
188.0099714091472
190.33260781518572
192.68832826398244
195.07728589797657
197.49963766777196
199.95546025431955
202.44507696459885
204.9684493909704
207.525759716425
210.11713623573232
212.74269874303084
215.40256013580665
218.09682374682788
220.82561836800394
223.58901267984007
226.38711318333623
229.22000147807822
232.087762234066
234.99046973378034
237.9281942500204
240.90100416049117
243.9089567881841
246.9521101888673
250.03051302274892
253.1442103447045
256.293243774561
259.477650459778
262.6974602754322
265.95270230173037
269.24340455454205
272.56958450419773
275.9312566200694
279.32843877696337
282.76113474237064
286.2293495150008
289.73311591220005
293.27240488449524
296.847223340318
300.4575717524736
304.10344555727556
307.7848381713435
311.5017417547004