102.95345218229853
103.48761971852278
104.05098615339394
104.64334382006136
105.2644872892471
105.91420940707174
106.59231237187318
107.29860541357571
108.03290875216058
108.79505215716739
109.58485354456855
110.40225002193861
111.24703310679699
112.11911577546256
113.01839917245441
113.94480211255558
114.8982699768112
115.8787001094388
116.88610386366936
117.9204396973
118.98169641796217
120.06987799938035
121.18499780721379
122.32705016719966
123.49617869327622
124.69233169888403
125.91560889106562
127.16607967655509
128.4438279288612
129.7489451095863
131.08153357447188
132.44170255932357
133.82957380571054
135.24526871417285
136.68892094744217
138.1606692651622
139.660661297731
141.18904545596018
142.74598108453208
144.3316273892969
145.94615050849305
147.5897179283559
149.26251126762384
150.96469552361626
152.6964612140337
154.45798220016786
156.24944259279067
158.07103482319985
159.9229357869707
161.8053403128357
163.71843142764823
165.66239800813372
167.63742674536275
169.64370625429044
171.6814182761244
173.7507511454359
175.85188751097257
177.9850046058048
180.1502807972563
182.34789155466697
184.57796905189122
186.84080238977887
189.1364373176563
191.46507305967296
193.8268720567773
196.2219818943467
198.65055121194683
201.11273028170538
203.60865119460618
206.13845108654095
208.7022573924246
211.30019816885732
213.9323827675003
216.59892878326932
219.29994821966264
222.03552848896726
224.80579422892396
227.61080406987375
230.45066582797196
233.32544154059485
236.2352169127258
239.18006736309368
242.16003967187802
245.17520365271335
248.22560734217538
251.31130514805645
254.43233329161734
257.58873948328153
260.78055154942507
264.00780231184814
267.2705227388976
270.5687295354849
273.9024475754174
277.2716849067741
280.67645913551894
284.11677566703605
287.5926429581694
291.10406413510134
294.65103782494
298.23356408483363
301.8516378528671
305.50525462972
309.1944064546202
312.9190842712623