63.92674014032453
64.4192620047675
64.93820132659357
65.48329061545202
66.05425629758936
66.65083089372878
67.27275379405702
67.91976938385108
68.5916354780035
69.28811960192778
70.00900412927058
70.75408634991057
71.52374035398508
72.31610745827932
73.13272133371258
73.97288259945444
74.8364712274813
75.72338499107761
76.63353672721705
77.56686033366998
78.52330149245827
79.50282524592471
80.50541107962339
81.53105243011048
82.57976009785033
83.65155652037832
84.74647884921178
85.86457613442332
87.00606966399386
88.17055792745384
89.35860147773676
90.57013812492967
91.80527354465971
93.06411913089116
94.34681516303873
95.65347991584049
96.98425063282123
98.3393048792419
99.71877224791453
101.122824742637
102.55163375193453
104.00537368498073
105.4842246529978
106.98837411869411
108.51801408980063
110.07333605647648
111.6545418950168
113.2618363803509
114.89541973842341
116.55550022494764
118.24220457306376
119.95600488215834
121.69685541748791
123.4650535680282
125.2608194606713
127.0843689057745
128.935917529041
130.81568474596276
132.7238830386984
134.6607318086551
136.62644495349113
138.62123279533242
140.64531114952146
142.6988849386294
144.78215453244255
146.89535426054422
149.03865790543247
151.2122675664154
153.41639644762367
155.65122095994067
157.91693555866811
160.21372643076887
162.5417729933199
164.9012470662649
167.2922956636856
169.71520177703516
172.1700069793543
174.6569136748338
177.1760678065431
179.7276266161742
182.3117299960305
184.92852435065814
187.57814064655645
190.26070871793775
192.97635072174222
195.72519169675346
198.50733944845757
201.3229191638475
204.17201872465506
207.05474428463538
209.97119518212224
212.92146108186452
215.90562353951276
218.92377253521937
221.9759802141658
225.06232233849465
228.18286876876368
231.3376855333866
234.52683498353352
237.750375953923
241.0083639286517
244.30085121167699
247.6278871010254
250.98951806627352