 0.00000000000000E+00
 0.00000000000000E+00
 0.00000000000000E+00
 0.00000000000000E+00
 0.00000000000000E+00
 0.00000000000000E+00
 0.68517210723628E-16
-0.51407626675100E-15
 0.73270237888101E-16
-0.25666711920967E-15
-0.33237516703094E-15
-0.16416944628669E-15
-0.47985980790755E-15
-0.43853214249560E-14
-0.18103797458528E-13
-0.63466101338911E-13
-0.17829289627022E-12
-0.45267490215403E-12
-0.10319878907698E-11
-0.21570988245793E-11
-0.41933482079344E-11
-0.76484011789633E-11
-0.13204215893786E-10
-0.21724223760762E-10
-0.34266417134282E-10
-0.52077795083921E-10
-0.76578817976349E-10
-0.10934929347453E-09
-0.15210267199442E-09
-0.20665170570676E-09
-0.27488089128671E-09
-0.35871572632414E-09
-0.46008844467612E-09
-0.58091739438760E-09
-0.72307621959630E-09
-0.88838302477079E-09
-0.10785825346616E-08
-0.12953400733200E-08
-0.15402364949574E-08
-0.18147700954787E-08
-0.21203618730620E-08
-0.24583626908024E-08
-0.28300648313345E-08
-0.32367128715482E-08
-0.36795190559828E-08
-0.41596740734964E-08
-0.46783630070403E-08
-0.52367725857778E-08
-0.58361043137425E-08
-0.64775805536152E-08
-0.71624497415021E-08
-0.78919849694723E-08
-0.86674835874660E-08
-0.94902615708701E-08
-0.10361643405210E-07
-0.11282949734184E-07
-0.12255479200851E-07
-0.13280491399509E-07
-0.14359185897592E-07
-0.15492677530274E-07
-0.16681972341415E-07
-0.17927944906672E-07
-0.19231311888004E-07
-0.20592606367176E-07
-0.22012159385569E-07
-0.23490076108694E-07
-0.25026217978951E-07
-0.26620185516433E-07
-0.28271303682714E-07
-0.29978610657546E-07
-0.31740845333323E-07
-0.33556437224487E-07
-0.35423498207339E-07
-0.37343188489989E-07
-0.39302813165455E-07
-0.41309589662890E-07
-0.43356842846013E-07
-0.45440872282825E-07
-0.47557534549247E-07
-0.49702202705418E-07
-0.51869707933773E-07
-0.54054270845212E-07
-0.56249419382476E-07
-0.58447890589435E-07
-0.60641520234025E-07
-0.62821118391510E-07
-0.64976336436397E-07
-0.67095529730215E-07
-0.69165625265419E-07
-0.71172002950073E-07
-0.73098408259032E-07
-0.74926912355029E-07
-0.76637942331191E-07
-0.78210408554967E-07
-0.79621948862969E-07
-0.80849320243183E-07
-0.81868955156814E-07
-0.82657687064446E-07
-0.83193645819995E-07
-0.83457290169563E-07
-0.83432531008616E-07
-0.83107866978801E-07
-0.82477436109396E-07
-0.81541878105317E-07
-0.80308892851531E-07
-0.78793414873824E-07
-0.77017339899414E-07
-0.75008800813237E-07
-0.72801036137150E-07
-0.70430942661530E-07
-0.67937441429403E-07
-0.65359802261021E-07
-0.62736067884273E-07
-0.60101695745355E-07
-0.57488500190132E-07
-0.54923934675400E-07
-0.52430715847628E-07
-0.50026755802140E-07
-0.47725349088455E-07
-0.45535550062259E-07
