 0.00000000000000E+00
 0.00000000000000E+00
 0.00000000000000E+00
 0.00000000000000E+00
 0.00000000000000E+00
 0.00000000000000E+00
 0.19611148031989E-15
-0.62650369389406E-15
 0.18865712061933E-15
 0.30461350178670E-15
 0.39400617186848E-15
 0.16294525949081E-15
 0.11446251882843E-14
 0.53722844268942E-14
 0.18877156824008E-13
 0.63564426977572E-13
 0.17792858832931E-12
 0.45351859153527E-12
 0.10324807475104E-11
 0.21599136939018E-11
 0.41931300085456E-11
 0.76535077201566E-11
 0.13206574706560E-10
 0.21728439748497E-10
 0.34270611909325E-10
 0.52088220768287E-10
 0.76600817362200E-10
 0.10939160928708E-09
 0.15218367520321E-09
 0.20680720545041E-09
 0.27517241606825E-09
 0.35922978181966E-09
 0.46097869325213E-09
 0.58240817989900E-09
 0.72551165122375E-09
 0.89224654685545E-09
 0.10845580121403E-08
 0.13043692089455E-08
 0.15535869757771E-08
 0.18341220501629E-08
 0.21478937566816E-08
 0.24968602116201E-08
 0.28830304751476E-08
 0.33084886075915E-08
 0.37754292910089E-08
 0.42861458205561E-08
 0.48430753802154E-08
 0.54487858862436E-08
 0.61060057902231E-08
 0.68176063050237E-08
 0.75865902139309E-08
 0.84160965113643E-08
 0.93093563490908E-08
 0.10269678717309E-07
 0.11300396233805E-07
 0.12404830458885E-07
 0.13586237449671E-07
 0.14847753146268E-07
 0.16192332995961E-07
 0.17622691518078E-07
 0.19141240223736E-07
 0.20750025934646E-07
 0.22450680147211E-07
 0.24244360712617E-07
 0.26131700184122E-07
 0.28112764856024E-07
 0.30187004012675E-07
 0.32353227622160E-07
 0.34609553168126E-07
 0.36953365803627E-07
 0.39381287458546E-07
 0.41889101449969E-07
 0.44471713500196E-07
 0.47082834617852E-07
 0.49835967836376E-07
 0.52602084546087E-07
 0.55411634039519E-07
 0.58253250370733E-07
 0.61113688099154E-07
 0.63977494446876E-07
 0.66826646941613E-07
 0.69640080871933E-07
 0.72393211381173E-07
 0.75057356248738E-07
 0.77599171241968E-07
 0.79980026569322E-07
 0.82155482795373E-07
 0.84074814086639E-07
 0.85680760638221E-07
 0.86909521294900E-07
 0.87691205123573E-07
 0.87950840562562E-07
 0.87610082633349E-07
 0.86589845293964E-07
 0.84813892051639E-07
 0.82213452230420E-07
 0.78732809279051E-07
 0.74335551690748E-07
 0.69011100214620E-07
 0.62780793327415E-07
 0.55702768731138E-07
 0.47874722003267E-07
 0.39433750934088E-07
 0.30552732358103E-07
 0.21433086366358E-07
 0.12294308174948E-07
 0.33611734027053E-08
-0.51500943528634E-08
-0.13045122308205E-07
-0.20162691762264E-07
-0.26382856994897E-07
-0.31631166555457E-07
-0.35878847654776E-07
-0.39139375674284E-07
-0.41462235361088E-07
-0.42924910062778E-07
-0.43624175662535E-07
-0.43667641334225E-07
-0.43166253521176E-07
-0.42228192994165E-07
