 0.13943294932974E-14
 0.11154635946380E-13
 0.13567472622639E-12
 0.15531580326603E-12
-0.32894056246693E-12
 0.90823022987100E-12
 0.76670591605844E-13
-0.82781477225401E-11
-0.11565192922409E-10
-0.32041732522954E-10
-0.10889565295329E-09
-0.21100560014334E-09
-0.48652985374078E-09
-0.95746179887866E-09
-0.15802445301651E-08
-0.29969832285014E-08
-0.42013779508738E-08
-0.51813157660615E-08
-0.93700978981137E-08
-0.13696371114456E-07
-0.19425819762210E-07
-0.27464945262348E-07
-0.38532095128094E-07
-0.54182897039355E-07
-0.75762086859679E-07
-0.10436273445626E-06
-0.14458669330181E-06
-0.19823320156019E-06
-0.26897201254606E-06
-0.36400965988239E-06
-0.48830901227668E-06
-0.64987891323368E-06
-0.85580402952700E-06
-0.11177385196220E-05
-0.14472815334263E-05
-0.18582244579222E-05
-0.23627370481071E-05
-0.29704617420189E-05
-0.36879383487058E-05
-0.45099277772665E-05
-0.54077746107099E-05
-0.63159622976556E-05
-0.71010802488958E-05
-0.75200744789432E-05
-0.71699294487375E-05
-0.54264613422805E-05
-0.13881695456817E-05
 0.60809673703016E-05
 0.18172611190810E-04
 0.35594455167762E-04
 0.57624297849639E-04
 0.80811388767639E-04
 0.98046298205705E-04
 0.99313283149507E-04
 0.75357529489181E-04
 0.23778772777011E-04
-0.46081045171607E-04
-0.11429668353097E-03
-0.15882210232058E-03
-0.16650565268136E-03
-0.13893981973547E-03
-0.89735969020745E-04
-0.36254388723840E-04
 0.80574238635988E-05
 0.37015101664145E-04
 0.50751765687033E-04
 0.52915154958150E-04
 0.48026972548869E-04
 0.39883869887743E-04
 0.31056193888534E-04
 0.22968922788824E-04
 0.16242032576141E-04
 0.10976473838152E-04
 0.70450298086494E-05
 0.42129887160634E-05
 0.22308856583989E-05
 0.89251267659782E-06
 0.21868084872773E-07
-0.52564523011530E-06
-0.84350258248823E-06
-0.10158930061578E-05
-0.10746840630726E-05
-0.10780239882584E-05
-0.10391404368335E-05
-0.97738381632474E-06
-0.90203985221392E-06
-0.82214385266671E-06
-0.74830695775720E-06
-0.66986020393688E-06
-0.60281524365885E-06
-0.53769348136893E-06
-0.48310043254792E-06
-0.42697125936743E-06
-0.38482021529979E-06
-0.33759862861982E-06
-0.30057394763729E-06
-0.26644984193940E-06
-0.23715295971153E-06
-0.21064508998343E-06
-0.19019561416458E-06
-0.16887521810376E-06
-0.14713490011016E-06
-0.13121552305902E-06
-0.11843751787166E-06
-0.11186757702199E-06
-0.96499079337284E-07
-0.85699815413503E-07
-0.77220856982178E-07
-0.72452687113870E-07
-0.63611767169961E-07
-0.56054169094906E-07
-0.44607271805471E-07
-0.36958994911487E-07
-0.42360447217761E-07
-0.30838492307606E-07
-0.31642494444275E-07
-0.25773043700882E-07
-0.24028128919367E-07
-0.15488877112259E-07
-0.17446153833290E-07
