0.
0.
0.
0.
0.
0.
0.
0.
0.
0.
0.
0.
0.
0.
0.
0.
0.
0.
3.971889227456797e-12
5.9578338411851955e-12
1.9859446137283985e-12
3.971889227456797e-12
3.971889227456797e-12
3.971889227456797e-12
5.9578338411851955e-12
3.971889227456797e-12
4.096010765814822e-12
6.206076917901245e-12
6.702563071333345e-12
6.08195537954322e-12
1.1667424605654342e-11
2.2590119981160533e-11
3.971889227456797e-11
8.676095531225941e-11
1.8916122445762995e-10
3.947064919785192e-10
8.013286516394087e-10
1.5670344217700643e-9
2.9876054282776593e-9
5.514099341555256e-9
9.909987744043066e-9
1.7347722687070992e-8
2.9650649569118422e-8
4.9523252589468354e-8
8.09862007401523e-8
1.2981300737789377e-7
2.042300757004476e-7
3.157201374643914e-7
4.800879605134675e-7
7.187872080236304e-7
1.0605418381586175e-6
1.5433229878113775e-6
2.2167892020481887e-6
3.145102503570927e-6
4.4103702829757325e-6
6.116590129485105e-6
8.394290487024034e-6
0.000011405895062986295
0.00001535180478361399
0.000020477385588364027
0.000027080817751872353
0.0000355219335857281
0.00004623205332565927
0.00005972495548957891
0.00007660889991039822
0.00009759993071014311
0.00012353637369563446
0.00015539458328569491
0.0001943061026861916
0.00024157607061768834
0.00029870314220174456
0.0003674006812241314
0.0004496195163294311
0.0005475721201449524
0.0006637582038866691
0.0008009918950112588
0.0009624302604697395
0.0011516034940585703
0.0013724464521030232
0.0016293316713999672
0.0019271039723168174
0.0022711164086091752
0.00266726772754935
0.0031220411937782164
0.0036425449244609324
0.004236553509348812
0.004912551106770418
0.0056797757978426875
0.006548265355419346
0.007528904266046262
0.00863347207592124
0.009874692985144134
0.011266286757655258
0.012823020748515901
0.014560763299628778
0.016496538245725664
0.018648580620486167
0.021036393672138755
0.0236808069121253
0.02660403544395523
0.02982974050286522
0.033383091095444024
0.03729082696537178
0.04158132269226484
0.0462846530744338
0.051432659748388565
0.057059019154813796
0.06319931170479971
0.06989109246867176
0.07717396314426507
0.08508964546997369
0.0936820562070684
0.10299738362003735
0.11308416555201259
0.12399336922238298
0.13577847273939436
0.14849554839960347
0.16220334795316854
0.17696338979538248
0.1928400482403444