0.
0.
0.
0.
0.
0.
0.
0.
0.
0.
0.
0.
0.
0.
0.
0.
0.
0.
3.971889227456797e-12
5.9578338411851955e-12
3.971889227456797e-12
3.971889227456797e-12
3.971889227456797e-12
5.9578338411851955e-12
5.9578338411851955e-12
6.08195537954322e-12
6.206076917901245e-12
6.82668460969137e-12
8.564386146703719e-12
1.315688306595064e-11
2.4948429209963006e-11
5.473759841588898e-11
1.1394357221266686e-10
2.5010489979142016e-10
5.350879518614454e-10
1.0906559575519648e-9
2.1547499058953123e-9
4.123689868868661e-9
7.657802430536704e-9
1.3805666346948036e-8
2.4233365027482424e-8
4.146528231926538e-8
6.934000091755719e-8
1.1341481445926167e-7
1.817555128714984e-7
2.8574565480169687e-7
4.412476004873976e-7
6.699802608320262e-7
1.001303716883405e-6
1.4743384709796777e-6
2.140556980348687e-6
3.0669076721069084e-6
4.3394728049948586e-6
6.0678174398380874e-6
8.389987813896853e-6
0.000011478320477104356
0.000015546091731119652
0.00002085504175286138
0.0000277238821329899
0.000036537862791719315
0.00004775934738212863
0.00006193962916412732
0.0000797318699300999
0.00010190533078752177
0.00012936082640757857
0.00016314757278629684
0.0002044813745253165
0.00025476414852926684
0.0003156049758875228
0.000388842424015785
0.00047656849826521497
0.0005811538961871155
0.0007052748282114255
0.0008519412176878703
0.0010245264728022732
0.0012267986354972153
0.0014629529293665514
0.0017376458877412335
0.0020560307788452087
0.0024237944722506205
0.0028471957055480846
0.0033331046480870406
0.0038890438836735306
0.004523230648881458
0.005244620370916357
0.006062951503666324
0.006988791555443851
0.00803358439592422
0.009209698671489243
0.010530477546437274
0.012010289413954798
0.013664579911605388
0.01550992496243494
0.017564084985425905
0.01984606016408766
0.022376146876452084
0.025175995115310792
0.028268667138124447
0.0316786970928997
0.035432151804354314
0.039556692671342375
0.044081638676905024
0.04903803059088088
0.05445869622407417
0.0603783170658815
0.06683349595572695
0.0738628261598012
0.08150696167225964
0.08980868889776908
0.09881299969206819
0.10856716591656258
0.1191208154040574
0.13052600956550112
0.14283732255929504
0.15611192220724138
0.17040965267252048
0.18579311893333447
0.20232777322573905
0.220082003505188
0.2391272239886029