0.
0.
0.
0.
0.
0.
0.
0.
0.
0.
0.
0.
0.
0.
0.
0.
0.
0.
3.971889227456797e-12
5.9578338411851955e-12
1.9859446137283985e-12
0.
1.9859446137283985e-12
3.971889227456797e-12
5.9578338411851955e-12
3.971889227456797e-12
3.971889227456797e-12
6.206076917901245e-12
6.57844153297532e-12
5.709590764469145e-12
1.0674452298790142e-11
1.824586613862966e-11
3.4009301510098823e-11
7.397643686138285e-11
1.6160624294214842e-10
3.3773470587218575e-10
6.883780517336061e-10
1.3504423373353109e-9
2.585824008612733e-9
4.784761182163502e-9
8.643327445099422e-9
1.5188504405794793e-8
2.6047153067508242e-8
4.366322652050929e-8
7.163649762025736e-8
1.1519670326392947e-7
1.817972177083867e-7
2.818685944295456e-7
4.2983797631691294e-7
6.453246343310498e-7
9.546873907222814e-7
1.3928444890261028e-6
2.0055981422335466e-6
2.852285520607435e-6
4.009007649381226e-6
5.572390911978951e-6
7.66399609530077e-6
0.000010435396574221815
0.00001407404392313037
0.000018809870933525452
0.00002492288834865046
0.00003275162984471999
0.000042702650183399604
0.000055261062758047814
0.00007100218728299712
0.00009060441846640792
0.00011486327135530601
0.00014470667509505292
0.00018121164170721812
0.00022562224012954873
0.0002793689405577226
0.0003440893933838415
0.00042165065005483627
0.0005141728110803187
0.0006240541719391595
0.000753997811898949
0.0009070397419261013
0.0010865784684503468
0.0012964061146062877
0.001540740945661917
0.001824261507158285
0.002152142093135572
0.002530089792440398
0.0029643828688431864
0.003461910689075228
0.004030214925966314
0.004677532287408434
0.005412838498574654
0.00624589372369959
0.007187289233667764
0.008248495474561766
0.009441911346271288
0.010780914779165218
0.012279914590332647
0.013954403558945663
0.0158210126880999
0.01789756677688206
0.020203141108290048
0.022758119367942323
0.025584252801768386
0.028704720540193532
0.03214419109924401
0.03592888517450213
0.04008663963134475
0.04464697266229659
0.049641150374387835
0.05510225452066397
0.06106525164854308
0.06756706354499495
0.07464663914188593
0.08234502781285037
0.0907054541918921
0.09977339455343495
0.10959665473867923
0.12022544983033438
0.13171248548387754
0.14411304119932827
0.15748505531223086
0.17188921209917085
0.187389030895302