 0.00000000000000E+00
 0.00000000000000E+00
 0.00000000000000E+00
 0.00000000000000E+00
 0.00000000000000E+00
 0.00000000000000E+00
 0.00000000000000E+00
 0.00000000000000E+00
 0.00000000000000E+00
 0.66060164218346E-08
 0.33399892296689E-09
 0.48418102455213E-09
 0.65623589159307E-10
-0.12645068066501E-08
 0.36149443969348E-07
 0.25342657790897E-07
 0.55084110979940E-07
 0.12971153244787E-07
 0.19884802794905E-06
 0.34812678127524E-06
 0.64606498872101E-06
 0.14135429979350E-05
 0.32593580204832E-05
 0.58875483361623E-05
 0.11013002350323E-04
 0.18365574506963E-04
 0.30014335175013E-04
 0.48069827843134E-04
 0.73853580359539E-04
 0.11001300527465E-03
 0.15993705517505E-03
 0.22674357677920E-03
 0.31230133369661E-03
 0.42407187862521E-03
 0.56361142162978E-03
 0.73854485292506E-03
 0.95297447239258E-03
 0.12110496398740E-02
 0.15215490537243E-02
 0.18877013765529E-02
 0.23186640027109E-02
 0.28185923365102E-02
 0.33980297106406E-02
 0.40623128481595E-02
 0.48201083077871E-02
 0.56812211089730E-02
 0.66546449268333E-02
 0.77530056173436E-02
 0.89867003701133E-02
 0.10368146568004E-01
 0.11910960447092E-01
 0.13630153166898E-01
 0.15550141806487E-01
 0.17684302898784E-01
 0.20049014956970E-01
 0.22669967570198E-01
 0.25571086156772E-01
 0.28783074558023E-01
 0.32325994137021E-01
 0.36227680685749E-01
 0.40512229492681E-01
 0.45221675083048E-01
 0.50366673086068E-01
 0.55995040202748E-01
 0.62127734212966E-01
 0.68779916699349E-01
 0.75997625382946E-01
 0.83783686985036E-01
 0.92167830910114E-01
 0.10116068278376E+00
 0.11077848687344E+00
 0.12102889529166E+00
 0.13191683760986E+00
 0.14343542824860E+00
 0.15558342140040E+00
 0.16834757623776E+00
 0.18171184297290E+00
 0.19565521120766E+00
 0.21014660588972E+00
 0.22515061979719E+00
 0.24061716058557E+00
 0.25650096570677E+00
 0.27272901213027E+00
 0.28922321352700E+00
 0.30590617520439E+00
 0.32263558141590E+00
 0.33929369461485E+00
 0.35570407268440E+00
 0.37166666708838E+00
 0.38691163416433E+00
 0.40114075929235E+00
 0.41396219076385E+00
 0.42491992012679E+00
 0.43343312938408E+00
 0.43882329663856E+00
 0.44024298815317E+00
 0.43670210552298E+00
 0.42700662285470E+00
 0.40975797732595E+00
 0.38331597358390E+00
 0.34582642048602E+00
 0.29516011514940E+00
 0.22899552440889E+00
 0.14482750074468E+00
 0.40030269465360E-01
-0.87977271855037E-01
-0.24158677932162E+00
-0.42274908189008E+00
-0.63265633426013E+00
-0.87137067135830E+00
-0.11374013022729E+01
-0.14272083495453E+01
-0.17347978349158E+01
-0.20513416620320E+01
-0.23649953347142E+01
-0.26609996263876E+01
-0.29220996728547E+01
-0.31294569112694E+01
-0.32639568330722E+01
-0.33079350750513E+01
