15.172757976471313
15.565615620490597
15.978209642234878
16.410239095847363
16.86142540692757
17.33150623221784
17.820240742645726
18.327401677593482
18.85278460696578
19.396200931548574
19.957477125844868
20.536461335414387
21.133011521655426
21.74700876463091
22.378345079089264
23.026928670301615
23.692681347511535
24.37552020071015
25.075457024285736
25.79239348693831
26.526327796998775
27.277249653991294
28.045160765351486
28.830075176865265
29.632019088660655
30.451030418114904
31.28715766478474
32.14045848711561
33.01100760484583
33.89888089243601
34.80416935982458
35.72696738619026
36.66740472768285
37.62557673449666
38.60161941754879
39.59566575935898
40.60786082892365
41.6383547256301
42.687305200808396
43.75487753953206
44.841244665876616
45.94658497619576
47.071081945067185
48.214928137786146
49.37831970787547
50.56145618547011
51.764545393113686
52.98779971033473
54.231429658622005
55.49566472508927
56.780719086332546
58.08682572628086
59.414212417447175
60.76310898552572
62.13376552305379
63.526411309955
64.94128509556462
66.3786247162813
67.83870827391982
69.3217424664503
70.828000021108
72.35771701981697
73.9111472342008
75.4885390419662
77.09014945717091
78.71622131599644
80.36700932918777
82.04276199547736
83.74372756616857
85.47015563225497
87.22227634601093
89.0003824421586
90.80467357503056
92.63540538125481
94.492819007523
96.37715272813328
98.28864245750886
100.22752156662146
102.19402070678422
104.1883676412687
106.2107870851465
108.26150055399884
110.34072622049617
112.44867878336774
114.58556934223775
116.75160528554284
118.94699018771993
121.17192371712176
123.42660155529143
125.71121532678484
128.02595254070718
130.37099654346815
132.74652648303757
135.15271728471146
137.58973963835476
140.0577599970773
142.55694058731495
145.08743943007934
147.64941037330036
150.24300313501863
152.8683633572195
155.52563267002628
158.21494876599021
160.93644548414198