25.677792203657816
26.10342036107713
26.550941111235264
27.0200557982159
27.51044781547965
28.022031543606193
28.55393484695572
29.106492023049416
29.679260589743564
30.272005043567262
30.88451901999598
31.516583620299162
32.16807706571523
32.83877957397283
33.52856278966377
34.23729475823768
34.96487748463447
35.711199339083905
36.47618448072992
37.25976721704697
38.061902393904546
38.882553247410826
39.721700348591774
40.57933959339678
41.45547969590046
42.35014341715453
43.26336582668645
44.19519487758703
45.14569199283125
46.11492730704354
47.102985878624764
48.10995868922409
49.13595548419792
50.18108168884237
51.24547432443242
52.32925745812828
53.43257233432101
54.55557199301065
55.698414086221376
56.86138569432474
58.04429048019573
59.24767099654376
60.47160685152907
61.71627236408652
62.981872862024694
64.2686060335339
65.57668327183019
66.9063162245242
68.25770896729412
69.63111385961722
71.02672405080891
72.4447766027719
73.88550289002993
75.34913492731506
76.83590909621168
78.346062876214
79.87983498540363
81.43746751198036
83.01919724432783
84.62528767747189
86.25595625839426
87.91146579431319
89.59205396498047
91.29796709464235
93.02944737049819
94.78674353741597
96.57009527091668
98.37974553959806
100.21593508549938
102.07890307738892
103.96888720201905
105.88612202706493
107.83084290461737
109.80327941313908
111.80365958857836
113.8322088360093
115.88914657299422
117.97470128211562
120.08908014105174
122.23249970651288
124.40516711247584
126.6072881720964
128.8390641417204
131.1006922878386
133.3923657871996
135.7142736387178
138.0666005873684
140.44952706019646
142.86322911454516
145.3078783985502
147.78364212390804
150.29068305085406
152.82915948529435
155.3992252879096
158.0010298950942
160.63471835149963
163.3004313538895
165.99830530603327
168.7284723843842
171.49106061403918
174.28619395471742
177.11399239631362
179.97457206360718
182.8680453296883