25.75336778116165
26.17918901630765
26.626921932142935
27.096251241164605
27.586876556222034
28.098627598398902
28.6308672387471
29.18369493179791
29.756745491125113
30.349788201861422
30.962609920308818
31.59501381544617
32.24680193673392
32.9178653135875
33.60800335922232
34.31710748442407
35.0450607921283
35.791768299478996
36.557155055103856
37.341148399477895
38.14370238449804
38.9647834402817
39.80437012238258
40.662461854434994
41.53906331952039
42.43419831677278
43.34790196798422
44.280220070575126
45.23122105431999
46.200967751817025
47.18954710612995
48.1970454054092
49.223589069723175
50.26927027160402
51.334220381387354
52.41857200307584
53.52246756485456
54.646057499942884
55.78949834295052
56.95315318151136
58.136603129947574
59.34061761766054
60.56518688479299
61.81050008496123
63.07675849670051
64.36416060115671
65.67291475375154
67.00323431760002
68.35533421457373
69.72943634710154
71.12576016662025
72.54454101238748
73.98599899092152
75.45038114253364
76.93790964671757
78.44882752965337
79.9833746937711
81.5417919489807
83.12432014158568
84.73120308291625
86.36269150910296
88.01901573816302
89.70043852549767
91.4071915757335
93.13950550273303
94.89767786719838
96.68189709447189
98.49242415692186
100.32949992741838
102.19336200430664
104.08425177914974
106.0023997146711
107.94804174734955
109.92140439932773
111.92272414658936
113.95222047384556
116.01011745134751
118.09663376894586
120.21198392612504
122.35638282786337
124.53003754784805
126.73315365040848
128.9659322668189
131.22857053534628
133.52126150154228
135.84419403033962
138.19755273013305
140.58151788899718
142.99626542312274
145.4419668375293
147.91878919905204
150.42689512155434
152.96644276327638
155.53758583618352
158.1404736271259
160.77525103061933
163.44205859292921
166.14103256718747
168.87230497929232
171.63600370408918
174.43225255155738
177.2611713625682
180.12287611378923
183.01747903130013