0.29531664983717026
0.48837151704270376
0.7208185482969536
0.9759406430402848
1.2505670742789419
1.5432331805174422
1.853098114127979
2.179622838359173
2.522435078958664
2.8812700971775946
3.2559279623611594
3.646308356326888
4.05215062080263
4.473513648420337
4.910282845064721
5.3624076048399
5.829853763136174
6.312596257109592
6.810625901948157
7.323935410993441
7.852531361543444
8.396425739371184
8.95563574088216
9.530199201119336
10.120141694353322
10.72550659184128
11.346340272219729
11.982705628732194
12.63465337953169
13.302266225529584
13.985597335636323
14.684761695053062
15.399822378607801
16.13088318271568
16.8780463174492
17.641420164372306
18.4211233287216
19.217278068670026
20.03000981610008
20.859459146190606
21.705765238535985
22.56907770935746
23.449549482359544
24.3473402246535
25.262618368733445
26.195554237847695
27.146324999781566
28.11511334531601
29.10210694172197
30.10749840179266
31.13148510155558
32.174268985385325
33.236056367126
34.31705772769005
35.417487509598935
36.537563908885865
37.67750866471008
38.83754684702822
40.01790664261646
41.2188191397055
42.44051811151337
43.683239798868115
44.94722269219889
46.23270731306431
47.53993599547435
48.86915266720857
50.220602631362695
51.594532348336344
52.991189218532824
54.410821366004974
55.85367742330938
57.32000631787939
58.81005706018194
60.32407853399349
61.86231928911693
63.42502733688563
65.0124499488199
66.62483345879771
68.26242306914433
69.92546266101198
71.61419460948281
73.3288596037799
75.069696473024
76.83694201793281
78.63083084888815
80.45159523077538
82.29946493500978
84.1746670991236
86.07742609430134
88.00796340124076
89.96649749466539
91.95324373680788
93.9684142802091
96.01221798004852
98.08486031629666
100.18654332589313
102.31746554514363
104.47782196248494
106.66780398176525
108.88759939610219
111.13739237240092
113.41736344656032
115.72768952934261
118.06854392289952