 0.00000000000000E+00
 0.00000000000000E+00
 0.00000000000000E+00
 0.00000000000000E+00
 0.00000000000000E+00
 0.00000000000000E+00
 0.00000000000000E+00
 0.29976279691587E-16
 0.00000000000000E+00
 0.23981023753270E-16
 0.43601861369581E-16
 0.19984186461058E-16
-0.85384906466705E-16
 0.00000000000000E+00
 0.00000000000000E+00
 0.00000000000000E+00
 0.14144659829436E-15
 0.17250817141982E-30
 0.18983622402664E-15
-0.96018002030808E-16
 0.10441656417124E-15
 0.21430756883620E-15
 0.10426532066639E-16
 0.14306837688896E-15
 0.10342183903447E-15
 0.11942873405988E-30
-0.53306163143147E-16
 0.15502261510063E-16
-0.80736836981375E-16
-0.73501709111727E-16
-0.88701908011220E-16
-0.38567336939168E-16
 0.12161173124004E-15
 0.11378619574558E-15
-0.17026888323773E-15
-0.11060761417864E-15
 0.58085136261867E-17
-0.77997873549312E-16
-0.27069212246635E-15
-0.40062237086152E-15
-0.91082671376901E-15
-0.14978368497751E-14
-0.16449245458352E-14
-0.28328182217760E-14
-0.39623136569456E-14
-0.62433448408346E-14
-0.88996845074276E-14
-0.14026286320267E-13
-0.18908366332751E-13
-0.26226597843055E-13
-0.36118440727840E-13
-0.49039670242517E-13
-0.66106360321926E-13
-0.87263215618069E-13
-0.11442406928958E-12
-0.14845556654615E-12
-0.19048503699583E-12
-0.24262034930621E-12
-0.30587490496118E-12
-0.38256437995276E-12
-0.47457839352253E-12
-0.58505041212854E-12
-0.71470008460414E-12
-0.86831179706998E-12
-0.10473335927624E-11
-0.12562464676894E-11
-0.14976402272772E-11
-0.17744793386558E-11
-0.20924938874357E-11
-0.24541756237380E-11
-0.28643666359374E-11
-0.33272391473966E-11
-0.38481636787902E-11
-0.44309519673714E-11
-0.50808412009829E-11
-0.58031513379345E-11
-0.66029709701109E-11
-0.74855816037377E-11
-0.84566733375544E-11
-0.95211061215184E-11
-0.10685178172893E-10
-0.11953895025275E-10
-0.13333856834256E-10
-0.14830052988716E-10
-0.16448470493175E-10
-0.18194707803999E-10
-0.20074792891345E-10
-0.22094034768235E-10
-0.24258540210568E-10
-0.26573669954808E-10
-0.29045373941571E-10
-0.31679022146298E-10
-0.34480074007941E-10
-0.37453875281103E-10
-0.40605803590397E-10
-0.43941276894917E-10
-0.47465219914247E-10
-0.51183474326962E-10
-0.55100273703768E-10
-0.59220796344693E-10
-0.63549896810126E-10
-0.68092246675958E-10
-0.72852996448392E-10
-0.77836501302388E-10
-0.83047645794951E-10
-0.88490343555986E-10
-0.94169379212731E-10
-0.10008908998566E-09
-0.10625395175393E-09
-0.11266815494963E-09
-0.11933596558481E-09
-0.12626190551286E-09
-0.13344974765944E-09
-0.14090402614988E-09
-0.14862875201686E-09
-0.15662856718532E-09
-0.16490682300093E-09
-0.17346857667587E-09
-0.18231782347067E-09
-0.19145842969335E-09
