 0.78778529188379E-05
 0.70128857856214E-05
 0.62808594399419E-05
 0.56553555329904E-05
 0.51179272627892E-05
 0.46516443417849E-05
 0.42448225344972E-05
 0.38880989070641E-05
 0.35735391110122E-05
 0.33076454881390E-05
 0.30459868252852E-05
 0.28249779684539E-05
 0.26245037790558E-05
 0.24449277135314E-05
 0.22826492320629E-05
 0.21355555711917E-05
 0.20017875753589E-05
 0.18798314163002E-05
 0.17684286706032E-05
 0.16663456093540E-05
 0.15725784136508E-05
 0.14832546313256E-05
 0.14067053187226E-05
 0.13333228161362E-05
 0.12653301801786E-05
 0.12022935439134E-05
 0.11437605207833E-05
 0.10892127933861E-05
 0.10385765702742E-05
 0.99128748947486E-06
 0.94707974488994E-06
 0.90575116286349E-06
 0.86703596775996E-06
 0.83072607299494E-06
 0.79669159596351E-06
 0.76467732773738E-06
 0.73425958238865E-06
 0.70608571826357E-06
 0.67927490190496E-06
 0.65400833972902E-06
 0.63013237820239E-06
 0.61327852151183E-06
 0.58618291498233E-06
 0.56593069784485E-06
 0.54671678983231E-06
 0.52864498787504E-06
 0.51120854577384E-06
 0.49483622306469E-06
 0.47904006018900E-06
 0.46438630105454E-06
 0.45002011641643E-06
 0.43649149955595E-06
 0.42358742743321E-06
 0.41128770501260E-06
 0.39948109105505E-06
 0.38822920123560E-06
 0.37746665652120E-06
 0.36716358643364E-06
 0.35729035012788E-06
 0.34785618816086E-06
 0.33871866273691E-06
 0.33005390263239E-06
 0.32171740894732E-06
 0.31368140382245E-06
 0.30376845138122E-06
 0.29853705705116E-06
 0.29140615900804E-06
 0.28451623031472E-06
 0.27785121883234E-06
 0.27150820826330E-06
 0.26536179744577E-06
 0.25943132274735E-06
 0.25370135194504E-06
 0.24812908154580E-06
 0.24280429541191E-06
 0.23761985950724E-06
 0.23264222986738E-06
 0.22779348852605E-06
 0.22310897436582E-06
 0.21856937927414E-06
 0.21417757664237E-06
 0.20991747498200E-06
 0.20578967736654E-06
 0.20177430072280E-06
 0.19788811386213E-06
 0.19410438366140E-06
 0.19043147377160E-06
 0.18686799770547E-06
 0.18340492666327E-06
 0.18002913440505E-06
 0.17674931375854E-06
 0.17355584560171E-06
 0.17044770038463E-06
 0.16742045878105E-06
 0.16447118909708E-06
 0.16159693869198E-06
 0.15879490279875E-06
 0.15606241620304E-06
 0.15339694540678E-06
 0.15079608116562E-06
 0.14825753152101E-06
 0.14577911517368E-06
 0.14335875523328E-06
 0.14099447332349E-06
