 0.28503603967206E-07
 0.22789547871003E-07
 0.20500347883580E-07
 0.37796845534366E-07
 0.98364068653140E-08
 0.22873334899442E-07
 0.37856771019422E-07
 0.23055715642298E-07
-0.62528119610150E-07
-0.10028072987706E-05
 0.17576400945982E-07
 0.18725754168816E-06
 0.17410807145426E-07
 0.20391111255786E-07
 0.17655001195843E-07
 0.13425798509165E-07
 0.14135248126645E-07
 0.19767007478087E-07
 0.12480947099130E-07
 0.88014635600922E-08
 0.13804720773869E-07
 0.63704819524058E-07
 0.11907443066529E-08
 0.10534930490083E-07
 0.59862685117961E-08
 0.19576824477204E-07
 0.81495131682201E-08
-0.43216444709201E-07
 0.80574592237711E-08
 0.33197640483576E-08
 0.22462333181527E-07
 0.43546660454854E-08
-0.50675560970776E-09
 0.49839864734117E-08
-0.61527215675677E-07
 0.28166910668952E-07
 0.13592382412241E-06
 0.34404902015378E-07
-0.10844060957828E-07
 0.91959474838245E-08
 0.16231466921089E-07
 0.89528188753562E-05
-0.15452942040752E-08
-0.13627368112513E-08
-0.50236465210323E-07
 0.11553165955027E-07
 0.56751593630137E-09
 0.27267364638835E-06
-0.17340844118055E-06
 0.22642727448628E-06
 0.35219926864019E-08
 0.19777971913520E-07
-0.87101033842227E-09
-0.61431872518232E-07
 0.10817354166128E-09
 0.10831599519870E-07
-0.75747599290480E-08
-0.13986494991337E-07
 0.90455902669254E-08
-0.94496999904693E-07
 0.10477565178332E-06
-0.37691418589230E-08
-0.10673849688197E-06
 0.72819438545975E-07
 0.15382037192409E-05
-0.23791456524558E-08
 0.43570749279633E-07
 0.65338264841229E-08
 0.20762646574578E-06
-0.73358067766470E-08
-0.14018495007281E-07
-0.29785424353026E-07
-0.99013484876033E-08
 0.55911823647548E-08
 0.50264858878956E-08
-0.60948901489227E-07
 0.34427338304141E-07
-0.41704448341841E-08
 0.16917631486623E-07
-0.29692643077038E-07
-0.29267047297008E-07
 0.15180937115438E-07
 0.17265418100056E-07
-0.45084001760322E-08
 0.39799805290630E-07
-0.40021272095853E-08
-0.17818968346322E-07
-0.57120101179246E-08
 0.21815166639132E-07
-0.57047686882317E-09
 0.70046156869820E-08
-0.29504108201821E-08
-0.55406501884381E-09
-0.46164986701699E-09
-0.36547439595398E-09
-0.26552667882197E-09
-0.16182090408681E-09
-0.54328794130885E-10
 0.57036005281413E-10
 0.17229927016896E-09
 0.29157333591307E-09
 0.41497400510375E-09
 0.54263740574081E-09
 0.67472838044684E-09
