-0.75662999082915E-08
 0.11380792164947E-07
-0.25143176612763E-08
 0.18643140367021E-06
 0.51664806642768E-07
 0.52611951659818E-08
 0.62090686500383E-07
 0.41888158746819E-07
-0.41167250512954E-06
-0.41537220685063E-04
-0.11169754181769E-07
-0.41606811151596E-05
 0.41122367324162E-07
 0.51550868493386E-07
 0.28500004721440E-07
-0.71231207770420E-07
 0.67809935859770E-07
 0.35125333220995E-06
-0.15118741296984E-06
-0.19071735574353E-06
 0.84996810226995E-07
 0.38824229668613E-04
 0.87696877358702E-06
 0.12212037800766E-07
-0.71928479011367E-07
-0.23605109971736E-07
-0.67670069970691E-07
 0.63113843748124E-05
 0.35502357731900E-06
-0.25464053858549E-06
 0.19226129453995E-06
-0.24323918691458E-06
 0.14595328008391E-06
 0.16872491207520E-06
-0.52427520435365E-05
-0.60195668227203E-05
 0.26065528887142E-04
 0.20390103565707E-05
 0.17338251904315E-05
 0.12493207336541E-05
-0.81150378168377E-06
-0.18084770423050E-02
 0.93167214827174E-07
-0.15230459587444E-06
 0.10355386307390E-05
-0.29375038910742E-04
 0.15873559991705E-06
 0.15166080637451E-04
 0.20065898958995E-04
-0.14915223791512E-03
 0.28079339922322E-05
 0.29471352202692E-05
-0.14772198292872E-06
-0.81056462138328E-05
 0.54738925196565E-05
 0.33533450961908E-05
 0.26403694176041E-05
-0.72281473325832E-06
 0.35184432317628E-05
-0.19324545295197E-04
 0.26765197833490E-04
 0.72755427718543E-05
-0.12487375979324E-05
 0.66467419395777E-05
 0.55223544884627E-02
-0.22419582558087E-05
-0.23066309860304E-04
 0.56085638285151E-05
 0.25249483185042E-04
 0.42055259846310E-05
 0.17312826326301E-06
-0.20916359874660E-04
-0.16048328497142E-04
 0.52213352213290E-04
-0.91287841377611E-05
 0.42810187467708E-04
-0.42008187574365E-04
-0.98211747919154E-06
 0.33136490247834E-06
 0.11394256173510E-04
 0.24300535267134E-05
-0.85597302351668E-05
-0.14067888137128E-04
-0.70566485487541E-06
-0.46432460147693E-04
 0.31807857947154E-05
 0.33840462022938E-04
-0.63812802669006E-06
-0.33080115417962E-04
 0.13174002484832E-05
-0.10550196125177E-05
 0.13696248278724E-05
-0.72436497083670E-08
-0.77581529548948E-08
-0.83014375209758E-08
-0.89087063567196E-08
-0.95746527894029E-08
-0.10269517646429E-07
-0.11045051197043E-07
-0.11898836108809E-07
-0.12808524113709E-07
-0.13797522322546E-07
-0.14854421512521E-07
-0.15997641499332E-07
