33.84582885198393
34.29022288048234
34.75778172262879
35.248196862694755
35.76116561400259
36.29639534502702
36.853602600172884
37.43280453912258
38.032880880704845
38.654458273540826
39.29701625449132
39.96034585189499
40.64425678251596
41.34856837517332
42.07312600577073
42.81778408544844
43.582419097818295
44.36692270194458
45.17120427535161
45.99518961876192
46.83882032424934
47.702054202028904
48.58486546810347
49.48724207048675
50.40918681411949
51.35071775859252
52.3118654288868
53.2926745350602
54.29320124848211
55.3135159648106
56.35369860598837
57.41384187902867
58.494047355136416
59.59442988989363
60.7151108419337
61.85622379313768
63.017902770702676
64.20031210561534
65.40359746731397
66.62792653162907
67.87346626369167
69.14040788669999
70.4289256963778
71.73921274568494
73.07146586734909
74.42588967309919
75.80268684498661
77.2020697562798
78.62425279275317
80.06945806908006
81.53790191703696
83.02974547249633
84.54542067792734
86.08496012605495
87.64865301675275
89.23674007394942
90.84945745362133
92.48704115514363
94.1497164380233
95.83776424364989
97.55138232131821
99.29082365340894
101.05632792356343
102.84813035081272
104.6664788440323
106.51160171178776
108.38373408230751
110.2831084497839
112.209977559268
114.16455036275543
116.14706069940789
118.15773663642273
120.1967997046439
122.26447050887634
124.36096779716682
126.48650624236551
128.64128383536772
130.8255434970445
133.0394574632109
135.28322920953622
137.5570637770149
139.86114450255408
142.19566672693315
144.56080693812035
146.95674690186786
149.3836610096642
151.84171907842332
154.33108649184848
156.8519240641216
159.4043880238363
161.98863001063552
164.60479708439652
167.25303174672678
169.93347197450322
172.6462512651738
175.39149869342927
178.1693389789336
180.97989256461548
183.8232757051234
186.6996005650576
189.60897532635317
192.55150430443433
195.52728807260002
198.53642359413746