12.100543299298746
12.499459264717284
12.879097153475156
13.296479514061584
13.732227824367492
14.186103855902862
14.657883067519094
15.14736433141237
15.654361949400164
16.178711085155236
16.720261662641274
17.278881801828113
17.854454001464145
18.446874022710823
19.05605964052001
19.681932344072635
20.324431738149563
20.98351504164737
21.659141975867886
22.35129233453204
23.059954600675475
23.785130066821825
24.52683003584837
25.285078550594083
26.059907559312144
26.851363649264545
27.659490037837454
28.484382822078885
29.326085004505984
30.184689832190514
31.060291688839545
31.95299215766017
32.86290248116243
33.790142068230914
34.73483826045307
35.69712673105012
36.67715084985842
37.67506179326887
38.69101655986614
39.72517947301533
40.777721165357285
41.84882460284469
42.93866819215408
44.047439967365335
45.175343170383485
46.32256964298245
47.48932896280019
48.675828985810725
49.882286065853776
51.108917592783996
52.35594647870357
53.62359973283052
54.9121009961313
56.22169935797493
57.552613877153625
58.90508981506004
60.27936786971994
61.675689205304906
63.094301907480826
64.53544972226034
65.99937973861091
67.48634627425275
68.99659545481929
70.53037311947088
72.08794588263008
73.66955487733416
75.27545082138141
76.90588612525045
78.56110124280322
80.24138039394776
81.94693838332392
83.67803485388049
85.43491657654234
87.2178287740494
89.02701491770581
90.86271652952811
92.72517299023437
94.61462135351383
96.53129616699351
98.47542930037795
100.44724978115462
102.44698363832197
104.47485375453907
106.53107972709945
108.61587773810565
110.72946043421513
112.87203681622559
115.04381213895346
117.24498782145476
119.47576136792313
121.73632629971277
124.02687209805086
126.34758415820711
128.69864375477732
131.0802280183147
133.4925099232131
135.93565828690458
138.40983778019577
140.91520894869151
143.4519282451395
146.02014807251763
148.62001683764584
151.25167901508988
153.91527522108152