97.76389362128843
98.2932621647194
98.85151084296893
99.43842276709947
100.0537801594293
100.69736916426932
101.3689818408324
102.06841725458388
102.79548468502097
103.55001806306416
104.33181332391078
105.14075606048975
105.97669604557468
106.83950973939008
107.72909127365963
108.6453447371825
109.58820095947749
110.5575932231134
111.5534759053972
112.5758191533319
113.62460392752551
114.69982908239828
115.80149172392821
116.92964968986409
118.08430429677055
119.26551394869968
120.47333824697445
121.70784575958663
122.969117182482
124.25724222102696
125.5723196366374
126.9144581289772
128.2837712203826
129.68038998599027
131.1044399013063
132.55606090730257
134.03539910461336
135.5426044503111
137.0778341703241
138.64124926438086
140.2330182389681
141.85330966629556
143.50229838329417
145.18016488539723
146.88708761092226
148.6232517645005
150.38884211416396
152.1840479241423
154.00905748079455
155.86405785179784
157.74923903400378
159.66481825624803
161.61095403659235
163.58784800345035
165.5956922079779
167.63467280008683
169.70491282380277
171.8067972892307
173.94031414593155
176.10570128747295
178.3031450385656
180.53282149984213
182.79489759374843
185.08954007557568
187.41692007588188
189.77719836763836
192.1705270126343
194.59705733805546
197.05693888779575
199.55031363274395
202.07731892545803
204.6380844141763
207.23274304041084
209.86141083388947
212.52420777083773
215.2212455986201
217.95262685460193
220.7184449259455
223.51881753309425
226.35381130879796
229.22351672316515
232.12798062277292
235.0673785238036
238.04167293831574
241.05097104278866
244.09530772012604
247.17476057102576
250.28936491344595
253.43917339126563
256.62422064202605
259.84453901891413
263.1001624101033
266.3911286539424
269.7174481340569
273.0791463585543
276.4762385587846
279.908734215197
283.37666325711115
286.88001609287545
290.41880276836423
293.9930282510265
297.60269379724764
301.2477989753366
304.92834161857996