142.49242320724613
143.05859610348915
143.6561364968465
144.2849021993063
144.94477815901337
145.6356422334204
146.35736523901286
147.10984840365774
147.89299616624814
148.70672633977125
149.5509636071788
150.42564811305266
151.33072899284863
152.26616887916762
153.23194091774863
154.22802621008398
155.25443175005722
156.3111571362685
157.39821660280995
158.51570557149532
159.6634870090767
160.8417779785969
162.05057620346997
163.28995917753414
164.5599905746538
165.86075680037263
167.19235211183198
168.5548713454888
169.94841867784936
171.37310791052852
172.82905731533097
174.31638769951766
175.83523103412642
177.38571887051305
178.96799085786085
180.5821933309691
182.2284678872848
183.90757406092936
185.6178397980552
187.36124653855293
189.13734271805106
190.9462894498359
192.78824439923068
194.66336964890775
196.57183267220532
198.51378756876358
200.48940203343244
202.49883407833755
204.5422439033168
206.61979266601853
208.73163445485287
210.87792359503624
213.05881292544203
215.27445057616393
217.5249803345534
219.81054614953382
222.13128533008808
224.48732841658097
226.87879864421535
229.3058444754675
231.7685572554581
234.26798361143315
236.8014640042625
239.37186455969223
241.97836222969957
244.62104408993162
247.29999611037422
250.01529894879263
252.76701775020763
255.5552219056319
258.3799677954531
261.2413124667935
264.139296284819
267.0739648673351
270.0453490115327
273.05347702084237
276.0983732017649
279.1800460763099
282.29852697796497
285.4538003370607
288.64587562583097
291.87474264718816
295.1404037398366
298.44283082423425
301.78201352840955
305.1578888348868
308.5705505072337
312.0198478554852
315.5055912591192
319.0283313961263
322.587444756439
326.1830806329563
329.8151967077078
333.48374622362337
337.18868010376224
340.9299458749099
344.70749770327166
348.52127349813804
352.3712042984653
356.25729026267516
360.17942317413076
364.13755676320386
368.13163535473194
372.1616054506667