1.5247296244804511
1.8077129742003053
2.1059293254406883
2.4193126366374735
2.747805958782222
3.0913628460520477
3.449944553464521
3.8235225396929162
4.212071199945882
4.615574702472297
5.034020743799515
5.467403793662981
5.915701820166918
6.3789816594588435
6.857188587049935
7.3503568645570825
7.858503596926583
8.381651154000417
8.91982072702773
9.473056341518383
10.041380237909337
10.62483953878934
11.223477002600463
11.837341367546548
12.466497265646186
13.110996105401986
13.77090437872602
14.446309812660934
15.13727491626914
15.843891222402682
16.566248165656496
17.304444442661598
18.05858186375794
18.828771946410715
19.615129329657776
20.417777170989215
21.23684457478058
22.072464297876316
22.924783778574774
23.793937889169328
24.680098960327047
25.583410267752374
26.504042171470214
27.44216101896693
28.397953826054124
29.371590879865202
30.363264538211126
31.373163719141907
32.40148676344515
33.44843550340253
34.51421321390078
35.599029902903496
36.703100326999454
37.826641908436414
38.96987598030208
40.13302731409797
41.31632390999783
42.519996785181334
43.744279760551144
44.98940924610913
46.255624025235115
47.543165038110914
48.85227516451313
50.183199006222885
51.53618266925679
52.91147354615938
54.30932009859782
55.72997164050219
57.1736781220137
58.64068991451871
60.13125759704331
61.64563174433174
63.18406271691694
64.74680045351771
66.33409426613218
67.94619263817758
69.58334302606752
71.24579166462118
72.93378337671103
74.64756138755546
76.38736714408938
78.15344013982984
79.94601774565749
81.76533504695509
83.61162468750703
85.48511672057174
87.38603846754441
89.31461438457994
91.27106593756751
93.2556114857768
95.26846617455901
97.30984183735158
99.37994690730113
101.47898633876805
103.60716153889479
105.76467030946257
107.95170679917211
110.16846146649668
112.41512105317572
114.69186856841591
116.99888328382382
119.33634073905857
121.70441275815267
124.10326747646097