4.226508969837016
4.552910656955778
4.895369304292615
5.2537305250421396
5.627862113519856
6.017648232201616
6.423011591531058
6.843808633921865
7.280032099861365
7.731605808431632
8.198483241782798
8.680629471750912
9.178018117019054
9.690630803996545
10.218461643669105
10.761499700625604
11.319756418784621
11.89324136276336
12.481972567417497
13.085974768185295
13.705277288392935
14.339923557089682
14.989952675259763
15.655411068502698
16.33637483469475
17.032889677568157
17.745032104659842
18.47287901475842
19.2165039566858
19.976042295803445
20.751544557022658
21.54313135078807
22.350914834820383
23.175015018179117
24.015555025897946
24.872669111204893
25.74649237063255
26.637174001243977
27.544860638179934
28.469714531955944
29.411894546290604
30.37157131103588
31.348921981276114
32.34412268880838
33.35736304834177
34.388831482440544
35.43872657385075
36.50724570904719
37.59459567929419
38.700990318569616
39.826627328188266
40.97175734661443
42.13657180308907
43.321305980429635
44.52618909637695
45.75145036619455
46.99732766561764
48.26405616198037
49.55187511983212
50.86102747606673
52.191756790904776
53.544308741672886
54.91893057093844
56.3158708646824
57.73537933083384
59.17770657834154
60.64310389704697
62.13182303858426
63.6441159985745
65.18023480040081
66.74043128085921
68.32495687801686
69.93406242159963
71.56799792627855
73.22701238822421
74.9113535853243
76.62126788144765
78.35700003519844
80.11879301355785
81.90688781085622
83.72152327350278
85.56293593090992
87.43135983305127
89.32702639505438
91.25016424927868
93.20099910525167
95.17975361788068
97.18664726428962
99.22189622963901
101.28571330226806
103.37830777842645
105.49988537690434
107.65064816377951
109.83079448746818
112.04051892432932
114.28001223486163
116.54946133067234
118.84904925225223
121.17895515758723
123.53935432163763
125.93041814661458
128.35231418296334
130.80520616102518
133.28925403316677