10.587810953574285
10.960241729536728
11.351135228373558
11.760215167826313
12.187232907123063
12.631962437027864
13.094193663595524
13.573739089496732
14.070428550866277
14.584109399452155
15.114648309677081
15.661920876077907
16.22583120125091
16.80628320828096
17.40320115030787
18.016523078501475
18.646198035794658
19.292188305547587
19.95446730609666
20.633019874314492
21.327842635635708
22.03894212922023
22.76633655978866
23.510053165372568
24.270130862158453
25.04661742484691
25.839570186632955
26.64905792435623
27.47515621186814
28.317950566867427
29.177536569499324
30.054016184459343
30.94750283136631
31.858114334904517
32.785978897268876
33.73123856797386
34.69402844645687
35.67450056499605
36.672813781940256
37.689132337106365
38.72362713493669
39.77647442330804
40.84785650810889
41.93795974981111
43.04698579451081
44.17513025671691
45.32259553492934
46.489592053701685
47.67633338644929
48.883036807227754
50.10992383091179
51.35722291114211
52.625160022922806
53.91397079625688
55.22388133176105
56.55513877756479
57.90798048356905
59.28265128156441
60.67939031290567
62.098449529051216
63.540074558513666
65.00451348699976
66.49201624740576
68.0028349096457
69.53722275932614
71.09543064349835
72.67770969678605
74.28431147923985
75.91548769683635
77.57148952249182
79.25256708001282
80.95896948325561
82.69094462391502
84.44873896359499
86.232597330542
88.0427627214622
89.87947610884835
91.74297625424681
93.63349952789414
95.55127973518599
97.49654795038192
99.46953235799704
101.47045810230148
103.49954714531461
105.55701813370418
107.64308627494037
109.75796322305612
111.90185697432908
114.07497177316354
116.27750802844044
118.50966224053093
120.77162693918473
123.06359063240465
125.38573776644678
127.73824869696936
130.12129967143315
132.53506282264922
134.97970617348983
137.45539365265384
139.96228512137043
142.50053641087777
145.07029937049472
147.67172192606952
150.30494814855373