147.7038455969275
148.27377960282018
148.87534073777
149.50840785054692
150.17286100726875
150.8685892549538
151.5954912842151
152.3534730938563
153.14245169984775
153.96235440330076
154.81312129613468
155.69470066544403
156.6070538796653
157.5501529511109
158.52398133476433
159.52853385211733
160.56381426676236
161.62983811130746
162.7266321976761
163.8542304707941
165.01267794446468
166.20202943797608
167.42234667728707
168.6737006027837
169.956171842231
171.26984619350344
172.6148184077138
173.99118750585905
175.39906765968027
176.8385662789728
178.30980570981814
179.81290968156935
181.3480111502456
182.91524152418768
184.51474308959052
186.14665731263432
187.81112334013497
189.50831308781335
191.23835493134246
193.00141325784327
194.79764192996075
196.6271996061166
198.49024178406862
200.38693524825447
202.3174309465107
204.28189045641443
206.2804764465606
208.31334157459622
210.3806359801921
212.4825326000447
214.61916505876945
216.7906898697043
218.9972513697686
221.23899348369224
223.5160549252858
225.8285761345329
228.17667147844077
230.56048258199647
232.98013034186025
235.43572093141208
237.927378470151
240.45519758280227
243.0192801290351
245.61972089049914
248.256602206484
250.93001576498193
253.64002593417635
256.38670624859196
259.1701154568246
261.9903112096144
264.8473274124664
267.741250358731
270.6720698820858
273.639836698115
276.6445605850417
279.6862901314758
282.76500754871114
285.88073184287174
289.03345948184216
292.2231901574834
295.44991317925206
298.71360990781506
302.0142696564226
305.35186334501753
308.7263651880756
312.13774109339107
315.58595757159765
319.0709765001517
322.5927551538338
326.1512467273592
329.7464086445413
333.37818346528155
337.0465009743263
340.75137435800195
344.4926044464857
348.27037327168557
352.08440766759185
355.93471601294567
359.82123734645455
363.74390899177655
367.70266913435637
371.6974554806071
375.72820138831224
379.7948453733402