158.81776666897602
159.395454436339
160.00531597258637
160.64725040939274
161.32116560289148
162.02697648630038
162.76460818420037
163.53399277063045
164.33507375868209
165.1678045825228
166.03214848887282
166.92808021873057
167.85558201954916
168.8146996009236
169.80528402623162
170.8275014296249
171.88132148005042
172.96678463626705
174.08392333842838
175.2327905025688
176.41345228560826
177.62595113480424
178.8703856439678
180.14682689531597
181.45536489388058
182.7960954422561
184.1691149228678
185.57453817397285
187.01247335517954
188.48304178277743
189.98636528219842
191.52256947229722
193.0917978466857
194.69419321839442
196.32984444554094
197.99894993501738
199.70163584853395
201.43805184316327
203.20872761670933
205.0126722286281
206.85117675451917
208.724025857894
210.6313611245374
212.57333966918515
214.55011390715535
216.5618373135557
218.6086583339304
220.69072582589763
222.80818873219116
224.96118945089017
227.14986748271988
229.37436355223693
231.63480909339157
233.93133466156908
236.2640661542117
238.6331235874123
241.03862348182327
243.48067469898848
245.95938586883386
248.47485188061205
251.02694469363593
253.6164200234294
256.24269015689543
258.9060331266
261.6065715082382
264.33836292136556
267.11932629155507
269.9316629994671
272.781360762842
275.66843972082984
278.59297552413494
281.55494013111917
284.55436505083446
287.5912552180808
290.6656187189227
293.7774521241272
296.92673920852695
300.11346671539167
303.3376168648063
306.59916396792016
309.89807140347716
313.2343153513988
316.6078464415013
320.0186210062314
323.4666003863965
326.9517186222309
330.47337865721937
334.0331966446611
337.6294282018666
341.2625706159551
344.93255492511105
348.6393275604399
352.38280508871424
356.16292200529824
359.97960522192676
363.83278099974297
367.722372841198
371.648312143957
375.6105185232738
379.60891533214846
383.6434265237195
387.71393874174
391.8204852643711
395.96288786264154