113.31840513168632
113.86167027758248
114.43474530533248
115.03743982185301
115.66956520045348
116.33093637052264
117.02137541827011
117.7407124473518
118.48878806275596
119.26545357076238
120.0705739576876
120.90402594044173
121.76570229755136
122.65550753062726
123.57336061757223
124.51919758854594
125.49296375523984
126.49555509872215
127.52415330125733
128.58153892572355
129.66678570766
130.77990606380783
131.9209240590532
133.08988642633892
134.28683466148195
135.51183179049772
136.76493587187636
138.04625853983057
139.35585737867837
140.69384113935422
142.0603154318894
143.45539513265854
144.87919941935644
146.3318588083123
147.81350531758338
149.32428091843383
150.86433177374965
152.433808922704
154.03286733945197
155.66166936487113
157.32037774635756
159.00916093278613
160.72818688526297
162.47763162747205
164.2576692763366
166.06847781744216
167.9102368834432
169.78311904560545
171.68731960414462
173.62300535516403
175.59036181067916
177.5895668569718
179.6208015345587
181.68424134683764
183.78006168270753
185.90843775266683
188.06954814292922
190.26355078423992
192.49181186773524
194.75089919809204
197.04458294823826
199.37179420416493
201.7327002624555
204.12744720995784
206.55616976015136
209.01901426907378
211.51610736169135
214.04757742695165
216.61354888891793
219.21413791406272
221.84945437399927
224.51960581004974
227.22469085443566
229.964805676338
232.74003656009825
235.55046647028766
238.3961802840265
241.277238267252
244.19371599663816
247.14566697818427
250.13314998376885
253.15621365764062
256.21490325079697
259.3092602648477
262.43930989381994
265.6050761000758
268.806640166495
272.04396025793795
275.31706579232605
278.62598337073496
281.9707145961482
285.3512630298433
288.7676357039959
292.21982523095
295.7078311254021
299.2316397791758
302.7912587838198
306.38665631288603
310.0178239406001
313.68475163714095
317.3874140464231
321.1257942477262
324.8998697080268
328.70961865272574