3.971889227456797e-12
1.9859446137283985e-12
5.9578338411851955e-12
3.971889227456797e-12
7.571413839839519e-12
1.4633929372411136e-10
3.76113085532487e-9
4.585546113098872e-8
3.32196154587574e-7
1.6659731894537063e-6
6.3777803238672805e-6
0.00001990192896797471
0.00005299165744291735
0.00012442018321957892
0.00026393320727230164
0.0005152108195220392
0.0009386447021213176
0.0016138078709041644
0.002641569614549792
0.0041458607443985605
0.006275150588627395
0.009203701479577095
0.013132689154567705
0.018291266576407107
0.024937639483012624
0.03336020630658655
0.04387879645427006
0.056846022059466296
0.07264873884604951
0.09170959344186033
0.11448861719607309
0.14148481119932496
0.17323765449706488
0.21032845659156357
0.25338146772247944
0.3030646544965179
0.3600900437098025
0.425213531957102
0.49923404998543575
0.5829919562578898
0.677366509190437
0.783272229154364
0.9016539075559171
1.0334799534347927
1.1797336988068508
1.341402238511328
1.5194624048100211
1.7148636417344167
1.9285079297020855
2.161227570897744
2.4137625324333545
2.6867399393789104
2.9806588149937774
3.295882863362091
3.632642827498923
3.9910480652582163
4.371105178209939
4.77274048258291
5.19582307657276
5.6401860001319815
6.105644034567497
6.59200764741552
7.099093253471197
7.626730317217906
8.174765939760675
8.743067549115592
9.331524221899887
9.940047054817764
10.568568901409792
11.217043703393045
11.885445578498754
12.573767776258514
13.282021576596069
14.010235180167466
14.758452621160524
15.526732721084063
16.31514809353001
17.123784204534008
17.952738489472143
18.80211952527392
19.67204625539013
20.562647264175727
21.474060097124823
22.406430623206834
23.359912435755756
24.334666288454724
25.330859563263683
26.34866576738076
27.388264056587126
28.44983878261633
29.533579062416564
30.639678367432747
31.768334131260453
32.919747374190536
34.094122343417915
35.291666167786204
36.51258852613213
37.757101328440726
39.0254184091135
40.317755231809734
41.63432860535813
42.97535641042711
44.341057336586694
45.7316506296295
47.14735584891614
48.58839263470333
50.05498048536766
51.547338544544395
53.06568539819159
54.610238881642296
56.18121589672539
57.77883223905451
59.40330243561494
61.054839592741395
62.73365525465857
64.43995927267291
66.17395968519378
67.93586260866758
69.72587213957156
71.54419026756469