3.971889227456797e-12
1.9859446137283985e-12
5.9578338411851955e-12
3.971889227456797e-12
6.57844153297532e-12
7.385231532302482e-11
2.0447782229101024e-9
2.6881746291427602e-8
2.0664287428458925e-7
1.0866975975721892e-6
4.324913224423924e-6
0.000013939744418626988
0.000038146212308747226
0.00009168812821030876
0.00019848392022023666
0.0003943740977259564
0.0007297802707540271
0.001272140477234103
0.0021080443665096433
0.0033450550815916974
0.0051132398527382284
0.007566465662970628
0.01088352722514366
0.015269177942890361
0.020955129049162805
0.028201070981518837
0.03729575716509767
0.04855817401835983
0.06233880454100565
0.07902097638732894
0.09902226951046172
0.12279594407442507
0.1508323367928876
0.1836601631691517
0.22184765510567545
0.2660034573406047
0.31677720232995915
0.374859679944241
0.44098251486501394
0.5159172585602595
0.6004737911838238
0.6954979097721646
0.8018679490141198
0.9204902393194898
1.052293155115683
1.1982194531764172
1.3592165643096297
1.5362245161257535
1.7301612792498915
1.9419056038224272
2.172277890867968
2.422020308148527
2.6917780803824582
2.9820843960585677
3.293351358018864
3.6258686661245245
3.979810373529711
4.35524854445114
4.752171509484964
5.170504008441618
5.610126815265429
6.070894171710592
6.552648175497251
7.055229939116806
7.578487769033439
8.122282828699257
8.686492805544304
9.271014068266858
9.87576272565693
10.500674913632913
11.145706558569357
11.810832799432639
12.496047199385158
13.201360838405877
13.926801349504697
14.67241194046091
15.438250428165324
16.224388302442755
17.030909829083743
17.85791119713742
18.7054997122337
19.57379303572496
20.462918468076925
21.373012274293533
22.304219048667505
23.256691116032325
24.23058796671878
25.22607572245515
26.24332663068625
27.282518584876346
28.343834668659113
29.42746272185293
30.533594926575706
31.66242741187201
32.8141598754899
33.98899522156968
35.187139213189816
36.40880013883912
37.654188492070226
38.92351666360206
40.21699864540866
41.534849746229256
42.87728631822394
44.24452549443432
45.6367849368293
47.05428259480242
48.497236473992544
49.96586441538086
51.46038388465556
52.981011771839704
54.527964201264076
56.101456351913484
57.70170228827228
59.32891480175599
60.98330526282388
62.66508348393024
64.37445759337622
66.1116339202287
67.87681689038692
69.67020893390043