0.
0.
0.
0.
0.
0.
0.
0.
0.
0.
0.
0.
1.9859446137283985e-12
1.9859446137283985e-12
5.9578338411851955e-12
4.096010765814822e-12
2.606552305518523e-12
7.695535378197545e-12
2.3458970749666705e-11
7.42246799380989e-11
2.566833413243955e-10
7.935089947228532e-10
2.2822227257890038e-9
6.0486908072632694e-9
1.4911216889102962e-8
3.442448805590642e-8
7.499497820514879e-8
1.5506603084298738e-7
3.0594705577715725e-7
5.786412066989694e-7
1.0532632270277645e-6
1.8516066315481246e-6
3.1535003186131545e-6
5.217345223395048e-6
8.405658530479169e-6
0.000013215829253367635
0.000020316754071862603
0.000030591466377929195
0.00004518624732065606
0.00006556611880835371
0.00009357693071562124
0.00013151394845949832
0.00018219669630115047
0.00024904996762618767
0.00033619053786494127
0.0004485192826574933
0.0005918182271191818
0.0007728520228937435
0.0009994733968474421
0.0012807320236558303
0.0016269862109845727
0.0020500170024337133
0.002563144057530009
0.0031813429202669097
0.00392136314582086
0.00480184686578899
0.005843447422438384
0.00706894773820411
0.008503378080715352
0.01017413297721665
0.012111087098283868
0.014346709871776846
0.016916178769932788
0.01985749116298002
0.023211574655986535
0.027022395861528915
0.03133706776171998
0.03620595549550648
0.04168278075468842
0.04782472478878425
0.05469253019536679
0.06235060141779737
0.07086710414696691
0.08031406372460329
0.09076746257781004
0.10230733671226745
0.1150178714199924
0.12898749619023805
0.14430897883606952
0.16107951882929228
0.179400839908649
0.19937928184026643
0.22112589128417873
0.24475651182514063
0.27039187285593685
0.29815767740702404
0.32818468879999657
0.36060881582773024
0.39557119661995427
0.43321828078862296
0.4737019099947102
0.5171793966149504
0.5638136006269402
0.6137730043934818
0.6672317855362002
0.7243698876719116
0.7853730891209694
0.8504330695348374
0.9197474745539784
0.9935199785267149
1.071960345385507
1.155284487911512
1.243714525357511
1.3374788398666104
1.4368121316363212
1.5419554732588447
1.6531563632664843
1.770668779321695
1.89475323104768
2.0256768129023026
2.1637132570824114
2.309142986780295
2.462253169646553
2.6233377716608284
2.7926976111341117
2.9706404127754618
3.157480861286072
3.3535406541301622
3.559148552620924
3.774640430374589