0.
0.
0.
0.
0.
0.
0.
0.
0.
0.
0.
0.
1.9859446137283985e-12
1.9859446137283985e-12
5.9578338411851955e-12
4.2201323041728465e-12
5.337226149395071e-12
1.1170938452222241e-11
3.847767689098772e-11
1.305758583526422e-10
4.4398274270665507e-10
1.3532971327175455e-9
3.807924675285846e-9
9.88454282867967e-9
2.3893892620073226e-8
5.417793439943265e-8
1.1605959619859447e-7
2.362653482645004e-7
4.59429916398388e-7
8.572199597543356e-7
1.5406687728351295e-6
2.676475057058671e-6
4.507724887465311e-6
7.379904111754617e-6
0.000011772538171628218
0.000018337034401525937
0.000027941205293285585
0.000041720530194998664
0.00006113659868207549
0.00008804260142513671
0.00012475584087562824
0.0001741371721534088
0.0002396769636663829
0.00032558740331966083
0.0004369004729830107
0.0005795713260929969
0.0007605863543185943
0.000988075483171737
0.001271427992669554
0.0016214113737611942
0.0020502925127782188
0.002571960804361342
0.0032020523799915525
0.003958075255144745
0.004859534676654389
0.005928058384802705
0.007187521372099
0.008664169771345409
0.010386743757432898
0.012386599014292283
0.014697826802374898
0.01735737235731919
0.02040515164599286
0.023884166335433114
0.027840617027064276
0.03232401479069858
0.03738729099894074
0.04308690552579474
0.04948295348746321
0.05663927045272816
0.06462353635849588
0.07350737818698129
0.08336647143159001
0.0942806405309784
0.10633395825825813
0.11961484415049332
0.13421616202453884
0.15023531654459016
0.16777434887359202
0.18694003135488574
0.2078439612008839
0.23060265303535873
0.2553376302838827
0.28217551526906043
0.3112481178561457
0.3426925225466424
0.3766511739040844
0.4132719600832384
0.45270829442325905
0.49511919494219697
0.5406693615815557
0.589529251120467
0.6418751497311838
0.6978892430253334
0.7577596836570851
0.8216806564354481
0.8898524409579844
0.9624814719397118
1.0397803971679314
1.1219681333636227
1.2092699200488262
1.3019173715737997
1.4001485275298498
1.5042079018228918
1.6143465305172147
1.7308220188059256
1.8538985871979388
1.9838471172248648
2.120945196791544
2.2654771652521486
2.4177341583054406
2.578014152659906
2.746622010289043
2.923869522075098
3.1100754503466383
3.305565569698275
3.510672705283523
3.725736767489521
3.9511047815297142
4.187130910443449