0.
0.
0.
0.
0.
0.
0.
0.
0.
0.
0.
1.9859446137283985e-12
1.9859446137283985e-12
1.9859446137283985e-12
5.9578338411851955e-12
4.344253842530871e-12
6.57844153297532e-12
1.7128772293407437e-11
6.317786302423468e-11
2.2267403981429668e-10
7.352959932329395e-10
2.1988130520124112e-9
6.074383965703381e-9
1.5465916044024978e-8
3.6718005841686e-8
8.18948945224714e-8
1.727708511959144e-7
3.46750646175436e-7
6.654158153804482e-7
1.2263245226234368e-6
2.1787602245183655e-6
3.7441991880343757e-6
6.242159049101923e-6
0.000010122095441418483
0.000016001811034128828
0.000024713034698411627
0.00003735423311198464
0.00005535116382395729
0.0000805250133868923
0.00011516819118123173
0.00016212755638216904
0.00022489479060348465
0.0003077035370270447
0.00041563279860911496
0.0005547160482357484
0.0007320554217792898
0.0009559404404739365
0.0012359704820100017
0.0015831803501982593
0.002010168464467601
0.0025312267204109637
0.0031624717078485203
0.003921976586610904
0.004829903116853749
0.005908633398679584
0.007182900949819567
0.008679920689680341
0.010429517653131071
0.012464254093565271
0.014819554885869926
0.017533831033313997
0.020648601262220487
0.02420861163330048
0.02826195316927671
0.03286017754186693
0.038058410910349276
0.04391546593281038
0.050493952096663734
0.057860384441545856
0.06608529079709831
0.07524331765094432
0.0854133346742911
0.09667853811554361
0.10912655296598403
0.12284953411894961
0.13794426635022833
0.154512263322611
0.17265986542767278
0.1924983364888637
0.21414395922946575
0.23771812945775397
0.26334744867693094
0.29116381529112273
0.32130451390461934
0.35391230282060904
0.3891354994577726
0.42712806354522737
0.4680496779107538
0.5120658268007418
0.5593478715343779
0.6100731233361785
0.6644249134505089
0.722592660273214
0.7847719336206335
0.8511645160841199
0.9219784615590532
0.9974281510306455
1.0777343456406159
1.1631242373946857
1.2538314974134626
1.3500963221819855
1.452165477854662
1.5602923428931246
1.6747369493233628
1.7957660226970236
1.9236530211309875
2.058678173418762
2.20112851648726
2.35129793208911
2.5094871827924443
2.6760039470576427
2.851162853127603
3.0352855112184147
3.228700543410553
3.431743610263146
3.6447574330667307
3.868091810236235
4.102103625972797
4.347156849146546
4.6036225196895355