0.
0.
0.
0.
0.
0.
0.
0.
0.
0.
0.
0.
0.
1.9859446137283985e-12
5.9578338411851955e-12
3.971889227456797e-12
2.1100661520864233e-12
3.723646150740747e-13
8.192021531629644e-12
1.2039789220728415e-11
3.68640968923334e-11
1.381472721924817e-10
4.1804134118982787e-10
1.1928079836206194e-9
3.134937694308635e-9
7.68200613051652e-9
1.7693028806783018e-8
3.852285713095004e-8
7.973356617504311e-8
1.5771714278077644e-7
2.9936762127187504e-7
5.473856656388817e-7
9.67324576907127e-7
1.657008511345798e-6
2.758536522685619e-6
4.473442890935439e-6
7.081354699663598e-6
0.000010962440333303815
0.000016624179017575946
0.00002473252823425383
0.00003614790146615222
0.000051965977124751196
0.00007356358367637484
0.00010264954404443496
0.0001413206618705229
0.00019212248347581112
0.00025811497726956154
0.0003429426924557102
0.00045090931114542316
0.0005870561475345732
0.0007572444586054152
0.0009682410827749489
0.0012278071083500328
0.0015447891384809578
0.001929212885503934
0.0023923786436148143
0.002946958306980093
0.003607093598529393
0.00438849517132236
0.005308542324689546
0.006386382960176095
0.007643033641499287
0.0091014794904174
0.010786773696828839
0.012726136569249197
0.01494905381945844
0.017487374238704303
0.020375406458881685
0.023650014804025343
0.02735071431999382
0.03151976479864482
0.036202263918761725
0.041446239523714797
0.047302740984594874
0.05382592987136954
0.06107316974798941
0.06910511539876955
0.07798580135795266
0.08778272994427538
0.09856695870260622
0.11041318753267293
0.12339984528282613
0.13760917607135612
0.15312732521459269
0.17004442488144095
0.18845467938573077
0.20845645023963194
0.2301523406904757
0.25364928009671467
0.2790586077331719
0.3064961561814762
0.3360823342111015
0.3679422090597837
0.4022055880603122
0.4390070995501478
0.47848627305207453
0.5207876185395796
0.5660607049265973
0.6144602375464079
0.666146134731151
0.7212836034459058
0.7800432139728688
0.8426009736834865
0.909138399932553
0.9798425922211064
1.054906303569789
1.134528011415705
1.2189119880222248
1.3082683706205618
1.402813231521687
1.502768648226751
1.6083627740030875
1.7198299089573235
1.8374105718914475
1.9613515732525135
2.0919060892860744
2.2293337377232634
2.3739006551346997
2.5258795761523043
2.685549914640439