0.
0.
0.
0.
0.
0.
0.
0.
0.
0.
0.
0.
0.
1.9859446137283985e-12
5.9578338411851955e-12
3.971889227456797e-12
2.1100661520864233e-12
5.0889830726790214e-12
1.1295059990580266e-11
2.4700186133246955e-11
9.296703223016065e-11
2.874654828371857e-10
8.592934100526064e-10
2.368611316486189e-9
6.052910939567443e-9
1.4472571372545704e-8
3.255621066054142e-8
6.934397280678463e-8
1.4066917360884008e-7
2.730339956938365e-7
5.091687680999842e-7
9.156737570286639e-7
1.59312712744215e-6
2.6892418261295625e-6
4.415445860922269e-6
7.067468478438256e-6
0.000011050192150856786
0.00001690734790924133
0.00002535618174447372
0.00003732751322017923
0.00005401125071672089
0.00007690749251678459
0.00010788325456854098
0.00014923477577425507
0.00020375519141130826
0.0002748074747677944
0.00036640230292778555
0.0004832805992079203
0.0006310003328386358
0.000816027268068629
0.001045829162110383
0.0013289730660000294
0.0016752252284099951
0.0020956532422137203
0.002602729945260083
0.003210438702124057
0.003934379729719508
0.004791877006283219
0.005802085515238827
0.006986098538337011
0.008367054642091361
0.009970244257964441
0.011823215545503746
0.013955879451542424
0.01640061383054472
0.01919236650842885
0.022368757244935367
0.02597017856673776
0.03003989544460917
0.034624143808687384
0.039772228000018256
0.04553661710537761
0.051973040319476825
0.05914058134038573
0.06710177188828503
0.07592268442909628
0.08567302413550892
0.0964262201940112
0.10825951652048171
0.1212540618281149
0.1354949992497502
0.15107155540339193
0.16807712897675825
0.1866093788132339
0.20677031144064134
0.22866636812512292
0.2524085112542703
0.2781123100563273
0.30589802568351926
0.3358906953654622
0.368220215781849
0.40302142539983704
0.4404341857731592
0.4806034617363051
0.5236794003278221
0.569817408476
0.619178229365144
0.6719279655770426
0.7282384118066951
0.7882866089152211
0.8522554329746864
0.9203334057788258
0.9927148150000147
1.0695997814324851
1.151194325228047
1.2377104313100011
1.3293661140403357
1.4263854815045054
1.5289987994178886
1.637442555085988
1.7519595214428276
1.8727988215385472
2.000215993686329
2.134473057357654
2.2758385801880716
2.424587746120796
2.5810024248280037
2.7453712423822876
2.9179896532989082
3.099160013577098