0.
0.
0.
0.
0.
0.
0.
0.
0.
0.
0.
0.
0.
0.
0.
0.
0.
0.
0.
0.
0.
0.
1.241215383580249e-13
-1.7377015370123486e-12
-9.929723068641993e-13
1.365336921938274e-12
1.0426209222074092e-11
2.755498151548153e-11
8.415440300674088e-11
1.889129813809139e-10
4.629733380754329e-10
1.0297122822181745e-9
2.1945929197082382e-9
4.500522859323625e-9
8.874317627983706e-9
1.6881149824383176e-8
3.1060173758712154e-8
5.5461971713746415e-8
9.631533484890674e-8
1.6297642060408267e-7
2.692438203985358e-7
4.3495476261418415e-7
6.881746165322374e-7
1.067836957454072e-6
1.6271154524122664e-6
2.4374802761656775e-6
3.5936200266814924e-6
5.219335139898004e-6
7.474453941841919e-6
0.000010562879820324729
0.00001474193683205183
0.0000203330113868352
0.000027733613509840248
0.000037430936499043745
0.00005001703103154117
0.00006620550559241125
0.00008685002852770973
0.00011296442704517575
0.00014574465486469804
0.00018659237406938768
0.0002371404715149475
0.0002992802215871264
0.00037519031214758585
0.0004673675240269006
0.0005786591920339991
0.0007122973332902289
0.0008719343840544381
0.0010616806344065787
0.0012861430317436362
0.0015504656738179392
0.0018603716100164824
0.002222206040248773
0.0026429808830193643
0.0031304204843014515
0.003693008644953567
0.004340036709499551
0.005081652738986041
0.005928911716655271
0.006893826696445096
0.007989420912189701
0.009229780734446313
0.010630109426540487
0.012206781757174138
0.013977399336662132
0.015960846662647594
0.018177347945176357
0.02064852453487797
0.023397453116852467
0.026448724521937667
0.029828503205502118
0.033564587387061105
0.03768646994008324
0.04222539984034395
0.04721444445135468
0.05268855242469011
0.05868461738228115
0.06524154241182807
0.07240030531327311
0.08020402467490138
0.08869802691610039
0.09792991413616477
0.10794963296749255
0.11880954448654513
0.13056449509221055
0.14327188855140569
0.1569917591615241
0.17178684614056997
0.1877226692551561
0.2048676058053987
0.22329296892065958
0.24307308735542146
0.2642853866888535
0.2870104721653879
0.31133221306981096
0.33733782879512375
0.36511797671277163
0.39476684173973925
0.42638222788017105
0.460065651675857
0.495922437753379