0.
0.
0.
0.
0.
0.
0.
0.
0.
0.
0.
0.
0.
0.
0.
0.
0.
1.9859446137283985e-12
1.9859446137283985e-12
5.9578338411851955e-12
3.971889227456797e-12
8.067899993271618e-12
4.468375380888897e-12
5.833712302827171e-12
1.2288032297444466e-11
2.5693158440111156e-11
6.069543225707418e-11
1.5763435371469162e-10
3.8601798429345747e-10
9.02239462324483e-10
2.020450401391929e-9
4.310368662559131e-9
8.815732261878718e-9
1.734102012399966e-8
3.287669247258185e-8
6.029079604202702e-8
1.0722934171672787e-7
1.853464730977344e-7
3.1205532492283237e-7
5.127797118938959e-7
8.237572894991655e-7
1.295793485819348e-6
1.9987601625638647e-6
3.0272036744169435e-6
4.50707560769816e-6
6.60378020030188e-6
9.531642829129363e-6
0.000013564942056539562
0.000019050592989746237
0.00002642259540024744
0.00003621842657951802
0.000049097311905334345
0.00006586055458442047
0.00008747398377738938
0.00011509245929345334
0.00015008658688973238
0.00019407154090604105
0.00024893803271283025
0.0003168854666771211
0.00040045710851094026
0.0005025773441988259
0.0006265909273523777
0.0007763041161911077
0.0009560277033767499
0.0011706217355140728
0.001425541980779437
0.0017268879452137884
0.0020814523880314678
0.002496772163043539
0.0029811804784179345
0.003543860241385966
0.0041948985885577736
0.004945342373463076
0.005807254633286735
0.0067937719135323996
0.007919162309239782
0.009198884278610275
0.010649646069172356
0.012289465787268928
0.014137731889806132
0.016215264334839285
0.018544376055371296
0.021148934990580938
0.024054426424376007
0.027288015837933815
0.030878612095011495
0.034856931023576385
0.039255559464009285
0.04410901968321802
0.04945383423571262
0.05532859128939156
0.0617740104702802
0.06883300916962187
0.07655076944997956
0.08497480548295012
0.0941550317132378
0.10414383160634706
0.11499612714385964
0.12676944911395815
0.1395240081254542
0.1533227665692363
0.16823151145167126
0.18431892810542116
0.20165667499029535
0.22031945946336778
0.24038511465303103
0.2619346774618118
0.2850524677183037
0.30982616857180456
0.33634690810818574
0.364709342275492
0.3950117391696651
0.42735606032595924
0.4618480697872678
0.4985973787911039
0.5377175798793234
0.579326316761174
0.6235453821420435
0.6705008130742469
0.7203229880324811