0.
0.
0.
0.
0.
0.
0.
0.
0.
0.
0.
0.
0.
0.
0.
0.
0.
1.9859446137283985e-12
3.971889227456797e-12
5.9578338411851955e-12
3.971889227456797e-12
8.192021531629644e-12
4.840739995962971e-12
6.950806148049394e-12
1.6011678448185214e-11
3.661585381561735e-11
9.048460146300015e-11
2.338449782665189e-10
5.688490102948281e-10
1.3173018865937184e-9
2.9151184498765727e-9
6.148236281026406e-9
1.2452245092692132e-8
2.4237957524401672e-8
4.5527904391261894e-8
8.274587178945402e-8
1.458897255121786e-7
2.501417638883125e-7
4.1794204395914146e-7
6.817632425898919e-7
1.0876476238267815e-6
1.6996051614871968e-6
2.605163385504297e-6
3.921932045969229e-6
5.80569161729977e-6
8.459807544560164e-6
0.000012146379708887215
0.00001719900907243963
0.000024037516755145755
0.00003318458401637892
0.00004528447127240029
0.00006112385872325688
0.0000816548865374608
0.00010802039893870352
0.0001415815292247838
0.00018394748211012882
0.00023700760338002445
0.0003029657057020482
0.0003843765815831294
0.0004841846841092771
0.0006057648487398845
0.0007529650838357133
0.0009301512794852531
0.001142253661976397
0.0013948151455899515
0.0016940411709968123
0.002046851141719946
0.002460931282036228
0.0029447887981544365
0.0035078072418827056
0.004160303005415561
0.004913582815423459
0.005780002121189769
0.006773024348619603
0.007907280860872563
0.00919863162139929
0.010664226408574094
0.012322566616305411
0.014193567521963813
0.016298620947402958
0.018660658429499433
0.021304214634094952
0.024255491203991564
0.027542420928545773
0.03119473221289203
0.03524401391245595
0.039723780463869734
0.044669537420772065
0.05011884726850907
0.05611139575120905
0.06268905849401815
0.0698959681323726
0.07777858198330967
0.08638575009870053
0.09576878405650996
0.10598152620795426
0.11708041969619876
0.12912457907282468
0.14217586173958005
0.15629894014032117
0.17156137478109298
0.1880336881096272
0.20578943939674904
0.22490530046143858
0.2454611324752525
0.2675400638127185
0.2912285689364065
0.31661654842453874
0.34379741019475923
0.37286815185529903
0.40392944435097733
0.43708571056751
0.47244524315251446
0.5101202289484621
0.55022690124264
0.5928855986973258
0.6382208637698529
0.6863615364467123
0.7374408496811008
0.7915965266684599