 0.57058558290027E-06
 0.28437261567008E-06
 0.18060300912454E-06
 0.14447405216793E-06
 0.11408198509370E-06
 0.94713868824342E-07
 0.82916536938090E-07
 0.48918296108359E-07
 0.61732032206720E-07
 0.52533128940453E-07
 0.50607894547594E-07
 0.46004273959278E-07
 0.41207878347783E-07
 0.10781074159105E-07
 0.36927699672255E-07
 0.33338876160243E-07
 0.32475924681876E-07
 0.25133123897957E-07
 0.26368409757841E-07
 0.24893164418997E-07
 0.22741874000852E-07
 0.27972714827689E-07
 0.46209674308247E-08
 0.61348246236992E-08
 0.16323032925832E-07
 0.18523329411450E-08
 0.13707885944062E-07
 0.12027266651340E-07
 0.11000004331449E-07
 0.10141951926183E-07
 0.82290284736172E-08
 0.67412481893594E-08
 0.67061628946053E-08
 0.57258750632697E-08
 0.47058535645636E-07
 0.13163338992358E-07
 0.28052987621133E-07
 0.13750388372929E-08
 0.63550819024345E-09
 0.78301701601873E-09
-0.73610770734006E-09
-0.62692271802458E-09
-0.13896733773836E-08
-0.20720776987648E-08
-0.66795051129792E-08
-0.31332849764640E-08
-0.42733124983196E-08
-0.47091310797115E-08
-0.53796023431759E-08
-0.61615750840353E-08
-0.62849292096425E-08
-0.10662308195504E-07
-0.83098621455968E-08
 0.47192093325082E-09
-0.93268440651251E-08
-0.85146784918648E-08
-0.87057607778275E-08
-0.91127633966635E-08
-0.83282911744179E-08
-0.96134108830368E-08
-0.99859094565664E-08
-0.10823290563989E-07
-0.10285333525119E-07
-0.52340936142361E-08
-0.11216174941348E-07
-0.29902548822180E-08
-0.12045744549951E-07
-0.11257362253821E-07
-0.11663366454679E-07
-0.11916113787705E-07
-0.13831038285347E-07
-0.11997349413130E-07
-0.11716978706285E-07
-0.12274369933511E-07
-0.12723515617325E-07
-0.40739981829616E-07
 0.63247239272755E-08
-0.37067835246756E-07
-0.38039666104285E-07
 0.16832752404604E-07
-0.11943512816641E-07
-0.11638622262953E-07
-0.12817205224752E-07
-0.13549478115453E-07
-0.11677927113462E-07
-0.11676087991426E-07
-0.88294429491195E-08
-0.10705358888664E-07
-0.11107773317789E-07
-0.11230212944069E-07
-0.10581386178875E-07
-0.10906428920762E-07
-0.11239388465158E-07
-0.99422196841078E-08
-0.93762952609405E-08
-0.10304030951005E-07
-0.93826608515804E-08
-0.86712948455083E-08
-0.81201931943612E-08
-0.82367796306883E-08
-0.76403311753369E-08
-0.66794001725795E-08
-0.68640365144564E-08
-0.76135968531881E-08
-0.10320043465457E-07
-0.64773644440515E-08
-0.53557920782337E-08
-0.50161633991235E-08
-0.44670431941782E-08
-0.47848632269480E-08
-0.39107196168799E-08
-0.33423377015550E-08
-0.35012126520525E-08
-0.56456132397187E-08
-0.11402993098256E-08
-0.16861035348846E-08
-0.75045227381884E-09
-0.65324531799689E-09
-0.27094526211729E-09
 0.30000831468236E-09
